8.885785320922988395e-02
8.909155481982226898e-02
8.931167552925702025e-02
8.949667156366496179e-02
8.962843911223317139e-02
8.969408458665768802e-02
8.968718492617425153e-02
8.960841527145138596e-02
8.946548297111482639e-02
8.927237434490815915e-02
8.904798747270077641e-02
8.881428412838617004e-02
8.859414106924651255e-02
8.840911060599411508e-02
8.827730970008389189e-02
8.821164468117333179e-02
8.821854607538359705e-02
8.829733807981467175e-02
8.844030480900308411e-02
8.863344679254989145e-02
8.885785320923367259e-02
8.909155481982433678e-02
8.931167552925339814e-02
8.949667156366677978e-02
8.962843911223360160e-02
8.969408458665768802e-02
8.968718492617425153e-02
8.960841527145138596e-02
8.946548297111482639e-02
8.927237434490815915e-02
8.904798747269775105e-02
8.881428412838347775e-02
8.859414106925853072e-02
8.840911060600428750e-02
8.827730970007879874e-02
8.821164468116202140e-02
8.821854607537892023e-02
8.829733807980102989e-02
8.844030480898878999e-02
8.863344679254007985e-02
8.885785320923403341e-02
8.909155481982164448e-02
8.931167552925661779e-02
8.949667156366500342e-02
8.962843911223251914e-02
8.969408458665451001e-02
8.968718492617372418e-02
8.960841527144249030e-02
8.946548297111081571e-02
8.927237434491518131e-02
8.904798747270230297e-02
8.881428412838961173e-02
8.859414106925624088e-02
8.840911060599786209e-02
8.827730970007430233e-02
8.821164468116186874e-02
8.821854607536790127e-02
8.829733807981238192e-02
8.844030480901060587e-02
8.863344679255041880e-02
8.885785320923485220e-02
8.909155481981395619e-02
8.931167552925163566e-02
8.949667156367294152e-02
8.962843911223541959e-02
8.969408458666386363e-02
8.968718492618547866e-02
8.960841527145173291e-02
8.946548297111189818e-02
8.927237434491565315e-02
8.904798747270853410e-02
8.881428412840348952e-02
8.859414106926791210e-02
8.840911060600009641e-02
8.827730970006764100e-02
8.821164468116601820e-02
8.821854607537386872e-02
8.829733807980023885e-02
8.844030480898862345e-02
8.863344679254039904e-02
8.885785320923031416e-02
8.909155481982086733e-02
8.931167552925661779e-02
8.949667156366500342e-02
8.962843911223251914e-02
8.969408458665723005e-02
8.968718492617701321e-02
8.960841527144960961e-02
8.946548297111422965e-02
8.927237434491286372e-02
8.904798747269489223e-02
8.881428412838679454e-02
8.859414106926273569e-02
8.840911060600198379e-02
8.827730970008432210e-02
8.821164468116948765e-02
8.821854607538591464e-02
8.829733807981826610e-02
8.844030480900090530e-02
8.863344679254725467e-02
