8.875762525172385675e-02
9.201019812091920658e-02
9.496122123813513505e-02
9.732263704451661612e-02
9.886435415567979001e-02
9.943636581594333945e-02
9.898308795470053822e-02
9.754864462891384147e-02
9.527264247593963953e-02
9.237681230218290629e-02
8.914370876905677865e-02
8.588939936590367363e-02
8.293268333788894608e-02
8.056379273916272621e-02
7.901567407038634361e-02
7.844077926774783993e-02
7.889579366645307901e-02
8.033592990948751345e-02
8.261940685538085583e-02
8.552163858058568768e-02
8.875762525172758988e-02
9.201019812091956740e-02
9.496122123813752203e-02
9.732263704450475061e-02
9.886435415567178253e-02
9.943636581596448920e-02
9.898308795472113286e-02
9.754864462896016553e-02
9.527264247594685598e-02
9.237681230218547368e-02
8.914370876905552965e-02
8.588939936590274382e-02
8.293268333790229652e-02
8.056379273915861838e-02
7.901567407036788615e-02
7.844077926773307397e-02
7.889579366643996450e-02
8.033592990947169277e-02
8.261940685538525508e-02
8.552163858059615154e-02
8.875762525172674333e-02
9.201019812092339767e-02
9.496122123815740890e-02
9.732263704450870578e-02
9.886435415566920126e-02
9.943636581596156099e-02
9.898308795471086330e-02
9.754864462895078414e-02
9.527264247592995283e-02
9.237681230218550144e-02
8.914370876906986541e-02
8.588939936590277158e-02
8.293268333789499680e-02
8.056379273915302563e-02
7.901567407039199187e-02
7.844077926771290954e-02
7.889579366644891567e-02
8.033592990949275925e-02
8.261940685539785612e-02
8.552163858059486090e-02
8.875762525172892214e-02
9.201019812092538219e-02
9.496122123813910409e-02
9.732263704450687392e-02
9.886435415566885432e-02
9.943636581594555990e-02
9.898308795470932286e-02
9.754864462894331789e-02
9.527264247594283142e-02
9.237681230217675843e-02
8.914370876907064256e-02
8.588939936591438729e-02
8.293268333791518898e-02
8.056379273918151673e-02
7.901567407037017599e-02
7.844077926771267362e-02
7.889579366644448866e-02
8.033592990949352253e-02
8.261940685540307416e-02
8.552163858060615742e-02
8.875762525173565287e-02
9.201019812092307848e-02
9.496122123814712546e-02
9.732263704449646557e-02
9.886435415565669738e-02
9.943636581594532398e-02
9.898308795471899568e-02
9.754864462893980681e-02
9.527264247593755786e-02
9.237681230217627271e-02
8.914370876906765884e-02
8.588939936590073154e-02
8.293268333789534374e-02
8.056379273914067440e-02
7.901567407037450586e-02
7.844077926772707876e-02
7.889579366643038882e-02
8.033592990947825696e-02
8.261940685539058415e-02
8.552163858060765622e-02
