9.135515203650687588e-02
9.777652229295197284e-02
1.033256996402921457e-01
1.074637660253848492e-01
1.097903294595715118e-01
1.100809408356214214e-01
1.083078158601888386e-01
1.046423037700930647e-01
9.943895528593600652e-02
9.320243298289507261e-02
8.653989320543874209e-02
8.010282410542142462e-02
7.452354494869688206e-02
7.035247159300123121e-02
6.800260359228386953e-02
6.770729168448605395e-02
6.949611563045729468e-02
7.319172965672514353e-02
7.842808506280612990e-02
8.468791177555708150e-02
9.135515203649853533e-02
9.777652229295721864e-02
1.033256996402971140e-01
1.074637660253800198e-01
1.097903294595685975e-01
1.100809408356245578e-01
1.083078158601957636e-01
1.046423037700903724e-01
9.943895528593413302e-02
9.320243298290729894e-02
8.653989320543226116e-02
8.010282410543512199e-02
7.452354494868658474e-02
7.035247159299241881e-02
6.800260359227079665e-02
6.770729168447889301e-02
6.949611563045970941e-02
7.319172965672555986e-02
7.842808506281917502e-02
8.468791177556629635e-02
9.135515203651586869e-02
9.777652229298190723e-02
1.033256996402908828e-01
1.074637660253854737e-01
1.097903294595677787e-01
1.100809408356246688e-01
1.083078158601998853e-01
1.046423037700949243e-01
9.943895528595270150e-02
9.320243298290968592e-02
8.653989320543789554e-02
8.010282410543603793e-02
7.452354494868658474e-02
7.035247159299241881e-02
6.800260359227079665e-02
6.770729168447889301e-02
6.949611563045940410e-02
7.319172965673058362e-02
7.842808506280735115e-02
8.468791177555774763e-02
9.135515203650917959e-02
9.777652229297420505e-02
1.033256996402975997e-01
1.074637660253817267e-01
1.097903294595658635e-01
1.100809408356361596e-01
1.083078158601804564e-01
1.046423037700907471e-01
9.943895528592724964e-02
9.320243298289038192e-02
8.653989320543778452e-02
8.010282410542950149e-02
7.452354494869996293e-02
7.035247159301685760e-02
6.800260359227942863e-02
6.770729168447470192e-02
6.949611563045243745e-02
7.319172965672740561e-02
7.842808506282646086e-02
8.468791177556432570e-02
9.135515203650489136e-02
9.777652229294823971e-02
1.033256996402884681e-01
1.074637660253783128e-01
1.097903294595673485e-01
1.100809408356195618e-01
1.083078158601851609e-01
1.046423037700937447e-01
9.943895528596582989e-02
9.320243298291734646e-02
8.653989320544741570e-02
8.010282410543421994e-02
7.452354494869468937e-02
7.035247159300705988e-02
6.800260359228511853e-02
6.770729168447342516e-02
6.949611563045661466e-02
7.319172965673652331e-02
7.842808506282407388e-02
8.468791177555158589e-02
