8.914771406689125932e-02
8.939836181867986953e-02
8.960539670080668040e-02
8.974856086003152322e-02
8.981384799719024925e-02
8.979487149630993592e-02
8.969348800910829922e-02
8.951961605675184952e-02
8.929026727444630551e-02
8.902788431158778493e-02
8.875814689440793270e-02
8.850745969962572901e-02
8.830036733819612849e-02
8.815714961840617758e-02
8.809183329788930483e-02
8.811081613951821101e-02
8.821223906965305894e-02
8.838616850134697889e-02
8.861557084417311103e-02
8.887798299042393158e-02
8.914771406688801192e-02
8.939836181867984177e-02
8.960539670080668040e-02
8.974856086003152322e-02
8.981384799719024925e-02
8.979487149630993592e-02
8.969348800910828534e-02
8.951961605675184952e-02
8.929026727444630551e-02
8.902788431158778493e-02
8.875814689440793270e-02
8.850745969962572901e-02
8.830036733819612849e-02
8.815714961840617758e-02
8.809183329788930483e-02
8.811081613951821101e-02
8.821223906965305894e-02
8.838616850134697889e-02
8.861557084417311103e-02
8.887798299042393158e-02
8.914771406688801192e-02
8.939836181867984177e-02
8.960539670080668040e-02
8.974856086003152322e-02
8.981384799719024925e-02
8.979487149630993592e-02
8.969348800910828534e-02
8.951961605675184952e-02
8.929026727444630551e-02
8.902788431157723781e-02
8.875814689438317473e-02
8.850745969960459314e-02
8.830036733820732786e-02
8.815714961842958941e-02
8.809183329789573025e-02
8.811081613949989233e-02
8.821223906965254546e-02
8.838616850134703440e-02
8.861557084417311103e-02
8.887798299042393158e-02
8.914771406688801192e-02
8.939836181867984177e-02
8.960539670080668040e-02
8.974856086003152322e-02
8.981384799719024925e-02
8.979487149630993592e-02
8.969348800910828534e-02
8.951961605675184952e-02
8.929026727444630551e-02
8.902788431157607207e-02
8.875814689439116834e-02
8.850745969961724968e-02
8.830036733820523231e-02
8.815714961842956165e-02
8.809183329789573025e-02
8.811081613949989233e-02
8.821223906965254546e-02
8.838616850134703440e-02
8.861557084417311103e-02
8.887798299042393158e-02
8.914771406688801192e-02
8.939836181867984177e-02
8.960539670080668040e-02
8.974856086003152322e-02
8.981384799719024925e-02
8.979487149630993592e-02
8.969348800910828534e-02
8.951961605675184952e-02
8.929026727444630551e-02
8.902788431157607207e-02
8.875814689439116834e-02
8.850745969961724968e-02
8.830036733820523231e-02
8.815714961842956165e-02
8.809183329789573025e-02
8.811081613949989233e-02
8.821223906965254546e-02
8.838616850134703440e-02
8.861557084417311103e-02
8.887798299042393158e-02
