9.541969868905732233e-02
1.038759289480663123e-01
1.108753669708320427e-01
1.157406412529873724e-01
1.180027986620460489e-01
1.174444421962955176e-01
1.141194831199535409e-01
1.083481458708714096e-01
1.006876088017433779e-01
9.188040990968954214e-02
8.278455737066575670e-02
7.429112178425052726e-02
6.723676234475441105e-02
6.231982856444764907e-02
6.002900590769796180e-02
6.059264073166453768e-02
6.395480558594472675e-02
6.978106446482988667e-02
7.749326071324005860e-02
8.632912444284314424e-02
9.541969868904419394e-02
1.038759289480708919e-01
1.108753669708350403e-01
1.157406412530028600e-01
1.180027986620591496e-01
1.174444421963014434e-01
1.141194831199653925e-01
1.083481458708682593e-01
1.006876088017380350e-01
9.188040990968802946e-02
8.278455737065805453e-02
7.429112178425703594e-02
6.723676234474044999e-02
6.231982856445787006e-02
6.002900590768925349e-02
6.059264073163038444e-02
6.395480558592329945e-02
6.978106446482501557e-02
7.749326071324627585e-02
8.632912444283168119e-02
9.541969868903377172e-02
1.038759289480592485e-01
1.108753669708236050e-01
1.157406412529812106e-01
1.180027986620645064e-01
1.174444421962972523e-01
1.141194831199524723e-01
1.083481458708649425e-01
1.006876088017202020e-01
9.188040990969502386e-02
8.278455737066731102e-02
7.429112178424956969e-02
6.723676234475127467e-02
6.231982856445979213e-02
6.002900590770102185e-02
6.059264073166066578e-02
6.395480558593671927e-02
6.978106446482758296e-02
7.749326071324358356e-02
8.632912444284285280e-02
9.541969868905043894e-02
1.038759289480704201e-01
1.108753669708384820e-01
1.157406412529702749e-01
1.180027986620600378e-01
1.174444421962978768e-01
1.141194831199527082e-01
1.083481458708693279e-01
1.006876088017469584e-01
9.188040990969405242e-02
8.278455737067355602e-02
7.429112178425456570e-02
6.723676234475159386e-02
6.231982856444914093e-02
6.002900590771161060e-02
6.059264073164867537e-02
6.395480558591862263e-02
6.978106446482430780e-02
7.749326071325031429e-02
8.632912444282306308e-02
9.541969868904257024e-02
1.038759289480671449e-01
1.108753669708310435e-01
1.157406412529883855e-01
1.180027986620465902e-01
1.174444421962981544e-01
1.141194831199509457e-01
1.083481458708708545e-01
1.006876088017447934e-01
9.188040990969054134e-02
8.278455737067402787e-02
7.429112178426003354e-02
6.723676234476061442e-02
6.231982856445154872e-02
6.002900590770481742e-02
6.059264073165635672e-02
6.395480558592049614e-02
6.978106446480820957e-02
7.749326071324678933e-02
8.632912444283574738e-02
