9.972680520047892683e-02
1.099904933645923233e-01
1.181776088417525461e-01
1.235021717098223892e-01
1.254557445655787862e-01
1.238523858575150821e-01
1.188448624543743670e-01
1.109112687269423192e-01
1.008127807578290264e-01
8.952499042904775439e-02
7.814734711935061862e-02
6.779768105013597723e-02
5.950127060248552868e-02
5.408584255292907261e-02
5.209454279963640633e-02
5.372772406645997395e-02
5.882122767848117773e-02
6.686411659564313326e-02
7.705346757804314162e-02
8.837898324499972313e-02
9.972680520048754493e-02
1.099904933645880212e-01
1.181776088417391124e-01
1.235021717098231803e-01
1.254557445655762327e-01
1.238523858575224373e-01
1.188448624543790993e-01
1.109112687269340480e-01
1.008127807578221846e-01
8.952499042903581949e-02
7.814734711936489886e-02
6.779768105010204604e-02
5.950127060249797012e-02
5.408584255290358606e-02
5.209454279961638762e-02
5.372772406645910659e-02
5.882122767847565437e-02
6.686411659564557575e-02
7.705346757803717417e-02
8.837898324501552993e-02
9.972680520047909336e-02
1.099904933645908106e-01
1.181776088417534898e-01
1.235021717097935373e-01
1.254557445655700432e-01
1.238523858575095726e-01
1.188448624543646109e-01
1.109112687269355607e-01
1.008127807578244051e-01
8.952499042905941173e-02
7.814734711938382816e-02
6.779768105012970447e-02
5.950127060247924204e-02
5.408584255289681370e-02
5.209454279961787254e-02
5.372772406643864379e-02
5.882122767849688738e-02
6.686411659565420773e-02
7.705346757805209279e-02
8.837898324500964575e-02
9.972680520047921826e-02
1.099904933645920180e-01
1.181776088417471615e-01
1.235021717098126331e-01
1.254557445655802295e-01
1.238523858575078657e-01
1.188448624543633064e-01
1.109112687269200037e-01
1.008127807578373808e-01
8.952499042905175120e-02
7.814734711937808276e-02
6.779768105013597723e-02
5.950127060251273609e-02
5.408584255292721299e-02
5.209454279963224299e-02
5.372772406645776738e-02
5.882122767847672296e-02
6.686411659564231447e-02
7.705346757803074875e-02
8.837898324499880720e-02
9.972680520048096686e-02
1.099904933645947380e-01
1.181776088417385850e-01
1.235021717097886385e-01
1.254557445655826442e-01
1.238523858575199116e-01
1.188448624543919641e-01
1.109112687269285663e-01
1.008127807578149820e-01
8.952499042905889826e-02
7.814734711936247025e-02
6.779768105014705171e-02
5.950127060249265493e-02
5.408584255292456927e-02
5.209454279963224299e-02
5.372772406644339693e-02
5.882122767847530742e-02
6.686411659563891441e-02
7.705346757804107383e-02
8.837898324501142211e-02
