8.503976837304823289e-02
8.604804198451337927e-02
8.733761891740665639e-02
8.878216854769695188e-02
9.024042425408843049e-02
9.156995913321779035e-02
9.264100628033247742e-02
9.334901711934578961e-02
9.362478333186588508e-02
9.344117419254335810e-02
9.281584405677370531e-02
9.180962539641622511e-02
9.052071861044189149e-02
8.907519220801547732e-02
8.761468007350597942e-02
8.628246545486104035e-02
8.520933357374815831e-02
8.450062431787751238e-02
8.422580804349881489e-02
8.441164813826328162e-02
8.503963383304961876e-02
8.604791427578595275e-02
8.733749769529183804e-02
8.878205348409975994e-02
9.024031503663475229e-02
9.156985546454231295e-02
9.264090787748059663e-02
9.334892371323871840e-02
9.362469466683846775e-02
9.344109002588418811e-02
9.281576415828085569e-02
9.180954954793371647e-02
9.052064660536617013e-02
8.907512385077269446e-02
8.761461517899224449e-02
8.628240384786042827e-02
8.520927508834555408e-02
8.450056879685896583e-02
8.422575533776638368e-02
8.441159810629433879e-02
8.503958634038344400e-02
8.604786919456110239e-02
8.733745490384359211e-02
8.878201286661041580e-02
9.024027648283783343e-02
9.156981886946784222e-02
9.264087314124491712e-02
9.334889074085658822e-02
9.362466336806159195e-02
9.344106031503353338e-02
9.281573595409689514e-02
9.180952277340509449e-02
9.052062118756275255e-02
8.907509972065279225e-02
8.761459227121641546e-02
8.628238210057898039e-02
8.520925444298978191e-02
8.450054919793048569e-02
8.422573673263607230e-02
8.441158044500386703e-02
8.503956957546900119e-02
8.604785328088568330e-02
8.733743979845953742e-02
8.878199852863447039e-02
9.024026287334456498e-02
9.156980595140511159e-02
9.264086087935143043e-02
9.334887910160490077e-02
9.362465231959073153e-02
9.344104982709855456e-02
9.281572599801389545e-02
9.180951332199013826e-02
9.052061221507114175e-02
8.907509120271492331e-02
8.761458418476510135e-02
8.628237442378179634e-02
8.520924715517480541e-02
8.450054227950484775e-02
8.422573016502173104e-02
8.441157421056640076e-02
8.503956365745070356e-02
8.604784766335540902e-02
8.733743446625645557e-02
8.878199346732562613e-02
9.024025806918919979e-02
9.156980139132112062e-02
9.264085655089479565e-02
9.334887499294070023e-02
9.362464841947379379e-02
9.344104612485366890e-02
9.281572248351284415e-02
9.180950998563680576e-02
9.052060904777795014e-02
8.907508819588033644e-02
8.761458133024595252e-02
8.628237171387038995e-02
8.520924458257214673e-02
8.450053983729763352e-02
8.422572784664995871e-02
8.441157200980389796e-02
