1.003832286810700664e-01
1.127605727328802321e-01
1.227806640984730330e-01
1.294840071565887263e-01
1.322330482910830662e-01
1.307675710293652038e-01
1.252268365153716978e-01
1.161375255641196730e-01
1.043680830439645824e-01
9.105175494067736797e-02
7.748284552549836168e-02
6.499360908443621576e-02
5.482239405967735679e-02
4.798641959205109803e-02
4.517390176560006493e-02
4.666930467189767118e-02
5.232193584888818888e-02
6.156237162249983408e-02
7.346444199735306657e-02
8.684424343233630716e-02
1.003832286810218272e-01
1.127605727328755830e-01
1.227806640984415859e-01
1.294840071565927508e-01
1.322330482910727689e-01
1.307675710293927374e-01
1.252268365153663410e-01
1.161375255641296095e-01
1.043680830439605856e-01
9.105175494068321052e-02
7.748284552548938275e-02
6.499360908446150109e-02
5.482239405964109413e-02
4.798641959203663737e-02
4.517390176561476844e-02
4.666930467189567278e-02
5.232193584886728199e-02
6.156237162251885359e-02
7.346444199734514235e-02
8.684424343230806587e-02
1.003832286810508734e-01
1.127605727328639951e-01
1.227806640984557690e-01
1.294840071565978856e-01
1.322330482910852589e-01
1.307675710293864368e-01
1.252268365153898777e-01
1.161375255641174525e-01
1.043680830439541185e-01
9.105175494070527620e-02
7.748284552548598270e-02
6.499360908442469720e-02
5.482239405967400531e-02
4.798641959203875373e-02
4.517390176561476844e-02
4.666930467189833731e-02
5.232193584889104770e-02
6.156237162254189765e-02
7.346444199734518399e-02
8.684424343233178301e-02
1.003832286810346364e-01
1.127605727328803570e-01
1.227806640984564629e-01
1.294840071565929451e-01
1.322330482910730742e-01
1.307675710293710325e-01
1.252268365153892116e-01
1.161375255641161064e-01
1.043680830439477347e-01
9.105175494072557940e-02
7.748284552547286819e-02
6.499360908443516105e-02
5.482239405967823109e-02
4.798641959202869234e-02
4.517390176561161819e-02
4.666930467188407095e-02
5.232193584885669324e-02
6.156237162252294060e-02
7.346444199731440305e-02
8.684424343231897381e-02
1.003832286810583396e-01
1.127605727328755414e-01
1.227806640984715481e-01
1.294840071566067674e-01
1.322330482910794858e-01
1.307675710293750848e-01
1.252268365154040608e-01
1.161375255641125676e-01
1.043680830439726037e-01
9.105175494070667785e-02
7.748284552547003712e-02
6.499360908443241325e-02
5.482239405968632184e-02
4.798641959203208546e-02
4.517390176561032061e-02
4.666930467188892817e-02
5.232193584884317628e-02
6.156237162250538519e-02
7.346444199732678204e-02
8.684424343230681687e-02
