8.875591183001246831e-02
8.881764925854607196e-02
8.889262629780785019e-02
8.897350358965119832e-02
8.905236465932261924e-02
8.912149069837119186e-02
8.917411588235842068e-02
8.920508938424157042e-02
8.921137938504386522e-02
8.919236981764182282e-02
8.914992080844952316e-02
8.908818684831371071e-02
8.901321039468665375e-02
8.893233058202298924e-02
8.885346484794479083e-02
8.878433378255200237e-02
8.873170513016689909e-02
8.870073104264276920e-02
8.869444356265850093e-02
8.871345779446530855e-02
8.875591183000551554e-02
8.881764925854043757e-02
8.889262629780246561e-02
8.897350358964739581e-02
8.905236465931819223e-02
8.912149069836620974e-02
8.917411588235320263e-02
8.920508938423571399e-02
8.921137938503920228e-02
8.919236981763876970e-02
8.914992080844566513e-02
8.908818684830926982e-02
8.901321039468296226e-02
8.893233058202101859e-02
8.885346484794390265e-02
8.878433378255069786e-02
8.873170513016426231e-02
8.870073104264253328e-02
8.869444356265755725e-02
8.871345779446568325e-02
8.875591183000583473e-02
8.881764925853856407e-02
8.889262629779830227e-02
8.897350358964110917e-02
8.905236465931068435e-02
8.912149069835895165e-02
8.917411588234752662e-02
8.920508938422984369e-02
8.921137938503256870e-02
8.919236981763378758e-02
8.914992080844137690e-02
8.908818684830495382e-02
8.901321039467825769e-02
8.893233058201679975e-02
8.885346484794202915e-02
8.878433378254697861e-02
8.873170513016337413e-02
8.870073104264201980e-02
8.869444356265751561e-02
8.871345779446494773e-02
8.875591183000511308e-02
8.881764925854007675e-02
8.889262629779992597e-02
8.897350358964253858e-02
8.905236465931536116e-02
8.912149069836121373e-02
8.917411588234970543e-02
8.920508938423352130e-02
8.921137938503510834e-02
8.919236981763291328e-02
8.914992080844325040e-02
8.908818684830728529e-02
8.901321039468179652e-02
8.893233058201889529e-02
8.885346484794327815e-02
8.878433378254779740e-02
8.873170513016161165e-02
8.870073104264086794e-02
8.869444356265791807e-02
8.871345779446561386e-02
8.875591183001023399e-02
8.881764925854453152e-02
8.889262629780508851e-02
8.897350358965092076e-02
8.905236465932117595e-02
8.912149069836851345e-02
8.917411588235610309e-02
8.920508938423844791e-02
8.921137938503821696e-02
8.919236981763370431e-02
8.914992080844194589e-02
8.908818684830518975e-02
8.901321039468111651e-02
8.893233058201806263e-02
8.885346484794272304e-02
8.878433378254937947e-02
8.873170513016540029e-02
8.870073104264142305e-02
8.869444356265725193e-02
8.871345779446357382e-02
