1.000589767629588844e-01
1.102912374093284464e-01
1.184179439429743214e-01
1.236591379793598594e-01
1.255144341180398360e-01
1.238072273470103846e-01
1.187000984729182640e-01
1.106806042921594097e-01
1.005182139615684311e-01
8.919487616547421005e-02
7.781380213983336847e-02
6.749351503969194810e-02
5.925671305349581447e-02
5.392540723839174543e-02
5.203440377432874686e-02
5.377394741269953676e-02
5.896910508612469154e-02
6.709869481613807418e-02
7.735119463970420439e-02
8.871023825177759559e-02
1.000589767629548321e-01
1.102912374093220488e-01
1.184179439429743214e-01
1.236591379793598594e-01
1.255144341180398360e-01
1.238072273470103846e-01
1.187000984729146419e-01
1.106806042921546218e-01
1.005182139615680842e-01
8.919487616547421005e-02
7.781380213983757343e-02
6.749351503969518162e-02
5.925671305349581447e-02
5.392540723839858025e-02
5.203440377432874686e-02
5.377394741270376949e-02
5.896910508613031898e-02
6.709869481614147424e-02
7.735119463970430154e-02
8.871023825177205835e-02
1.000589767629588844e-01
1.102912374093284464e-01
1.184179439429743214e-01
1.236591379793598594e-01
1.255144341180398360e-01
1.238072273470103846e-01
1.187000984729146419e-01
1.106806042921437416e-01
1.005182139615680564e-01
8.919487616547687459e-02
7.781380213983336847e-02
6.749351503969194810e-02
5.925671305350104640e-02
5.392540723839858025e-02
5.203440377432874686e-02
5.377394741269953676e-02
5.896910508612469154e-02
6.709869481613556230e-02
7.735119463970420439e-02
8.871023825179086275e-02
1.000589767629631449e-01
1.102912374093239778e-01
1.184179439429743214e-01
1.236591379793598594e-01
1.255144341180398360e-01
1.238072273470103846e-01
1.187000984729146419e-01
1.106806042921546218e-01
1.005182139615591469e-01
8.919487616548350817e-02
7.781380213983497829e-02
6.749351503969518162e-02
5.925671305349581447e-02
5.392540723839174543e-02
5.203440377432874686e-02
5.377394741269952289e-02
5.896910508613018714e-02
6.709869481613969788e-02
7.735119463970216436e-02
8.871023825177992705e-02
1.000589767629588844e-01
1.102912374093284464e-01
1.184179439429743214e-01
1.236591379793598594e-01
1.255144341180398360e-01
1.238072273470103846e-01
1.187000984729146419e-01
1.106806042921437416e-01
1.005182139615684311e-01
8.919487616547687459e-02
7.781380213983336847e-02
6.749351503969194810e-02
5.925671305349581447e-02
5.392540723839174543e-02
5.203440377432874686e-02
5.377394741269953676e-02
5.896910508612469154e-02
6.709869481614057218e-02
7.735119463971461273e-02
8.871023825177759559e-02
