8.592797945808787474e-02
8.794785010671476999e-02
9.008031273885926116e-02
9.211671360175978374e-02
9.385798584322704863e-02
9.513403233246849056e-02
9.582024211242684553e-02
9.584957475630870305e-02
9.521907293041395604e-02
9.399018465602027028e-02
9.228285128005704607e-02
9.026390067895447011e-02
8.813083078337950738e-02
8.609252729980532148e-02
8.434878381661892188e-02
8.307064139507513989e-02
8.238351156746079318e-02
8.235478618756224278e-02
8.298719063460566203e-02
8.421855015045943971e-02
8.592797945808647309e-02
8.794785010671309078e-02
9.008031273885828971e-02
9.211671360176196255e-02
9.385798584323196136e-02
9.513403233247101631e-02
9.582024211242901046e-02
9.584957475631081247e-02
9.521907293041478870e-02
9.399018465601807759e-02
9.228285128005829507e-02
9.026390067895712077e-02
8.813083078338207477e-02
8.609252729980328145e-02
8.434878381661438385e-02
8.307064139507092104e-02
8.238351156745697679e-02
8.235478618755938396e-02
8.298719063460331669e-02
8.421855015045713599e-02
8.592797945807988114e-02
8.794785010671334058e-02
9.008031273885840073e-02
9.211671360176415524e-02
9.385798584323254423e-02
9.513403233246894852e-02
9.582024211243031497e-02
9.584957475631500357e-02
9.521907293041605158e-02
9.399018465602218542e-02
9.228285128005812854e-02
9.026390067895562197e-02
8.813083078337950738e-02
8.609252729980589047e-02
8.434878381661650715e-02
8.307064139507243372e-02
8.238351156745812864e-02
8.235478618755973090e-02
8.298719063460344159e-02
8.421855015045666415e-02
8.592797945807982563e-02
8.794785010671112013e-02
9.008031273885876156e-02
9.211671360175936740e-02
9.385798584322974092e-02
9.513403233247097468e-02
9.582024211243221623e-02
9.584957475631704360e-02
9.521907293041967368e-02
9.399018465602668182e-02
9.228285128006694094e-02
9.026390067896439273e-02
8.813083078338665444e-02
8.609252729980755581e-02
8.434878381661668756e-02
8.307064139507341904e-02
8.238351156745879478e-02
8.235478618756142399e-02
8.298719063460406609e-02
8.421855015045692783e-02
8.592797945808029747e-02
8.794785010670824743e-02
9.008031273885358514e-02
9.211671360175488488e-02
9.385798584322585514e-02
9.513403233246374435e-02
9.582024211242164136e-02
9.584957475630867529e-02
9.521907293041190212e-02
9.399018465602004824e-02
9.228285128006014082e-02
9.026390067895792568e-02
8.813083078338306009e-02
8.609252729980887420e-02
8.434878381661882474e-02
8.307064139507419620e-02
8.238351156745886417e-02
8.235478618756079949e-02
8.298719063460358036e-02
8.421855015045587312e-02
