9.234245814762058469e-02
9.560491807634588501e-02
9.821448195778255397e-02
9.991725894680143771e-02
1.005478621790412280e-01
1.000451061212613846e-01
9.845778970467503055e-02
9.594007705424373311e-02
9.273686843674418256e-02
8.916041866120973103e-02
8.556026718520338969e-02
8.228923388109159187e-02
7.966872701981188298e-02
7.795681729159058271e-02
7.732237996754778853e-02
7.782806508153101988e-02
7.942395489659458130e-02
8.195261052938354607e-02
8.516495186455040611e-02
8.874523571609593819e-02
9.234245814762057081e-02
9.560491807634975692e-02
9.821448195777975065e-02
9.991725894680104914e-02
1.005478621790371063e-01
1.000451061212613846e-01
9.845778970467121416e-02
9.594007705423954202e-02
9.273686843675185698e-02
8.916041866121066084e-02
8.556026718521810015e-02
8.228923388109088410e-02
7.966872701980531879e-02
7.795681729159342765e-02
7.732237996754778853e-02
7.782806508153244929e-02
7.942395489659444252e-02
8.195261052938349056e-02
8.516495186454871302e-02
8.874523571610434813e-02
9.234245814761934956e-02
9.560491807634441397e-02
9.821448195778199886e-02
9.991725894680104914e-02
1.005478621790371063e-01
1.000451061212616066e-01
9.845778970467367053e-02
9.594007705423933385e-02
9.273686843675647828e-02
8.916041866121102166e-02
8.556026718521975161e-02
8.228923388109907200e-02
7.966872701981299321e-02
7.795681729158954187e-02
7.732237996754778853e-02
7.782806508153244929e-02
7.942395489660225572e-02
8.195261052938375423e-02
8.516495186454521582e-02
8.874523571609709005e-02
9.234245814761889160e-02
9.560491807635103367e-02
9.821448195777592038e-02
9.991725894680342224e-02
1.005478621790441424e-01
1.000451061212618703e-01
9.845778970467622404e-02
9.594007705424391352e-02
9.273686843675674196e-02
8.916041866121843240e-02
8.556026718521494989e-02
8.228923388110007120e-02
7.966872701981360383e-02
7.795681729158684958e-02
7.732237996754778853e-02
7.782806508153243541e-02
7.942395489659828667e-02
8.195261052938318524e-02
8.516495186454202393e-02
8.874523571609664596e-02
9.234245814761600502e-02
9.560491807634853567e-02
9.821448195776684431e-02
9.991725894680317244e-02
1.005478621790441424e-01
1.000451061212618703e-01
9.845778970466982638e-02
9.594007705424391352e-02
9.273686843676419433e-02
8.916041866122259574e-02
8.556026718521513030e-02
8.228923388109665726e-02
7.966872701980771965e-02
7.795681729158686346e-02
7.732237996754778853e-02
7.782806508152594061e-02
7.942395489659198615e-02
8.195261052938693225e-02
8.516495186454525745e-02
8.874523571610397343e-02
