9.513602788933760157e-02
1.014733656403058459e-01
1.065945585188800560e-01
1.100031028395231369e-01
1.113694864229999582e-01
1.105618718887613761e-01
1.076582764944017806e-01
1.029393286720151901e-01
9.686216245194263774e-02
9.001749156906965754e-02
8.307337581647410152e-02
7.671057713017512270e-02
7.155554017189517946e-02
6.811769589480588805e-02
6.673774814493418917e-02
6.755271542278554198e-02
7.048177193630551784e-02
7.523456387935152645e-02
8.134102989734823264e-02
8.819926480767337207e-02
9.513602788934809318e-02
1.014733656403018353e-01
1.065945585188797506e-01
1.100031028395265648e-01
1.113694864230000137e-01
1.105618718887613205e-01
1.076582764943946474e-01
1.029393286720166611e-01
9.686216245193518537e-02
9.001749156907000449e-02
8.307337581645898861e-02
7.671057713017045976e-02
7.155554017190164651e-02
6.811769589482290221e-02
6.673774814492601515e-02
6.755271542279306374e-02
7.048177193631784132e-02
7.523456387935276157e-02
8.134102989734505462e-02
8.819926480768630617e-02
9.513602788933858689e-02
1.014733656403066508e-01
1.065945585188809025e-01
1.100031028395201949e-01
1.113694864229999582e-01
1.105618718887494967e-01
1.076582764944067905e-01
1.029393286720086537e-01
9.686216245193496333e-02
9.001749156907401517e-02
8.307337581646949409e-02
7.671057713018553104e-02
7.155554017190285387e-02
6.811769589482451204e-02
6.673774814492601515e-02
6.755271542279613073e-02
7.048177193631149917e-02
7.523456387935406608e-02
8.134102989734402767e-02
8.819926480769253729e-02
9.513602788933790688e-02
1.014733656403017242e-01
1.065945585188795286e-01
1.100031028395202365e-01
1.113694864229999582e-01
1.105618718887464852e-01
1.076582764944025994e-01
1.029393286720137746e-01
9.686216245194119445e-02
9.001749156906724281e-02
8.307337581647450397e-02
7.671057713018852864e-02
7.155554017189531824e-02
6.811769589481221632e-02
6.673774814493099727e-02
6.755271542279332742e-02
7.048177193631034732e-02
7.523456387935342771e-02
8.134102989735035594e-02
8.819926480768065791e-02
9.513602788933329946e-02
1.014733656403104672e-01
1.065945585188717432e-01
1.100031028395185434e-01
1.113694864229943099e-01
1.105618718887541319e-01
1.076582764943981446e-01
1.029393286720064055e-01
9.686216245194108343e-02
9.001749156907093430e-02
8.307337581646867530e-02
7.671057713017832846e-02
7.155554017189204308e-02
6.811769589480748399e-02
6.673774814494320973e-02
6.755271542279765729e-02
7.048177193630433823e-02
7.523456387935606449e-02
8.134102989735181310e-02
8.819926480767967258e-02
