8.553175218022122939e-02
8.660235926660951600e-02
8.790204510956299566e-02
8.930356262941123446e-02
9.066982918846745731e-02
9.186730403339798956e-02
9.277898425917174841e-02
9.331577612125936672e-02
9.342515973609138991e-02
9.309632050436182638e-02
9.236124863914924044e-02
9.129168361477044136e-02
8.999217372368191470e-02
8.858989883778224661e-02
8.722223088264451085e-02
8.602324589727462778e-02
8.511052360920705329e-02
8.457355579545665358e-02
8.446492954702314315e-02
8.479517017478757634e-02
8.553175218001769775e-02
8.660235926643052029e-02
8.790204510940111127e-02
8.930356262926690547e-02
9.066982918834150251e-02
9.186730403328631500e-02
9.277898425907192548e-02
9.331577612117292198e-02
9.342515973601492330e-02
9.309632050428956473e-02
9.236124863908327931e-02
9.129168361471123871e-02
8.999217372362451617e-02
8.858989883773188412e-02
8.722223088260318280e-02
8.602324589723636672e-02
8.511052360917288617e-02
8.457355579542522039e-02
8.446492954699535982e-02
8.479517017476448371e-02
8.553175217999856028e-02
8.660235926641234039e-02
8.790204510938585958e-02
8.930356262925362443e-02
9.066982918832901250e-02
9.186730403327449113e-02
9.277898425906269675e-02
9.331577612116197240e-02
9.342515973600495904e-02
9.309632050428248706e-02
9.236124863907581306e-02
9.129168361470380022e-02
8.999217372362137979e-02
8.858989883773141227e-02
8.722223088260261381e-02
8.602324589723657489e-02
8.511052360917649440e-02
8.457355579542774615e-02
8.446492954699542921e-02
8.479517017476434493e-02
8.553175217999611779e-02
8.660235926641028648e-02
8.790204510938444404e-02
8.930356262925009947e-02
9.066982918832432181e-02
9.186730403327146577e-02
9.277898425905645174e-02
9.331577612115786458e-02
9.342515973600155899e-02
9.309632050428105765e-02
9.236124863907844984e-02
9.129168361470653414e-02
8.999217372362193490e-02
8.858989883773041307e-02
8.722223088260287749e-02
8.602324589723987780e-02
8.511052360917581439e-02
8.457355579542717716e-02
8.446492954699749700e-02
8.479517017476836949e-02
8.553175217999908764e-02
8.660235926641381143e-02
8.790204510939032823e-02
8.930356262925559507e-02
9.066982918833069172e-02
9.186730403327741934e-02
9.277898425906509761e-02
9.331577612116681575e-02
9.342515973600953871e-02
9.309632050428584549e-02
9.236124863908089233e-02
9.129168361470875459e-02
8.999217372362190714e-02
8.858989883773078777e-02
8.722223088260228074e-02
8.602324589723689408e-02
8.511052360917498172e-02
8.457355579542555346e-02
8.446492954699554023e-02
8.479517017476596863e-02
