8.857300217385713492e-02
9.483113850268652667e-02
1.005054224233208476e-01
1.050434142079045285e-01
1.080048269738465017e-01
1.091031304385996076e-01
1.082323239428404638e-01
1.054767396379144295e-01
1.011031322120958670e-01
9.553569963822443334e-02
8.931605252144136919e-02
8.305148441698514961e-02
7.735611498909375494e-02
7.279043786812423866e-02
6.980531479065817113e-02
6.869633261469539065e-02
6.957357093402233295e-02
7.235024083535941675e-02
7.675153360464904984e-02
8.234267640533592114e-02
8.857300217387395480e-02
9.483113850270254164e-02
1.005054224233272453e-01
1.050434142078981031e-01
1.080048269738477090e-01
1.091031304385948614e-01
1.082323239428602119e-01
1.054767396379085037e-01
1.011031322120833909e-01
9.553569963821931244e-02
8.931605252143097473e-02
8.305148441698996520e-02
7.735611498909072958e-02
7.279043786813151062e-02
6.980531479066101608e-02
6.869633261470321772e-02
6.957357093401740633e-02
7.235024083536080453e-02
7.675153360464458119e-02
8.234267640533701749e-02
8.857300217386900043e-02
9.483113850269242473e-02
1.005054224233079135e-01
1.050434142078965905e-01
1.080048269738553002e-01
1.091031304385993023e-01
1.082323239428551603e-01
1.054767396379065747e-01
1.011031322120980042e-01
9.553569963823593802e-02
8.931605252142216234e-02
8.305148441698180506e-02
7.735611498908812056e-02
7.279043786812947059e-02
6.980531479066223732e-02
6.869633261470624308e-02
6.957357093402813386e-02
7.235024083536920059e-02
7.675153360467483477e-02
8.234267640534419230e-02
8.857300217386848695e-02
9.483113850269817013e-02
1.005054224233269955e-01
1.050434142079037930e-01
1.080048269738633770e-01
1.091031304385966932e-01
1.082323239428630290e-01
1.054767396379028277e-01
1.011031322120843623e-01
9.553569963821527400e-02
8.931605252142810203e-02
8.305148441699961026e-02
7.735611498909554518e-02
7.279043786813434169e-02
6.980531479066290346e-02
6.869633261472250785e-02
6.957357093403408743e-02
7.235024083537229533e-02
7.675153360466728525e-02
8.234267640534891075e-02
8.857300217388237862e-02
9.483113850271999989e-02
1.005054224233438015e-01
1.050434142079257754e-01
1.080048269738560496e-01
1.091031304385896017e-01
1.082323239428571171e-01
1.054767396379116540e-01
1.011031322120942849e-01
9.553569963822773625e-02
8.931605252140915885e-02
8.305148441696283412e-02
7.735611498908234740e-02
7.279043786812429417e-02
6.980531479064298883e-02
6.869633261470130259e-02
6.957357093400594328e-02
7.235024083534286055e-02
7.675153360464279095e-02
8.234267640533442234e-02
