1.022232393291037239e-01
1.144428382343184863e-01
1.241433316671348014e-01
1.303973407664471840e-01
1.326107251763530837e-01
1.305739537210828249e-01
1.244799415770544287e-01
1.149075880275390038e-01
1.027717380186231738e-01
8.924201870096219735e-02
7.563535602755824816e-02
6.329000649295078718e-02
5.343223477649303860e-02
4.704949459923608163e-02
4.478509954571271989e-02
4.686806666418779493e-02
5.308783422442545086e-02
6.281746625509500304e-02
7.508204267725412939e-02
8.866276955800059256e-02
1.022232393291220842e-01
1.144428382343184863e-01
1.241433316671348014e-01
1.303973407664471840e-01
1.326107251763530837e-01
1.305739537210744705e-01
1.244799415770660167e-01
1.149075880275447492e-01
1.027717380186285306e-01
8.924201870096486189e-02
7.563535602755544485e-02
6.329000649294258540e-02
5.343223477648430947e-02
4.704949459922187077e-02
4.478509954571267132e-02
4.686806666418535244e-02
5.308783422442280020e-02
6.281746625510234439e-02
7.508204267726610592e-02
8.866276955798065018e-02
1.022232393291002545e-01
1.144428382343184863e-01
1.241433316671255588e-01
1.303973407664472395e-01
1.326107251763530837e-01
1.305739537210744705e-01
1.244799415770660167e-01
1.149075880275391009e-01
1.027717380186225077e-01
8.924201870096219735e-02
7.563535602756468745e-02
6.329000649295078718e-02
5.343223477648151309e-02
4.704949459921881766e-02
4.478509954571267132e-02
4.686806666418779493e-02
5.308783422442545086e-02
6.281746625509775084e-02
7.508204267725647474e-02
8.866276955799844151e-02
1.022232393291231944e-01
1.144428382343184863e-01
1.241433316671348014e-01
1.303973407664471840e-01
1.326107251763530837e-01
1.305739537210744705e-01
1.244799415770660167e-01
1.149075880275447492e-01
1.027717380186232571e-01
8.924201870097500655e-02
7.563535602756471521e-02
6.329000649294258540e-02
5.343223477648430947e-02
4.704949459923617877e-02
4.478509954571271989e-02
4.686806666418779493e-02
5.308783422442280020e-02
6.281746625509165849e-02
7.508204267725830661e-02
8.866276955799844151e-02
1.022232393291037239e-01
1.144428382343184863e-01
1.241433316671237408e-01
1.303973407664121842e-01
1.326107251763521122e-01
1.305739537210744705e-01
1.244799415770660167e-01
1.149075880275391009e-01
1.027717380186257967e-01
8.924201870096219735e-02
7.563535602756468745e-02
6.329000649295078718e-02
5.343223477649303860e-02
4.704949459923608163e-02
4.478509954571271989e-02
4.686806666418779493e-02
5.308783422442545086e-02
6.281746625509693205e-02
7.508204267726520387e-02
8.866276955800059256e-02
