8.921084993918472483e-02
8.945719675978498764e-02
8.965417324353630590e-02
8.978250682910501879e-02
8.982964270381589567e-02
8.979096994083214656e-02
8.967027167997058956e-02
8.947935573154289224e-02
8.923690140959064654e-02
8.896663445750273291e-02
8.869500742403531313e-02
8.844861147443779104e-02
8.825157253883207653e-02
8.812318703299076850e-02
8.807602960136196035e-02
8.811471940482637488e-02
8.823546679465102405e-02
8.842644519494008426e-02
8.866895143719479011e-02
8.893923994618740947e-02
8.921084993918472483e-02
8.945719675978498764e-02
8.965417324353630590e-02
8.978250682910501879e-02
8.982964270381589567e-02
8.979096994083214656e-02
8.967027167997058956e-02
8.947935573154008893e-02
8.923690140958943917e-02
8.896663445750273291e-02
8.869500742403532700e-02
8.844861147443779104e-02
8.825157253883207653e-02
8.812318703299076850e-02
8.807602960136196035e-02
8.811471940482637488e-02
8.823546679465102405e-02
8.842644519494008426e-02
8.866895143719299988e-02
8.893923994616628748e-02
8.921084993918214356e-02
8.945719675979546537e-02
8.965417324353688877e-02
8.978250682910501879e-02
8.982964270381589567e-02
8.979096994083214656e-02
8.967027167997058956e-02
8.947935573154029709e-02
8.923690140959089634e-02
8.896663445750437049e-02
8.869500742405517224e-02
8.844861147443860983e-02
8.825157253883207653e-02
8.812318703299076850e-02
8.807602960136196035e-02
8.811471940482637488e-02
8.823546679465102405e-02
8.842644519494008426e-02
8.866895143719299988e-02
8.893923994616628748e-02
8.921084993918214356e-02
8.945719675979546537e-02
8.965417324353688877e-02
8.978250682910501879e-02
8.982964270381589567e-02
8.979096994083214656e-02
8.967027167996401149e-02
8.947935573154476574e-02
8.923690140958950856e-02
8.896663445750437049e-02
8.869500742405517224e-02
8.844861147443860983e-02
8.825157253883207653e-02
8.812318703299076850e-02
8.807602960136196035e-02
8.811471940482637488e-02
8.823546679465102405e-02
8.842644519494008426e-02
8.866895143717741512e-02
8.893923994615825224e-02
8.921084993918214356e-02
8.945719675979546537e-02
8.965417324353473771e-02
8.978250682911352587e-02
8.982964270381753324e-02
8.979096994083859973e-02
8.967027167996401149e-02
8.947935573154476574e-02
8.923690140958950856e-02
8.896663445750437049e-02
8.869500742404409777e-02
8.844861147443902616e-02
8.825157253883207653e-02
8.812318703299076850e-02
8.807602960136196035e-02
8.811471940482637488e-02
8.823546679466036380e-02
8.842644519494015365e-02
8.866895143717888617e-02
8.893923994615435258e-02
