1.916787992426005394e+00
1.916979122134229385e+00
1.917216576475701206e+00
1.917477141393522322e+00
1.917735451039600303e+00
1.917966417315424055e+00
1.918147610855787111e+00
1.918261388593252237e+00
1.918296585214836814e+00
1.918249616432218474e+00
1.918124882406496701e+00
1.917934412187192628e+00
1.917696755486264060e+00
1.917435203643973018e+00
1.917175499472099531e+00
1.916943263730818359e+00
1.916761410680480227e+00
1.916647835295215208e+00
1.916613625586808034e+00
1.916661988869801547e+00
1.916787992332837032e+00
1.916979122048235729e+00
1.917216576396323369e+00
1.917477141320249379e+00
1.917735450971966848e+00
1.917966417252993772e+00
1.918147610798163871e+00
1.918261388540064338e+00
1.918296585165744528e+00
1.918249616386895395e+00
1.918124882364664385e+00
1.917934412148576184e+00
1.917696755450611468e+00
1.917435203611061123e+00
1.917175499441720499e+00
1.916943263702769462e+00
1.916761410654596931e+00
1.916647835271318323e+00
1.916613625564744572e+00
1.916661988849431619e+00
1.916787992314037847e+00
1.916979122030876281e+00
1.917216576380305293e+00
1.917477141305467869e+00
1.917735450958324206e+00
1.917966417240409838e+00
1.918147610786548052e+00
1.918261388529344691e+00
1.918296585155843781e+00
1.918249616377760480e+00
1.918124882356238681e+00
1.917934412140798406e+00
1.917696755443427881e+00
1.917435203604436200e+00
1.917175499435606278e+00
1.916943263697123534e+00
1.916761410649380881e+00
1.916647835266500399e+00
1.916613625560309897e+00
1.916661988845330233e+00
1.916787992310254651e+00
1.916979122027396398e+00
1.917216576377086534e+00
1.917477141302495802e+00
1.917735450955582843e+00
1.917966417237877641e+00
1.918147610784211921e+00
1.918261388527186639e+00
1.918296585153852707e+00
1.918249616375929945e+00
1.918124882354537819e+00
1.917934412139228550e+00
1.917696755441984813e+00
1.917435203603105931e+00
1.917175499434377706e+00
1.916943263695987554e+00
1.916761410648327502e+00
1.916647835265525401e+00
1.916613625559400402e+00
1.916661988844493791e+00
1.916787992309479716e+00
1.916979122026672089e+00
1.917216576376415960e+00
1.917477141301881849e+00
1.917735450955013299e+00
1.917966417237345844e+00
1.918147610783724311e+00
1.918261388526737443e+00
1.918296585153435929e+00
1.918249616375537592e+00
1.918124882354186322e+00
1.917934412138909250e+00
1.917696755441686829e+00
1.917435203602819493e+00
1.917175499434112584e+00
1.916943263695742639e+00
1.916761410648105013e+00
1.916647835265323119e+00
1.916613625559214107e+00
1.916661988844321929e+00
