1.893840633790786487e+00
1.902996907082500799e+00
1.912931666582320167e+00
1.922727628592846294e+00
1.931551215726119430e+00
1.938688884077325536e+00
1.943566863925361154e+00
1.945766121348141864e+00
1.945042054816209065e+00
1.941354180985427336e+00
1.934904475275544211e+00
1.926173802290082948e+00
1.915935669425973487e+00
1.905220792905681915e+00
1.895212834454619522e+00
1.887079621451822620e+00
1.881777264406078176e+00
1.879886276321630856e+00
1.881531060153068369e+00
1.886399523500643882e+00
1.893840633790784267e+00
1.902996907082499467e+00
1.912931666582325718e+00
1.922727628592850069e+00
1.931551215726112103e+00
1.938688884077325314e+00
1.943566863925348498e+00
1.945766121348119659e+00
1.945042054816169097e+00
1.941354180985394029e+00
1.934904475275514013e+00
1.926173802290062742e+00
1.915935669425954835e+00
1.905220792905641503e+00
1.895212834454594431e+00
1.887079621451787093e+00
1.881777264406056194e+00
1.879886276321621974e+00
1.881531060153075030e+00
1.886399523500652320e+00
1.893840633790785599e+00
1.902996907082494582e+00
1.912931666582330603e+00
1.922727628592861393e+00
1.931551215726130311e+00
1.938688884077341301e+00
1.943566863925382471e+00
1.945766121348152078e+00
1.945042054816213950e+00
1.941354180985428668e+00
1.934904475275542213e+00
1.926173802290081172e+00
1.915935669425973265e+00
1.905220792905670368e+00
1.895212834454609752e+00
1.887079621451792200e+00
1.881777264406048866e+00
1.879886276321613536e+00
1.881531060153060375e+00
1.886399523500636333e+00
1.893840633790774941e+00
1.902996907082497247e+00
1.912931666582325274e+00
1.922727628592849625e+00
1.931551215726122095e+00
1.938688884077317542e+00
1.943566863925346722e+00
1.945766121348128763e+00
1.945042054816202848e+00
1.941354180985413569e+00
1.934904475275523783e+00
1.926173802290064740e+00
1.915935669425949728e+00
1.905220792905639282e+00
1.895212834454583106e+00
1.887079621451778877e+00
1.881777264406049754e+00
1.879886276321605987e+00
1.881531060153059265e+00
1.886399523500625008e+00
1.893840633790776273e+00
1.902996907082496136e+00
1.912931666582322610e+00
1.922727628592852511e+00
1.931551215726121873e+00
1.938688884077322427e+00
1.943566863925366039e+00
1.945766121348128097e+00
1.945042054816205734e+00
1.941354180985420896e+00
1.934904475275539548e+00
1.926173802290076953e+00
1.915935669425965049e+00
1.905220792905667038e+00
1.895212834454603090e+00
1.887079621451793088e+00
1.881777264406065742e+00
1.879886276321625749e+00
1.881531060153071255e+00
1.886399523500656761e+00
