1.916608463583965527e+00
1.917570200849862960e+00
1.918518294440449745e+00
1.919360688082485389e+00
1.920016140810858696e+00
1.920421716656034672e+00
1.920538482550368853e+00
1.920355029398579161e+00
1.919888579788632255e+00
1.919183578323279349e+00
1.918307800804431640e+00
1.917346191034967617e+00
1.916392848946423033e+00
1.915541835468302256e+00
1.914877684044602013e+00
1.914466653338919189e+00
1.914349760050191751e+00
1.914538461882997256e+00
1.915013531340097552e+00
1.915727231324604984e+00
1.916608463583983291e+00
1.917570200849896933e+00
1.918518294440477945e+00
1.919360688082510258e+00
1.920016140810896221e+00
1.920421716656048661e+00
1.920538482550381953e+00
1.920355029398600033e+00
1.919888579788652461e+00
1.919183578323288453e+00
1.918307800804441188e+00
1.917346191034978720e+00
1.916392848946426808e+00
1.915541835468306031e+00
1.914877684044603123e+00
1.914466653338922075e+00
1.914349760050193305e+00
1.914538461882979270e+00
1.915013531340075792e+00
1.915727231324553026e+00
1.916608463583936439e+00
1.917570200849852302e+00
1.918518294440432204e+00
1.919360688082493827e+00
1.920016140810865357e+00
1.920421716656032896e+00
1.920538482550372184e+00
1.920355029398606028e+00
1.919888579788669558e+00
1.919183578323297779e+00
1.918307800804431862e+00
1.917346191034981162e+00
1.916392848946443017e+00
1.915541835468321796e+00
1.914877684044609119e+00
1.914466653338927626e+00
1.914349760050189753e+00
1.914538461882983711e+00
1.915013531340085562e+00
1.915727231324573676e+00
1.916608463583941546e+00
1.917570200849860740e+00
1.918518294440442196e+00
1.919360688082495159e+00
1.920016140810868466e+00
1.920421716656032896e+00
1.920538482550366632e+00
1.920355029398570945e+00
1.919888579788651572e+00
1.919183578323283124e+00
1.918307800804437191e+00
1.917346191034987157e+00
1.916392848946423921e+00
1.915541835468293819e+00
1.914877684044586692e+00
1.914466653338903201e+00
1.914349760050166438e+00
1.914538461882988818e+00
1.915013531340104214e+00
1.915727231324608315e+00
1.916608463583971078e+00
1.917570200849875395e+00
1.918518294440467509e+00
1.919360688082493827e+00
1.920016140810874461e+00
1.920421716656030897e+00
1.920538482550364856e+00
1.920355029398567837e+00
1.919888579788673999e+00
1.919183578323296224e+00
1.918307800804454510e+00
1.917346191035002922e+00
1.916392848946464555e+00
1.915541835468332676e+00
1.914877684044619333e+00
1.914466653338908531e+00
1.914349760050183757e+00
1.914538461882998144e+00
1.915013531340112207e+00
1.915727231324606761e+00
