1.905159833746515430e+00
1.907391559741002940e+00
1.910025163209797094e+00
1.912812146591978291e+00
1.915513434508780755e+00
1.917909965728106458e+00
1.919808646424157939e+00
1.921047560434567369e+00
1.921503544330507074e+00
1.921103853217468238e+00
1.919841664446457097e+00
1.917792464305783984e+00
1.915125264257569349e+00
1.912100444248164832e+00
1.909047085484933293e+00
1.906318620956908738e+00
1.904235183540949894e+00
1.903029017143912149e+00
1.902809888387843262e+00
1.903559296678735135e+00
1.905150438377190003e+00
1.907382485703515984e+00
1.910016400270448278e+00
1.912803684442587082e+00
1.915505262817031928e+00
1.917902074198113649e+00
1.919801024857645810e+00
1.921040198790523457e+00
1.921496432785775976e+00
1.921096982232717076e+00
1.919835024840739424e+00
1.917786047338755795e+00
1.915119061711674675e+00
1.912094448495396337e+00
1.909041289518150331e+00
1.906313018368502643e+00
1.904229768443809423e+00
1.903023784047121580e+00
1.902804832054102002e+00
1.903554411993975348e+00
1.905145720254698194e+00
1.907377929030506847e+00
1.910011999892224921e+00
1.912799435172835905e+00
1.915501159462097425e+00
1.917898111586361365e+00
1.919797197869224092e+00
1.921036502386404887e+00
1.921492862037364802e+00
1.921093532354132938e+00
1.919831691225397652e+00
1.917782825599804175e+00
1.915115947722429102e+00
1.912091438422262479e+00
1.909038379836115462e+00
1.906310205850705319e+00
1.904227050122593301e+00
1.903021157152797738e+00
1.902802293944564793e+00
1.903551960090320572e+00
1.905143351993751510e+00
1.907375641838284119e+00
1.910009791175953708e+00
1.912797302325861093e+00
1.915499099875732636e+00
1.917896122664259018e+00
1.919795277041981718e+00
1.921034647125837047e+00
1.921491069871055890e+00
1.921091800881376876e+00
1.919830018135257443e+00
1.917781208691098804e+00
1.915114384923761959e+00
1.912089927808326539e+00
1.909036919635393792e+00
1.906308794440319643e+00
1.904225686009039187e+00
1.903019838941594877e+00
1.902801020305351365e+00
1.903550729724896806e+00
1.905142163612515649e+00
1.907374494146989896e+00
1.910008682871700447e+00
1.912796232099484683e+00
1.915498066417608003e+00
1.917895124671400886e+00
1.919794313225248183e+00
1.921033716216993037e+00
1.921490170629974292e+00
1.921090932103938664e+00
1.919829178662308289e+00
1.917780397418370919e+00
1.915113600811835015e+00
1.912089169890736295e+00
1.909036187022465914e+00
1.906308086316606643e+00
1.904225001623774727e+00
1.903019177593558764e+00
1.902800381325549184e+00
1.903550112460618893e+00
