1.902598614118979015e+00
1.904516251409326344e+00
1.906736068142569351e+00
1.909043487102905834e+00
1.911240838994965774e+00
1.913155042110825210e+00
1.914639740071804930e+00
1.915575924216448289e+00
1.915874373166184919e+00
1.915482137656109307e+00
1.914393763989644448e+00
1.912665660487357977e+00
1.910428895449921560e+00
1.907892704967829811e+00
1.905330398312454321e+00
1.903043767320357071e+00
1.901311529539565282e+00
1.900337005559515458e+00
1.900213032977762451e+00
1.900914967578024806e+00
1.902320066147253019e+00
1.904241820311825650e+00
1.906465719581531992e+00
1.908777169442520405e+00
1.910978485641011027e+00
1.912896574326474752e+00
1.914385069782587712e+00
1.915324956667553202e+00
1.915627009556229110e+00
1.915238278022608265e+00
1.914153310646539596e+00
1.912428522179524082e+00
1.910194992059872421e+00
1.907661972117990601e+00
1.905102790729862994e+00
1.902819259688321996e+00
1.901090114028889833e+00
1.900118686253972955e+00
1.899997818498162516e+00
1.900702863753562122e+00
1.902111070318319497e+00
1.904035918032201069e+00
1.906262883627970695e+00
1.908577360508457277e+00
1.910781653965225813e+00
1.912702661658408632e+00
1.914194011342863933e+00
1.915136683007659713e+00
1.915441448404633373e+00
1.915055356310988222e+00
1.913972956927736169e+00
1.912250669553855698e+00
1.910019581494279306e+00
1.907488955695701538e+00
1.904932134031576130e+00
1.902650942404311207e+00
1.900924128229995347e+00
1.899955032469647920e+00
1.899836500518821580e+00
1.900543883460193317e+00
1.901954423657729931e+00
1.903881592681715418e+00
1.906110858287017207e+00
1.908427605379033665e+00
1.910634131893604870e+00
1.912557329516242133e+00
1.914050821406659608e+00
1.914995584268861295e+00
1.915302387872019008e+00
1.914918280442495568e+00
1.913837813341801031e+00
1.912117409103101462e+00
1.909888160620148323e+00
1.907359338736473564e+00
1.904804294917097129e+00
1.902524865097710460e+00
1.900799805508933016e+00
1.899832463150041395e+00
1.899715685770116069e+00
1.900424823136012797e+00
1.901837113436050108e+00
1.903766022401901070e+00
1.905997011440733857e+00
1.908315459445425022e+00
1.910523659144767183e+00
1.912448497993817886e+00
1.913943595898448535e+00
1.914889927237301892e+00
1.915198260378435657e+00
1.914815643164800241e+00
1.913736627792547829e+00
1.912017639107205014e+00
1.909789773994414297e+00
1.907262308937699880e+00
1.904708602254505889e+00
1.902430497052937985e+00
1.900706755871818254e+00
1.899740730042259518e+00
1.899625269018505813e+00
1.900335721654294874e+00
