1.913883526086085141e+00
1.959126585459188385e+00
1.994217699900039609e+00
2.018789472097211490e+00
2.033090185036268593e+00
2.037445599028224308e+00
2.031978266442100445e+00
2.016514654566733178e+00
1.990657441784533743e+00
1.954070436939951527e+00
1.907088235343235461e+00
1.851748089045247792e+00
1.793073758252834438e+00
1.739766861343537308e+00
1.702823095068789039e+00
1.691437994928476130e+00
1.708401616745039986e+00
1.748759998528537585e+00
1.802764811198959594e+00
1.860318957015594243e+00
1.913883526086122222e+00
1.959126585459234793e+00
1.994217699900055152e+00
2.018789472097200388e+00
2.033090185036264597e+00
2.037445599028215426e+00
2.031978266442105774e+00
2.016514654566755826e+00
1.990657441784519976e+00
1.954070436939922883e+00
1.907088235343219029e+00
1.851748089045232692e+00
1.793073758252812899e+00
1.739766861343536419e+00
1.702823095068789261e+00
1.691437994928473909e+00
1.708401616745032880e+00
1.748759998528538251e+00
1.802764811198984463e+00
1.860318957015604235e+00
1.913883526086127107e+00
1.959126585459245673e+00
1.994217699900052265e+00
2.018789472097211490e+00
2.033090185036260600e+00
2.037445599028195886e+00
2.031978266442095116e+00
2.016514654566739395e+00
1.990657441784542625e+00
1.954070436939945310e+00
1.907088235343223248e+00
1.851748089045232915e+00
1.793073758252784033e+00
1.739766861343505333e+00
1.702823095068800585e+00
1.691437994928468802e+00
1.708401616745029550e+00
1.748759998528525816e+00
1.802764811199003558e+00
1.860318957015604013e+00
1.913883526086127773e+00
1.959126585459223246e+00
1.994217699900048268e+00
2.018789472097220372e+00
2.033090185036236175e+00
2.037445599028174126e+00
2.031978266442069803e+00
2.016514654566709197e+00
1.990657441784496662e+00
1.954070436939914668e+00
1.907088235343205929e+00
1.851748089045228252e+00
1.793073758252809569e+00
1.739766861343496895e+00
1.702823095068742854e+00
1.691437994928432609e+00
1.708401616745021778e+00
1.748759998528523596e+00
1.802764811198976691e+00
1.860318957015602681e+00
1.913883526086116449e+00
1.959126585459224579e+00
1.994217699900035834e+00
2.018789472097196835e+00
2.033090185036257491e+00
2.037445599028215870e+00
2.031978266442100001e+00
2.016514654566716747e+00
1.990657441784515314e+00
1.954070436939891797e+00
1.907088235343174176e+00
1.851748089045218482e+00
1.793073758252819339e+00
1.739766861343489568e+00
1.702823095068783710e+00
1.691437994928441935e+00
1.708401616745046203e+00
1.748759998528561344e+00
1.802764811199015105e+00
1.860318957015602015e+00
