2.145826360451370984e+00
2.150277009036130504e+00
2.155022064938749704e+00
2.159616699064337286e+00
2.163649059023300847e+00
2.166766564421277685e+00
2.168695468192218812e+00
2.169256584315653047e+00
2.168379148298903658e+00
2.166112845705833845e+00
2.162635607393268877e+00
2.158252514253856891e+00
2.153380099961673899e+00
2.148511666883680782e+00
2.144163592326064460e+00
2.140809186633493955e+00
2.138812826239063547e+00
2.138379412427276360e+00
2.139530758483130235e+00
2.142112497929475445e+00
2.145826351473205218e+00
2.150277000629997382e+00
2.155022057068582964e+00
2.159616691696011781e+00
2.163649052124590355e+00
2.166766557961788742e+00
2.168695462143367170e+00
2.169256578650639700e+00
2.168379142992647779e+00
2.166112840734938594e+00
2.162635602735947238e+00
2.158252509889879267e+00
2.153380095872293953e+00
2.148511663051535070e+00
2.144163588735072512e+00
2.140809183268736593e+00
2.138812823086656323e+00
2.138379409474232773e+00
2.139530755717261368e+00
2.142112495339290490e+00
2.145826349047844861e+00
2.150276998359166747e+00
2.155022054942536069e+00
2.159616689705535997e+00
2.163649050260968654e+00
2.166766556216821016e+00
2.168695460509332040e+00
2.169256577120293628e+00
2.168379141559223289e+00
2.166112839392111411e+00
2.162635601477829628e+00
2.158252508711000051e+00
2.153380094767590958e+00
2.148511662016326706e+00
2.144163587765013368e+00
2.140809182359785456e+00
2.138812822235069966e+00
2.138379408676504223e+00
2.139530754970097703e+00
2.142112494639589748e+00
2.145826348392665839e+00
2.150276997745737440e+00
2.155022054368223028e+00
2.159616689167841663e+00
2.163649049757542908e+00
2.166766555745443856e+00
2.168695460067927794e+00
2.169256576706908302e+00
2.168379141172016134e+00
2.166112839029370019e+00
2.162635601137965047e+00
2.158252508392548119e+00
2.153380094469176331e+00
2.148511661736677070e+00
2.144163587502956769e+00
2.140809182114248088e+00
2.138812822005021097e+00
2.138379408461006381e+00
2.139530754768265375e+00
2.142112494450574722e+00
2.145826348215673196e+00
2.150276997580017557e+00
2.155022054213068916e+00
2.159616689022587188e+00
2.163649049621547249e+00
2.166766555618109713e+00
2.168695459948680515e+00
2.169256576595226527e+00
2.168379141067406479e+00
2.166112838931372409e+00
2.162635601046149603e+00
2.158252508306516937e+00
2.153380094388558597e+00
2.148511661661133498e+00
2.144163587432174722e+00
2.140809182047918924e+00
2.138812821942883247e+00
2.138379408402797832e+00
2.139530754713740990e+00
2.142112494399513345e+00
