2.120302651008227013e+00
2.142490236582065055e+00
2.163809368157283863e+00
2.182642396049486511e+00
2.197751860987487760e+00
2.208209925707155019e+00
2.213332592512848418e+00
2.212648958244582520e+00
2.205924591319685657e+00
2.193250355866093404e+00
2.175194262928146216e+00
2.152983279013235940e+00
2.128631345275731501e+00
2.104882195729000927e+00
2.084850350460146995e+00
2.071376107672062261e+00
2.066315944410328509e+00
2.070097005548775293e+00
2.081738331662575714e+00
2.099270838311299237e+00
2.120302651008245221e+00
2.142490236582081931e+00
2.163809368157291857e+00
2.182642396049503830e+00
2.197751860987499306e+00
2.208209925707161236e+00
2.213332592512848418e+00
2.212648958244582520e+00
2.205924591319683881e+00
2.193250355866090295e+00
2.175194262928144884e+00
2.152983279013225282e+00
2.128631345275716402e+00
2.104882195728978722e+00
2.084850350460121238e+00
2.071376107672046718e+00
2.066315944410304972e+00
2.070097005548762858e+00
2.081738331662566832e+00
2.099270838311295684e+00
2.120302651008239447e+00
2.142490236582073493e+00
2.163809368157290525e+00
2.182642396049498501e+00
2.197751860987492201e+00
2.208209925707154131e+00
2.213332592512841313e+00
2.212648958244570530e+00
2.205924591319679884e+00
2.193250355866088963e+00
2.175194262928136446e+00
2.152983279013219065e+00
2.128631345275711961e+00
2.104882195728972061e+00
2.084850350460125679e+00
2.071376107672051603e+00
2.066315944410314298e+00
2.070097005548769520e+00
2.081738331662582375e+00
2.099270838311304566e+00
2.120302651008254102e+00
2.142490236582091256e+00
2.163809368157308732e+00
2.182642396049510491e+00
2.197751860987500638e+00
2.208209925707156351e+00
2.213332592512843977e+00
2.212648958244566533e+00
2.205924591319668338e+00
2.193250355866077417e+00
2.175194262928126232e+00
2.152983279013215512e+00
2.128631345275709297e+00
2.104882195728965399e+00
2.084850350460127455e+00
2.071376107672046274e+00
2.066315944410311189e+00
2.070097005548769520e+00
2.081738331662577934e+00
2.099270838311312559e+00
2.120302651008253658e+00
2.142490236582089924e+00
2.163809368157307844e+00
2.182642396049513600e+00
2.197751860987502859e+00
2.208209925707159016e+00
2.213332592512839536e+00
2.212648958244571862e+00
2.205924591319675443e+00
2.193250355866074308e+00
2.175194262928124456e+00
2.152983279013210183e+00
2.128631345275703968e+00
2.104882195728964511e+00
2.084850350460123014e+00
2.071376107672044942e+00
2.066315944410315630e+00
2.070097005548772628e+00
2.081738331662582819e+00
2.099270838311318332e+00
