1.962136071691233719e+00
2.006529033396900807e+00
2.037090152760243633e+00
2.055427111494771086e+00
2.062707003893437196e+00
2.059443461266509345e+00
2.045449900807642774e+00
2.019865243525025278e+00
1.981284579629714937e+00
1.928166940689771458e+00
1.859885810772202719e+00
1.778928345098513386e+00
1.694250109279983318e+00
1.623514138505442572e+00
1.588758293836141089e+00
1.603399852319268071e+00
1.661675634860588113e+00
1.743427776374735672e+00
1.827968307127594283e+00
1.902505170486362251e+00
1.962136071691222394e+00
2.006529033396901252e+00
2.037090152760240080e+00
2.055427111494774639e+00
2.062707003893450075e+00
2.059443461266518227e+00
2.045449900807637000e+00
2.019865243525026166e+00
1.981284579629735143e+00
1.928166940689762354e+00
1.859885810772197168e+00
1.778928345098520269e+00
1.694250109279979322e+00
1.623514138505482318e+00
1.588758293836121549e+00
1.603399852319235430e+00
1.661675634860589224e+00
1.743427776374724125e+00
1.827968307127610714e+00
1.902505170486353148e+00
1.962136071691227501e+00
2.006529033396891482e+00
2.037090152760252959e+00
2.055427111494768422e+00
2.062707003893437196e+00
2.059443461266508457e+00
2.045449900807639221e+00
2.019865243525036380e+00
1.981284579629751574e+00
1.928166940689751252e+00
1.859885810772187842e+00
1.778928345098574892e+00
1.694250109280008854e+00
1.623514138505523841e+00
1.588758293836111779e+00
1.603399852319209007e+00
1.661675634860537487e+00
1.743427776374688376e+00
1.827968307127580516e+00
1.902505170486358921e+00
1.962136071691171546e+00
2.006529033396847961e+00
2.037090152760245854e+00
2.055427111494768866e+00
2.062707003893437641e+00
2.059443461266508901e+00
2.045449900807651211e+00
2.019865243525036824e+00
1.981284579629730258e+00
1.928166940689785003e+00
1.859885810772194947e+00
1.778928345098593766e+00
1.694250109280031502e+00
1.623514138505528059e+00
1.588758293836109559e+00
1.603399852319215668e+00
1.661675634860525941e+00
1.743427776374686378e+00
1.827968307127575631e+00
1.902505170486351593e+00
1.962136071691175765e+00
2.006529033396835082e+00
2.037090152760251627e+00
2.055427111494772419e+00
2.062707003893439861e+00
2.059443461266488473e+00
2.045449900807649879e+00
2.019865243525040821e+00
1.981284579629737141e+00
1.928166940689800546e+00
1.859885810772259118e+00
1.778928345098549579e+00
1.694250109280002192e+00
1.623514138505580240e+00
1.588758293836153301e+00
1.603399852319217000e+00
1.661675634860547479e+00
1.743427776374673277e+00
1.827968307127542547e+00
1.902505170486352482e+00
