1.924822658284258914e+00
1.939552604454338303e+00
1.951500840530388858e+00
1.959880742670228937e+00
1.964220887285311745e+00
1.964303936430166653e+00
1.960128679556929043e+00
1.951907878751111269e+00
1.940102631403898492e+00
1.925482112161919890e+00
1.909182310269906591e+00
1.892719495363922366e+00
1.877903330489638645e+00
1.866609728485625341e+00
1.860429824233793772e+00
1.860294061116001707e+00
1.866223349548224997e+00
1.877324314842648834e+00
1.892029661462128587e+00
1.908469298788922242e+00
1.924822658284265797e+00
1.939552604454322093e+00
1.951500840530387526e+00
1.959880742670249809e+00
1.964220887285287098e+00
1.964303936430186415e+00
1.960128679556917941e+00
1.951907878751131475e+00
1.940102631403909816e+00
1.925482112161893689e+00
1.909182310269925464e+00
1.892719495363899940e+00
1.877903330489625766e+00
1.866609728485677300e+00
1.860429824233804430e+00
1.860294061115990605e+00
1.866223349548239430e+00
1.877324314842631514e+00
1.892029661462111934e+00
1.908469298788873170e+00
1.924822658284273347e+00
1.939552604454323426e+00
1.951500840530394409e+00
1.959880742670265130e+00
1.964220887285291095e+00
1.964303936430190856e+00
1.960128679556913056e+00
1.951907878751120817e+00
1.940102631403874289e+00
1.925482112161885029e+00
1.909182310269911698e+00
1.892719495363898830e+00
1.877903330489630873e+00
1.866609728485654873e+00
1.860429824233782004e+00
1.860294061115997044e+00
1.866223349548217003e+00
1.877324314842626851e+00
1.892029661462116596e+00
1.908469298788896928e+00
1.924822658284254251e+00
1.939552604454286344e+00
1.951500840530381531e+00
1.959880742670248921e+00
1.964220887285287098e+00
1.964303936430196407e+00
1.960128679556943920e+00
1.951907878751123038e+00
1.940102631403892719e+00
1.925482112161893467e+00
1.909182310269904148e+00
1.892719495363879734e+00
1.877903330489591127e+00
1.866609728485657982e+00
1.860429824233834184e+00
1.860294061116014586e+00
1.866223349548232990e+00
1.877324314842640840e+00
1.892029661462125478e+00
1.908469298788889823e+00
1.924822658284229826e+00
1.939552604454302998e+00
1.951500840530403957e+00
1.959880742670282450e+00
1.964220887285307970e+00
1.964303936430195074e+00
1.960128679556918829e+00
1.951907878751120151e+00
1.940102631403900935e+00
1.925482112161911230e+00
1.909182310269933680e+00
1.892719495363883508e+00
1.877903330489631539e+00
1.866609728485671527e+00
1.860429824233793106e+00
1.860294061115992159e+00
1.866223349548217669e+00
1.877324314842640618e+00
1.892029661462120149e+00
1.908469298788919355e+00
