1.856804790169146235e+00
1.867561999724649313e+00
1.879753655054319683e+00
1.892350986401361235e+00
1.904465101511444436e+00
1.915319164565736365e+00
1.924213202178864712e+00
1.930497954967733909e+00
1.933569939999402632e+00
1.932902185553205143e+00
1.928128739135858360e+00
1.919196215670983863e+00
1.906566730969275758e+00
1.891393588711737239e+00
1.875523338229821535e+00
1.861194950465893339e+00
1.850478610634492815e+00
1.844717965465783927e+00
1.844272734998337215e+00
1.848641827136076943e+00
1.856804782121739938e+00
1.867561992303151452e+00
1.879753648212740158e+00
1.892350980095909962e+00
1.904465095700675015e+00
1.915319159210635558e+00
1.924213197242843565e+00
1.930497950416592889e+00
1.933569935801249917e+00
1.932902181678403775e+00
1.928128735556991824e+00
1.919196212362892284e+00
1.906566727909162706e+00
1.891393585879247663e+00
1.875523335607128361e+00
1.861194948037516061e+00
1.850478608386949775e+00
1.844717963387037862e+00
1.844272733077299664e+00
1.848641825362222324e+00
1.856804780484953454e+00
1.867561990793682680e+00
1.879753646821227475e+00
1.892350978813445384e+00
1.904465094518819068e+00
1.915319158121461252e+00
1.924213196238907742e+00
1.930497949490943332e+00
1.933569934947393154e+00
1.932902180890313071e+00
1.928128734829091417e+00
1.919196211690067155e+00
1.906566727286763019e+00
1.891393585303151603e+00
1.875523335073695508e+00
1.861194947543608258e+00
1.850478607929815222e+00
1.844717962964229407e+00
1.844272732686556004e+00
1.848641825001418049e+00
1.856804780152019108e+00
1.867561990486642065e+00
1.879753646538181000e+00
1.892350978552575391e+00
1.904465094278412929e+00
1.915319157899902480e+00
1.924213196034693540e+00
1.930497949302656613e+00
1.933569934773709420e+00
1.932902180729998420e+00
1.928128734681025191e+00
1.919196211553205300e+00
1.906566727160169838e+00
1.891393585185966231e+00
1.875523334965199407e+00
1.861194947443142844e+00
1.850478607836841594e+00
1.844717962878243522e+00
1.844272732607101561e+00
1.848641824928044519e+00
1.856804780084327922e+00
1.867561990424215779e+00
1.879753646480633034e+00
1.892350978499537373e+00
1.904465094229546018e+00
1.915319157854877163e+00
1.924213195993193626e+00
1.930497949264389890e+00
1.933569934738409213e+00
1.932902180697419814e+00
1.928128734650931264e+00
1.919196211525383555e+00
1.906566727134429984e+00
1.891393585162143953e+00
1.875523334943132614e+00
1.861194947422717183e+00
1.850478607817931165e+00
1.844717962860754401e+00
1.844272732590936492e+00
1.848641824913128007e+00
