1.948502018245548362e+00
1.996205092982884510e+00
2.029803827323380272e+00
2.050785748702787181e+00
2.060393845400004587e+00
2.059289589815581412e+00
2.047456349529597652e+00
2.024210100981304272e+00
1.988319113200864408e+00
1.938371527491392632e+00
1.873702974231612917e+00
1.796319577404593248e+00
1.713855234211085765e+00
1.641781142689080486e+00
1.600414864363630230e+00
1.604327621217691568e+00
1.651966989034002076e+00
1.727056342283387558e+00
1.809764641394690399e+00
1.885833633922979535e+00
1.948502018245517720e+00
1.996205092982823004e+00
2.029803827323375831e+00
2.050785748702792954e+00
2.060393845399998813e+00
2.059289589815585408e+00
2.047456349529593211e+00
2.024210100981300720e+00
1.988319113200888832e+00
1.938371527491433488e+00
1.873702974231657548e+00
1.796319577404654977e+00
1.713855234211132617e+00
1.641781142689101136e+00
1.600414864363654877e+00
1.604327621217686461e+00
1.651966989033986977e+00
1.727056342283394219e+00
1.809764641394704832e+00
1.885833633923009511e+00
1.948502018245547251e+00
1.996205092982862972e+00
2.029803827323386489e+00
2.050785748702777411e+00
2.060393845399986823e+00
2.059289589815560984e+00
2.047456349529597652e+00
2.024210100981297167e+00
1.988319113200908816e+00
1.938371527491427937e+00
1.873702974231639340e+00
1.796319577404625001e+00
1.713855234211142387e+00
1.641781142689128448e+00
1.600414864363645329e+00
1.604327621217637612e+00
1.651966989033924804e+00
1.727056342283325385e+00
1.809764641394693063e+00
1.885833633922949559e+00
1.948502018245522827e+00
1.996205092982826557e+00
2.029803827323362064e+00
2.050785748702775191e+00
2.060393845399988155e+00
2.059289589815583632e+00
2.047456349529641617e+00
2.024210100981334470e+00
1.988319113200904376e+00
1.938371527491436153e+00
1.873702974231659324e+00
1.796319577404680290e+00
1.713855234211205003e+00
1.641781142689116013e+00
1.600414864363649770e+00
1.604327621217682687e+00
1.651966989033958555e+00
1.727056342283344037e+00
1.809764641394667972e+00
1.885833633922956887e+00
1.948502018245460210e+00
1.996205092982825224e+00
2.029803827323356735e+00
2.050785748702783184e+00
2.060393845399995705e+00
2.059289589815585408e+00
2.047456349529642949e+00
2.024210100981318927e+00
1.988319113200919031e+00
1.938371527491440149e+00
1.873702974231717722e+00
1.796319577404718260e+00
1.713855234211227874e+00
1.641781142689197504e+00
1.600414864363648881e+00
1.604327621217661148e+00
1.651966989033920141e+00
1.727056342283299628e+00
1.809764641394626672e+00
1.885833633922942454e+00
