1.914220811370380693e+00
1.914997586389866280e+00
1.915941379436553405e+00
1.916960628763735297e+00
1.917959877457208862e+00
1.918847460680954464e+00
1.919542214226282573e+00
1.919979339506113103e+00
1.920115557738391932e+00
1.919933468315849767e+00
1.919444684255829481e+00
1.918690983541068595e+00
1.917742556280810806e+00
1.916692610490845050e+00
1.915648209807180091e+00
1.914718162920370226e+00
1.913999760326374977e+00
1.913566735504205640e+00
1.913460695349713969e+00
1.913687412800089138e+00
1.914218142810308443e+00
1.914995008541067634e+00
1.915938889305810688e+00
1.916958223414621632e+00
1.917957554009900090e+00
1.918845216315239188e+00
1.919540046186764881e+00
1.919977245108820840e+00
1.920113534378172337e+00
1.919931513474070650e+00
1.919442795507761534e+00
1.918689158562266517e+00
1.917740792851665432e+00
1.916690906498357716e+00
1.915646563243247780e+00
1.914716571876299733e+00
1.913998222983922304e+00
1.913565250124123596e+00
1.913459260259235295e+00
1.913686026380887473e+00
1.914216803488237195e+00
1.914993714778458145e+00
1.915937639596580588e+00
1.916957016281977344e+00
1.917956388006163193e+00
1.918844090023228866e+00
1.919538958222306357e+00
1.919976194123897750e+00
1.920112519064542722e+00
1.919930532566963333e+00
1.919441847789497446e+00
1.918688242865367988e+00
1.917739908061046883e+00
1.916690051552200069e+00
1.915645737132138260e+00
1.914715773640518259e+00
1.913997451709010811e+00
1.913564504935250543e+00
1.913458540314992407e+00
1.913685330867345824e+00
1.914216131613848404e+00
1.914993065770264513e+00
1.915937012697732866e+00
1.916956410750597417e+00
1.917955803115208857e+00
1.918843525061179056e+00
1.919538412494338431e+00
1.919975666953455784e+00
1.920112009795075458e+00
1.919930040563768259e+00
1.919441372441470950e+00
1.918687783586534579e+00
1.917739464291649876e+00
1.916689622759113032e+00
1.915645322808453122e+00
1.914715373304176627e+00
1.913997064900621936e+00
1.913564131215288899e+00
1.913458179260717484e+00
1.913684982069862262e+00
1.914215794675570459e+00
1.914992740303001151e+00
1.915936698321482945e+00
1.916956107092953943e+00
1.917955509811296588e+00
1.918843241753963591e+00
1.919538138835222174e+00
1.919975402603047110e+00
1.920111754424025374e+00
1.919929793853691447e+00
1.919441134085822620e+00
1.918687553291354098e+00
1.917739241776097225e+00
1.916689407755673313e+00
1.915645115062726500e+00
1.914715172574210866e+00
1.913996870955813279e+00
1.913563943834988068e+00
1.913457998232711565e+00
1.913684807188881010e+00
