1.910532517278659581e+00
1.912311094441912385e+00
1.914483335505762440e+00
1.916839677874366377e+00
1.919161160693345192e+00
1.921236446294810163e+00
1.922876764796416005e+00
1.923929248269432790e+00
1.924289042987225251e+00
1.923910029685745204e+00
1.922813112944361968e+00
1.921090137120543107e+00
1.918900962093499585e+00
1.916461573339508950e+00
1.914022626955037110e+00
1.911840357132744694e+00
1.910144441880661459e+00
1.909108982743382477e+00
1.908832285398458950e+00
1.909328703149343998e+00
1.910532516352494214e+00
1.912311093587186761e+00
1.914483334717037577e+00
1.916839677146577658e+00
1.919161160021805701e+00
1.921236445675164717e+00
1.922876764224638491e+00
1.923929247741786419e+00
1.924289042500251012e+00
1.923910029236254537e+00
1.922813112529419222e+00
1.921090136737446663e+00
1.918900961739770983e+00
1.916461573012875785e+00
1.914022626653405945e+00
1.911840356854195733e+00
1.910144441623454759e+00
1.909108982505896446e+00
1.908832285179205668e+00
1.909328702946949452e+00
1.910532516165687644e+00
1.912311093414788665e+00
1.914483334557949279e+00
1.916839676999785080e+00
1.919161159886359602e+00
1.921236445550195793e+00
1.922876764109323844e+00
1.923929247635366657e+00
1.924289042402038685e+00
1.923910029145605938e+00
1.922813112445742822e+00
1.921090136660198677e+00
1.918900961668444261e+00
1.916461572947008696e+00
1.914022626592585263e+00
1.911840356798044205e+00
1.910144441571608454e+00
1.909108982458030956e+00
1.908832285135012130e+00
1.909328702906144315e+00
1.910532516128024882e+00
1.912311093380029803e+00
1.914483334525870273e+00
1.916839676970186757e+00
1.919161159859051669e+00
1.921236445524987291e+00
1.922876764086068446e+00
1.923929247613907156e+00
1.924289042382235637e+00
1.923910029127326338e+00
1.922813112428864546e+00
1.921090136644602042e+00
1.918900961654043114e+00
1.916461572933699786e+00
1.914022626580289321e+00
1.911840356786685735e+00
1.910144441561114181e+00
1.909108982448337155e+00
1.908832285126071726e+00
1.909328702897896468e+00
1.910532516120408530e+00
1.912311093372993431e+00
1.914483334519379021e+00
1.916839676964194439e+00
1.919161159853522314e+00
1.921236445519890923e+00
1.922876764081363765e+00
1.923929247609561077e+00
1.924289042378221515e+00
1.923910029123623300e+00
1.922813112425447057e+00
1.921090136641447010e+00
1.918900961651125225e+00
1.916461572931013269e+00
1.914022626577805752e+00
1.911840356784393569e+00
1.910144441558998762e+00
1.909108982446384273e+00
1.908832285124267392e+00
1.909328702896231800e+00
