8.926413235234378907e-02
8.951196749961465304e-02
8.971155330059925326e-02
8.984336111390621438e-02
8.989449566752917564e-02
8.985995466686136357e-02
8.974311726591364946e-02
8.955541404054086219e-02
8.931521048309343236e-02
8.904601239463079410e-02
8.877416764552593931e-02
8.852628825272744473e-02
8.832664466246926971e-02
8.819478758970569765e-02
8.814363112184027405e-02
8.817818592397377864e-02
8.829506757041087617e-02
8.848282858506245629e-02
8.872308140195196702e-02
8.899230140471578454e-02
8.926413235234938182e-02
8.951196749960756149e-02
8.971155330059915611e-02
8.984336111390621438e-02
8.989449566752917564e-02
8.985995466686136357e-02
8.974311726591364946e-02
8.955541404054054300e-02
8.931521048309365440e-02
8.904601239462973938e-02
8.877416764551637751e-02
8.852628825272949864e-02
8.832664466246926971e-02
8.819478758970696053e-02
8.814363112184027405e-02
8.817818592397377864e-02
8.829506757040142539e-02
8.848282858507007520e-02
8.872308140195279968e-02
8.899230140471919848e-02
8.926413235234938182e-02
8.951196749960756149e-02
8.971155330059915611e-02
8.984336111390621438e-02
8.989449566752917564e-02
8.985995466686136357e-02
8.974311726591364946e-02
8.955541404054054300e-02
8.931521048309341848e-02
8.904601239462973938e-02
8.877416764551637751e-02
8.852628825272949864e-02
8.832664466246926971e-02
8.819478758970696053e-02
8.814363112184027405e-02
8.817818592397377864e-02
8.829506757040142539e-02
8.848282858507007520e-02
8.872308140195279968e-02
8.899230140471919848e-02
8.926413235234938182e-02
8.951196749960756149e-02
8.971155330059915611e-02
8.984336111390621438e-02
8.989449566752917564e-02
8.985995466686136357e-02
8.974311726591364946e-02
8.955541404054054300e-02
8.931521048309341848e-02
8.904601239462973938e-02
8.877416764551637751e-02
8.852628825272949864e-02
8.832664466246926971e-02
8.819478758970696053e-02
8.814363112184027405e-02
8.817818592397377864e-02
8.829506757040142539e-02
8.848282858507007520e-02
8.872308140195672710e-02
8.899230140470504313e-02
8.926413235234816057e-02
8.951196749960756149e-02
8.971155330059782385e-02
8.984336111390307800e-02
8.989449566752848175e-02
8.985995466686136357e-02
8.974311726591364946e-02
8.955541404053125876e-02
8.931521048309920552e-02
8.904601239462647810e-02
8.877416764551637751e-02
8.852628825273375912e-02
8.832664466246803459e-02
8.819478758970696053e-02
8.814363112184027405e-02
8.817818592397377864e-02
8.829506757040142539e-02
8.848282858507007520e-02
8.872308140195762916e-02
8.899230140470504313e-02
