9.566010639304303731e-02
1.019315000950586081e-01
1.069329495263833807e-01
1.101802829401316991e-01
1.113600887905265985e-01
1.103587032584891769e-01
1.072726459638430191e-01
1.023997410630302224e-01
9.621157955558655439e-02
8.930941120141369649e-02
8.236700646545083715e-02
7.606542498434294697e-02
7.102579141911909144e-02
6.774686254765062421e-02
6.655411843195502275e-02
6.756616495653250398e-02
7.068241029362756778e-02
7.559349934896358869e-02
8.181325606352382596e-02
8.872836250743557085e-02
9.566010639303884622e-02
1.019315000950617583e-01
1.069329495263823815e-01
1.101802829401296452e-01
1.113600887905265985e-01
1.103587032584966154e-01
1.072726459638419366e-01
1.023997410630370086e-01
9.621157955559045405e-02
8.930941120141583367e-02
8.236700646544996285e-02
7.606542498434543109e-02
7.102579141913425986e-02
6.774686254765313609e-02
6.655411843195645216e-02
6.756616495654764465e-02
7.068241029362667960e-02
7.559349934894141199e-02
8.181325606353623270e-02
8.872836250745254338e-02
9.566010639304708962e-02
1.019315000950574424e-01
1.069329495263630914e-01
1.101802829401519607e-01
1.113600887905471098e-01
1.103587032584931182e-01
1.072726459638304874e-01
1.023997410630527322e-01
9.621157955560501185e-02
8.930941120141774880e-02
8.236700646541771087e-02
7.606542498434969157e-02
7.102579141912362948e-02
6.774686254764819560e-02
6.655411843195502275e-02
6.756616495654574339e-02
7.068241029363253602e-02
7.559349934897399703e-02
8.181325606353452573e-02
8.872836250745300135e-02
9.566010639305257135e-02
1.019315000950561378e-01
1.069329495263651175e-01
1.101802829401403450e-01
1.113600887905469017e-01
1.103587032584909949e-01
1.072726459638462526e-01
1.023997410630424071e-01
9.621157955559506147e-02
8.930941120142947554e-02
8.236700646543283766e-02
7.606542498435235611e-02
7.102579141912578053e-02
6.774686254764626658e-02
6.655411843195502275e-02
6.756616495655629051e-02
7.068241029362250238e-02
7.559349934896233969e-02
8.181325606349848512e-02
8.872836250743468267e-02
9.566010639303980378e-02
1.019315000950574562e-01
1.069329495263707241e-01
1.101802829401384715e-01
1.113600887905469017e-01
1.103587032584826683e-01
1.072726459638455171e-01
1.023997410630482080e-01
9.621157955558373720e-02
8.930941120142026068e-02
8.236700646544627136e-02
7.606542498437093847e-02
7.102579141913153982e-02
6.774686254763143123e-02
6.655411843195502275e-02
6.756616495655012877e-02
7.068241029362699879e-02
7.559349934895126522e-02
8.181325606349633406e-02
8.872836250743304509e-02
