9.135793034699653259e-02
9.469064356981064801e-02
9.746621739206107193e-02
9.941426082192023062e-02
1.003453328356848501e-01
1.001690112325437226e-01
9.890247077431239819e-02
9.666883430919286091e-02
9.368544601699375918e-02
9.024309137720765150e-02
8.667800991666407828e-02
8.333925847442172352e-02
8.055451325002557783e-02
7.859766839558621210e-02
7.766152678422456879e-02
7.783844703722583858e-02
7.911102572833303426e-02
8.135383360288836463e-02
8.434602331078815129e-02
8.779344753530674006e-02
9.135793034700703807e-02
9.469064356980903818e-02
9.746621739206098867e-02
9.941426082192249269e-02
1.003453328356809365e-01
1.001690112325425291e-01
9.890247077430482092e-02
9.666883430919108455e-02
9.368544601699875518e-02
9.024309137720248897e-02
8.667800991665419730e-02
8.333925847441733814e-02
8.055451325003074037e-02
7.859766839558406104e-02
7.766152678423099420e-02
7.783844703721996827e-02
7.911102572833282609e-02
8.135383360290550370e-02
8.434602331080114090e-02
8.779344753532396239e-02
9.135793034698870552e-02
9.469064356981347907e-02
9.746621739206358381e-02
9.941426082192107716e-02
1.003453328356848501e-01
1.001690112325372833e-01
9.890247077429563383e-02
9.666883430918954412e-02
9.368544601699087260e-02
9.024309137721306384e-02
8.667800991665502996e-02
8.333925847441718548e-02
8.055451325003312735e-02
7.859766839558247897e-02
7.766152678422717781e-02
7.783844703721891356e-02
7.911102572833304813e-02
8.135383360289638599e-02
8.434602331079665838e-02
8.779344753530872458e-02
9.135793034699324355e-02
9.469064356981482522e-02
9.746621739206151602e-02
9.941426082191855140e-02
1.003453328356881669e-01
1.001690112325388515e-01
9.890247077429557832e-02
9.666883430918489506e-02
9.368544601700611041e-02
9.024309137722742735e-02
8.667800991666368970e-02
8.333925847442208434e-02
8.055451325003358531e-02
7.859766839557942586e-02
7.766152678423386690e-02
7.783844703722535285e-02
7.911102572833443591e-02
8.135383360289245858e-02
8.434602331079277260e-02
8.779344753529975953e-02
9.135793034698265480e-02
9.469064356980431973e-02
9.746621739205811596e-02
9.941426082191684444e-02
1.003453328356881669e-01
1.001690112325303444e-01
9.890247077428811207e-02
9.666883430918607467e-02
9.368544601700243279e-02
9.024309137720110119e-02
8.667800991664711963e-02
8.333925847441199519e-02
8.055451325000913265e-02
7.859766839559001461e-02
7.766152678422762190e-02
7.783844703722053726e-02
7.911102572834005642e-02
8.135383360290428245e-02
8.434602331079404935e-02
8.779344753530464451e-02
