9.351807908526996171e-02
9.992662265204979577e-02
1.052601650252213555e-01
1.090014384057711450e-01
1.107888290833467237e-01
1.104500243083433725e-01
1.080178751828203970e-01
1.037273000518304789e-01
9.799348655929479568e-02
9.137307567517434503e-02
8.451143771388860970e-02
7.808052969651835262e-02
7.271301806078009355e-02
6.893914565921910320e-02
6.713297798146980466e-02
6.747400004086495651e-02
6.992851380138080664e-02
7.425305829522456380e-02
8.001947068635520410e-02
8.665865839475429822e-02
9.351807908530709867e-02
9.992662265207311045e-02
1.052601650252299459e-01
1.090014384057892693e-01
1.107888290833541067e-01
1.104500243083471889e-01
1.080178751828182182e-01
1.037273000518317695e-01
9.799348655930061047e-02
9.137307567517015394e-02
8.451143771387918668e-02
7.808052969651338437e-02
7.271301806080311680e-02
6.893914565922726334e-02
6.713297798147574436e-02
6.747400004086993863e-02
6.992851380137411754e-02
7.425305829522434176e-02
8.001947068634937543e-02
8.665865839475826726e-02
9.351807908531212243e-02
9.992662265208063221e-02
1.052601650252371346e-01
1.090014384057825664e-01
1.107888290833551614e-01
1.104500243083548078e-01
1.080178751827961386e-01
1.037273000518215971e-01
9.799348655928992458e-02
9.137307567516635143e-02
8.451143771386651626e-02
7.808052969652519437e-02
7.271301806079334684e-02
6.893914565922873439e-02
6.713297798147574436e-02
6.747400004088469072e-02
6.992851380137032891e-02
7.425305829523624890e-02
8.001947068636243443e-02
8.665865839475739296e-02
9.351807908529255475e-02
9.992662265206815608e-02
1.052601650252133619e-01
1.090014384057745450e-01
1.107888290833450168e-01
1.104500243083440109e-01
1.080178751828127087e-01
1.037273000518051935e-01
9.799348655928391549e-02
9.137307567514701967e-02
8.451143771386773751e-02
7.808052969652808095e-02
7.271301806077855312e-02
6.893914565922293347e-02
6.713297798147191409e-02
6.747400004088494052e-02
6.992851380138481732e-02
7.425305829523236312e-02
8.001947068636391935e-02
8.665865839477095156e-02
9.351807908528721180e-02
9.992662265207546968e-02
1.052601650252137783e-01
1.090014384057930996e-01
1.107888290833577150e-01
1.104500243083524347e-01
1.080178751828163447e-01
1.037273000518084132e-01
9.799348655928871721e-02
9.137307567516592122e-02
8.451143771386701586e-02
7.808052969652405639e-02
7.271301806077551388e-02
6.893914565922855398e-02
6.713297798147259410e-02
6.747400004088771608e-02
6.992851380138304096e-02
7.425305829524089796e-02
8.001947068637828286e-02
8.665865839477418509e-02
