9.432004774969458827e-02
1.006911871753395776e-01
1.059128928595439584e-01
1.094791009823339878e-01
1.110453312204786325e-01
1.104606587714498794e-01
1.077815829555868465e-01
1.032667744052741948e-01
9.735311061906209984e-02
9.061483581952797794e-02
8.370911563552967116e-02
7.731264285252570367e-02
7.205513654229050990e-02
6.845633510553603140e-02
6.687316848658970969e-02
6.746303070264397794e-02
7.016744009323810927e-02
7.471804935277971682e-02
8.066430628704915340e-02
8.741951728160710089e-02
9.432004774969389438e-02
1.006911871753317228e-01
1.059128928595597235e-01
1.094791009823238986e-01
1.110453312204763288e-01
1.104606587714497268e-01
1.077815829555868465e-01
1.032667744052851722e-01
9.735311061905886632e-02
9.061483581952360644e-02
8.370911563552042856e-02
7.731264285251750190e-02
7.205513654226528009e-02
6.845633510554885448e-02
6.687316848659372037e-02
6.746303070264475510e-02
7.016744009325559528e-02
7.471804935278857085e-02
8.066430628704210348e-02
8.741951728162886126e-02
9.432004774968348604e-02
1.006911871753368437e-01
1.059128928595342023e-01
1.094791009823277289e-01
1.110453312204722903e-01
1.104606587714601212e-01
1.077815829555723998e-01
1.032667744052830766e-01
9.735311061904576568e-02
9.061483581951461364e-02
8.370911563552965728e-02
7.731264285253060253e-02
7.205513654229725451e-02
6.845633510554709200e-02
6.687316848659456692e-02
6.746303070264521307e-02
7.016744009324325793e-02
7.471804935278851534e-02
8.066430628704980565e-02
8.741951728161681534e-02
9.432004774969360295e-02
1.006911871753281562e-01
1.059128928595253621e-01
1.094791009823311567e-01
1.110453312204795623e-01
1.104606587714722643e-01
1.077815829555669319e-01
1.032667744052820219e-01
9.735311061903322016e-02
9.061483581951981781e-02
8.370911563552417556e-02
7.731264285250942503e-02
7.205513654228136444e-02
6.845633510554530177e-02
6.687316848659274893e-02
6.746303070266033985e-02
7.016744009325770470e-02
7.471804935278827942e-02
8.066430628703630257e-02
8.741951728162099255e-02
9.432004774970471905e-02
1.006911871753318338e-01
1.059128928595259173e-01
1.094791009823504191e-01
1.110453312204815329e-01
1.104606587714722643e-01
1.077815829555707761e-01
1.032667744052704339e-01
9.735311061904580732e-02
9.061483581951848554e-02
8.370911563550638423e-02
7.731264285249361823e-02
7.205513654228308529e-02
6.845633510554526013e-02
6.687316848659274893e-02
6.746303070266305990e-02
7.016744009323845621e-02
7.471804935280518256e-02
8.066430628705457961e-02
8.741951728162060398e-02
