8.702997577931412265e-02
8.757744793382502002e-02
8.826546360681447601e-02
8.902665559970548981e-02
8.978654635370475479e-02
9.047082560004122975e-02
9.101259641418578406e-02
9.135889104789048087e-02
9.147583111835476399e-02
9.135193644319056228e-02
9.099926146447005759e-02
9.045224320233960502e-02
8.976436286165108414e-02
8.900293545155128772e-02
8.824252798480403115e-02
8.755764765745084610e-02
8.701542057341606073e-02
8.666898837210817996e-02
8.655228161724140556e-02
8.667669102916099322e-02
8.702996523101530491e-02
8.757743801629455649e-02
8.826545428240485658e-02
8.902664683299281456e-02
8.978653811134811036e-02
9.047081785066506121e-02
9.101258912827046854e-02
9.135888419766700907e-02
9.147582467770676296e-02
9.135193038756751760e-02
9.099925577079284733e-02
9.045223784892111873e-02
8.976435782812004771e-02
8.900293071876708151e-02
8.824252353478938271e-02
8.755764347331704278e-02
8.701541663929436565e-02
8.666898467308795095e-02
8.655227813930817249e-02
8.667668775913676960e-02
8.702996215650064815e-02
8.757743512562932153e-02
8.826545156461798602e-02
8.902664427775901224e-02
8.978653570894699898e-02
9.047081559195320477e-02
9.101258700464383289e-02
9.135888220103220714e-02
9.147582280045245262e-02
9.135192862253596613e-02
9.099925411125582564e-02
9.045223628855916798e-02
8.976435636099386328e-02
8.900292933930106787e-02
8.824252223774109449e-02
8.755764225376577725e-02
8.701541549261443409e-02
8.666898359493444004e-02
8.655227712559368514e-02
8.667668680602128028e-02
8.702996126037329527e-02
8.757743428308840949e-02
8.826545077246671089e-02
8.902664353298533895e-02
8.978653500871976167e-02
9.047081493360589755e-02
9.101258638567003012e-02
9.135888161907464167e-02
9.147582225329090044e-02
9.135192810808248631e-02
9.099925362755179048e-02
9.045223583376066356e-02
8.976435593337027397e-02
8.900292893722729082e-02
8.824252185968974038e-02
8.755764189830189670e-02
8.701541515839107677e-02
8.666898328068461943e-02
8.655227683012585438e-02
8.667668652821491904e-02
8.702996099917439943e-02
8.757743403750700706e-02
8.826545054156878511e-02
8.902664331589585367e-02
8.978653480461561143e-02
9.047081474171228543e-02
9.101258620525275178e-02
9.135888144944401268e-02
9.147582209379993834e-02
9.135192795812743793e-02
9.099925348655958646e-02
9.045223570119642620e-02
8.976435580872750564e-02
8.900292882003060790e-02
8.824252174949452632e-02
8.755764179468994435e-02
8.701541506096971412e-02
8.666898318908529408e-02
8.655227674400121918e-02
8.667668644723981741e-02
