7.909750967511186559e-02
8.649637219782688180e-02
9.412844742612813675e-02
1.012480977175083258e-01
1.071621770241974053e-01
1.112964394821274183e-01
1.132499751262097398e-01
1.128330169544177752e-01
1.100849614085729344e-01
1.052710487940655970e-01
9.885782758604581832e-02
9.146926532240033658e-02
8.382712585615345602e-02
7.668089097282304589e-02
7.073386109081981898e-02
6.657286810317876447e-02
6.460903218670673021e-02
6.503605470405847411e-02
6.781069492169045088e-02
7.265755805320836536e-02
7.909750967509814046e-02
8.649637219781794450e-02
9.412844742612430649e-02
1.012480977175164304e-01
1.071621770242014993e-01
1.112964394821301523e-01
1.132499751262088517e-01
1.128330169544224520e-01
1.100849614085808864e-01
1.052710487940848455e-01
9.885782758606186105e-02
9.146926532241003716e-02
8.382712585616400314e-02
7.668089097282969335e-02
7.073386109082097084e-02
6.657286810318394088e-02
6.460903218672148229e-02
6.503605470407325395e-02
6.781069492169412849e-02
7.265755805321874594e-02
7.909750967510352504e-02
8.649637219781741715e-02
9.412844742612663795e-02
1.012480977175102131e-01
1.071621770241989319e-01
1.112964394821278069e-01
1.132499751262023291e-01
1.128330169544299461e-01
1.100849614085731704e-01
1.052710487940688722e-01
9.885782758605135556e-02
9.146926532240746976e-02
8.382712585614736367e-02
7.668089097281667599e-02
7.073386109082366313e-02
6.657286810318598091e-02
6.460903218672178761e-02
6.503605470407497480e-02
6.781069492169748691e-02
7.265755805322178518e-02
7.909750967511378072e-02
8.649637219781763919e-02
9.412844742613024618e-02
1.012480977175166386e-01
1.071621770242018878e-01
1.112964394821222142e-01
1.132499751262036891e-01
1.128330169544264350e-01
1.100849614085824685e-01
1.052710487940853035e-01
9.885782758605690668e-02
9.146926532240645669e-02
8.382712585614887635e-02
7.668089097282128341e-02
7.073386109081244988e-02
6.657286810317102066e-02
6.460903218670881187e-02
6.503605470405812716e-02
6.781069492167875190e-02
7.265755805320840699e-02
7.909750967510002784e-02
8.649637219781654285e-02
9.412844742612437587e-02
1.012480977175085478e-01
1.071621770241978217e-01
1.112964394821297776e-01
1.132499751262117660e-01
1.128330169544278228e-01
1.100849614085765982e-01
1.052710487940738820e-01
9.885782758605486664e-02
9.146926532240444441e-02
8.382712585615445522e-02
7.668089097282050626e-02
7.073386109081444828e-02
6.657286810317164516e-02
6.460903218670482895e-02
6.503605470406594036e-02
6.781069492168718960e-02
7.265755805321864880e-02
