8.972753814905022607e-02
9.607788202694295121e-02
1.017292528827301867e-01
1.061317524328383444e-01
1.088584229948748316e-01
1.096455219460507058e-01
1.084171369394163059e-01
1.052921861638100864e-01
1.005732806371028715e-01
9.471834929321253094e-02
8.829733347326211568e-02
8.193761302784741130e-02
7.626304066205208398e-02
7.183237680397194791e-02
6.908333694880035292e-02
6.828820807542240745e-02
6.952596971232463674e-02
7.267412208529409889e-02
7.742119191114273102e-02
8.329849245538599456e-02
8.972753814905001790e-02
9.607788202694510227e-02
1.017292528827362930e-01
1.061317524328516948e-01
1.088584229948645621e-01
1.096455219460506642e-01
1.084171369394118650e-01
1.052921861637981793e-01
1.005732806371034821e-01
9.471834929320695207e-02
8.829733347325822990e-02
8.193761302785423917e-02
7.626304066205173704e-02
7.183237680396910296e-02
6.908333694879818798e-02
6.828820807540916804e-02
6.952596971232724576e-02
7.267412208530583950e-02
7.742119191114052446e-02
8.329849245538864522e-02
8.972753814904796399e-02
9.607788202694800272e-02
1.017292528827387771e-01
1.061317524328590084e-01
1.088584229948892507e-01
1.096455219460630987e-01
1.084171369394443807e-01
1.052921861638013989e-01
1.005732806371108790e-01
9.471834929321298890e-02
8.829733347325860460e-02
8.193761302786878309e-02
7.626304066203704046e-02
7.183237680395486435e-02
6.908333694879530140e-02
6.828820807540821047e-02
6.952596971233446221e-02
7.267412208531076612e-02
7.742119191114858745e-02
8.329849245540892066e-02
8.972753814907286074e-02
9.607788202695825841e-02
1.017292528827544035e-01
1.061317524328483780e-01
1.088584229948804383e-01
1.096455219460446551e-01
1.084171369394426598e-01
1.052921861638102252e-01
1.005732806371052862e-01
9.471834929321611141e-02
8.829733347325176285e-02
8.193761302783755807e-02
7.626304066203970500e-02
7.183237680396917235e-02
6.908333694881764464e-02
6.828820807543405091e-02
6.952596971235194823e-02
7.267412208532122997e-02
7.742119191117566301e-02
8.329849245540676961e-02
8.972753814905559677e-02
9.607788202696188051e-02
1.017292528827489773e-01
1.061317524328406481e-01
1.088584229948843657e-01
1.096455219460426567e-01
1.084171369394376500e-01
1.052921861638193013e-01
1.005732806371121002e-01
9.471834929320957497e-02
8.829733347325954829e-02
8.193761302785444733e-02
7.626304066205799592e-02
7.183237680396536984e-02
6.908333694882191900e-02
6.828820807543646565e-02
6.952596971235740220e-02
7.267412208532079976e-02
7.742119191115992560e-02
8.329849245540831004e-02
