9.990791269350528248e-02
1.101804955778867973e-01
1.183655776686468458e-01
1.236764605393293748e-01
1.256052340494849262e-01
1.239679810263449311e-01
1.189209415287395682e-01
1.109467348179899032e-01
1.008114265462253939e-01
8.949504088316884154e-02
7.810025213424605373e-02
6.774642397218050283e-02
5.945857504991209491e-02
5.406265715582789233e-02
5.209906182675617253e-02
5.376500762252153093e-02
5.889329430551056704e-02
6.697026799721678136e-02
7.719060947701399111e-02
8.854181568755493947e-02
9.990791269349734438e-02
1.101804955779002865e-01
1.183655776686387828e-01
1.236764605393226996e-01
1.256052340494847597e-01
1.239679810263457915e-01
1.189209415287254129e-01
1.109467348179918461e-01
1.008114265462321246e-01
8.949504088318520345e-02
7.810025213425621227e-02
6.774642397217940648e-02
5.945857504992207998e-02
5.406265715584332443e-02
5.209906182676209835e-02
5.376500762252703347e-02
5.889329430550551553e-02
6.697026799721705892e-02
7.719060947701709974e-02
8.854181568756541720e-02
9.990791269349952319e-02
1.101804955779073780e-01
1.183655776686331207e-01
1.236764605393187028e-01
1.256052340494847597e-01
1.239679810263621673e-01
1.189209415287172805e-01
1.109467348179881269e-01
1.008114265462046327e-01
8.949504088317863926e-02
7.810025213426285973e-02
6.774642397218999523e-02
5.945857504991013120e-02
5.406265715584496201e-02
5.209906182676513065e-02
5.376500762253097476e-02
5.889329430550634126e-02
6.697026799720834367e-02
7.719060947701730790e-02
8.854181568758190402e-02
9.990791269350426940e-02
1.101804955778878797e-01
1.183655776686461936e-01
1.236764605393140537e-01
1.256052340494847597e-01
1.239679810263603216e-01
1.189209415287311306e-01
1.109467348179901253e-01
1.008114265462390358e-01
8.949504088316639905e-02
7.810025213426194379e-02
6.774642397220169421e-02
5.945857504992683312e-02
5.406265715584462200e-02
5.209906182676209835e-02
5.376500762252519466e-02
5.889329430549499617e-02
6.697026799722109736e-02
7.719060947700950859e-02
8.854181568756210041e-02
9.990791269350153547e-02
1.101804955778939860e-01
1.183655776686467903e-01
1.236764605392977473e-01
1.256052340494847597e-01
1.239679810263566162e-01
1.189209415287370286e-01
1.109467348179855595e-01
1.008114265462205922e-01
8.949504088316938277e-02
7.810025213426392832e-02
6.774642397220045908e-02
5.945857504993414672e-02
5.406265715583975090e-02
5.209906182675617253e-02
5.376500762251978233e-02
5.889329430550436367e-02
6.697026799722628765e-02
7.719060947701936182e-02
8.854181568757224507e-02
