9.039542251943295803e-02
1.028383323602601179e-01
1.138977557470902402e-01
1.225038025990342894e-01
1.278293524015811089e-01
1.293652106875251562e-01
1.269653756890776475e-01
1.208596931945066788e-01
1.116332693482002675e-01
1.001739457235454600e-01
8.759120374725272440e-02
7.511224410061517753e-02
6.396361753890049406e-02
5.524928607853216156e-02
4.983773133915688630e-02
4.827099943629246936e-02
5.070688516870032470e-02
5.690177212890931008e-02
6.623648045325690459e-02
7.778180764339916176e-02
9.039542251943140372e-02
1.028383323602514859e-01
1.138977557470834262e-01
1.225038025990321383e-01
1.278293524015770843e-01
1.293652106875321506e-01
1.269653756890839202e-01
1.208596931945060265e-01
1.116332693482107452e-01
1.001739457235468200e-01
8.759120374725545832e-02
7.511224410063711832e-02
6.396361753891942337e-02
5.524928607853716450e-02
4.983773133914789349e-02
4.827099943629329509e-02
5.070688516870087287e-02
5.690177212891939923e-02
6.623648045325600253e-02
7.778180764341742492e-02
9.039542251946462714e-02
1.028383323602687499e-01
1.138977557470962493e-01
1.225038025990461132e-01
1.278293524015846339e-01
1.293652106875407548e-01
1.269653756890969931e-01
1.208596931945195435e-01
1.116332693481938282e-01
1.001739457235318181e-01
8.759120374723866620e-02
7.511224410062497525e-02
6.396361753890664192e-02
5.524928607851618823e-02
4.983773133913414061e-02
4.827099943629481471e-02
5.070688516872053075e-02
5.690177212893271497e-02
6.623648045327469591e-02
7.778180764342193521e-02
9.039542251945759110e-02
1.028383323602841959e-01
1.138977557471085311e-01
1.225038025990428242e-01
1.278293524015835236e-01
1.293652106875407548e-01
1.269653756890904983e-01
1.208596931945024461e-01
1.116332693481968813e-01
1.001739457235447106e-01
8.759120374724922720e-02
7.511224410061456691e-02
6.396361753889165391e-02
5.524928607851635476e-02
4.983773133914971842e-02
4.827099943629557105e-02
5.070688516871325185e-02
5.690177212892356257e-02
6.623648045327544531e-02
7.778180764341489917e-02
9.039542251943190332e-02
1.028383323602638649e-01
1.138977557471112789e-01
1.225038025990406315e-01
1.278293524015799432e-01
1.293652106875305685e-01
1.269653756890953833e-01
1.208596931945123826e-01
1.116332693481826011e-01
1.001739457235248376e-01
8.759120374723967928e-02
7.511224410061120849e-02
6.396361753888958612e-02
5.524928607851095630e-02
4.983773133913902559e-02
4.827099943628285206e-02
5.070688516870424517e-02
5.690177212892451319e-02
6.623648045327050482e-02
7.778180764341874331e-02
