7.932367423241670767e-02
8.334936070862694613e-02
8.792633047055875561e-02
9.260661003463906138e-02
9.693326482777629705e-02
1.004846667290838769e-01
1.029150436292567833e-01
1.039876164193382774e-01
1.035973488506534007e-01
1.017812456898519596e-01
9.871518551631322524e-02
9.469742622502071161e-02
9.012012365524962876e-02
8.543137840290582208e-02
8.109135863509772668e-02
7.752679744085956559e-02
7.508849334453812641e-02
7.401625338019539313e-02
7.441498665943578616e-02
7.624445479078188759e-02
7.932367423241447335e-02
8.334936070862884738e-02
8.792633047056254425e-02
9.260661003464806806e-02
9.693326482778570619e-02
1.004846667290918150e-01
1.029150436292647908e-01
1.039876164193442448e-01
1.035973488506582996e-01
1.017812456898561507e-01
9.871518551631332239e-02
9.469742622501824136e-02
9.012012365525556845e-02
8.543137840290504492e-02
8.109135863509846220e-02
7.752679744085896885e-02
7.508849334453752966e-02
7.401625338018939793e-02
7.441498665943611923e-02
7.624445479078650889e-02
7.932367423242124571e-02
8.334936070863246949e-02
8.792633047056767903e-02
9.260661003464824848e-02
9.693326482778423514e-02
1.004846667290939105e-01
1.029150436292665394e-01
1.039876164193460489e-01
1.035973488506585632e-01
1.017812456898557483e-01
9.871518551631268401e-02
9.469742622501808871e-02
9.012012365525411128e-02
8.543137840290664087e-02
8.109135863509728259e-02
7.752679744085926028e-02
7.508849334453324142e-02
7.401625338018268108e-02
7.441498665943466206e-02
7.624445479078252597e-02
7.932367423241586113e-02
8.334936070862790369e-02
8.792633047056253037e-02
9.260661003464253083e-02
9.693326482777954445e-02
1.004846667290873463e-01
1.029150436292588650e-01
1.039876164193398317e-01
1.035973488506522489e-01
1.017812456898485318e-01
9.871518551630656391e-02
9.469742622501298168e-02
9.012012365524921242e-02
8.543137840290158935e-02
8.109135863509531195e-02
7.752679744086111990e-02
7.508849334453356061e-02
7.401625338018423539e-02
7.441498665943216406e-02
7.624445479078037491e-02
7.932367423241545867e-02
8.334936070862923596e-02
8.792633047055851969e-02
9.260661003464208674e-02
9.693326482777996078e-02
1.004846667290854867e-01
1.029150436292585458e-01
1.039876164193379304e-01
1.035973488506565787e-01
1.017812456898539580e-01
9.871518551631253136e-02
9.469742622502463902e-02
9.012012365525208513e-02
8.543137840290349061e-02
8.109135863509760178e-02
7.752679744086266034e-02
7.508849334453294999e-02
7.401625338018552602e-02
7.441498665943496738e-02
7.624445479078287291e-02
