9.811734498602811549e-02
1.085439004181403960e-01
1.170455784807747784e-01
1.228034472937396676e-01
1.252657293894875734e-01
1.241973351243747664e-01
1.197006372373177613e-01
1.122062835346475801e-01
1.024346369094184250e-01
9.133027815997082910e-02
7.997409868331099847e-02
6.947985199805205292e-02
6.088436225948448688e-02
5.504239397714748988e-02
5.253784833504843155e-02
5.362195881461752356e-02
5.818634940986768672e-02
6.577451527325554881e-02
7.563026021243933472e-02
8.677688130934003985e-02
9.811734498603415233e-02
1.085439004181470019e-01
1.170455784807661465e-01
1.228034472937473420e-01
1.252657293894878510e-01
1.241973351243741835e-01
1.197006372373131261e-01
1.122062835346315374e-01
1.024346369094290415e-01
9.133027815995439780e-02
7.997409868332991389e-02
6.947985199804312950e-02
6.088436225948989228e-02
5.504239397715842558e-02
5.253784833504973606e-02
5.362195881460684460e-02
5.818634940986146947e-02
6.577451527324905400e-02
7.563026021242867658e-02
8.677688130934131661e-02
9.811734498602855958e-02
1.085439004181513872e-01
1.170455784807799549e-01
1.228034472937405419e-01
1.252657293894878510e-01
1.241973351243627760e-01
1.197006372373066868e-01
1.122062835346278042e-01
1.024346369094346482e-01
9.133027815996484777e-02
7.997409868333490990e-02
6.947985199804934675e-02
6.088436225949650504e-02
5.504239397715509491e-02
5.253784833504422658e-02
5.362195881461592067e-02
5.818634940986382870e-02
6.577451527325928193e-02
7.563026021242075236e-02
8.677688130934030353e-02
9.811734498603751076e-02
1.085439004181569383e-01
1.170455784807682420e-01
1.228034472937484245e-01
1.252657293894892110e-01
1.241973351243628176e-01
1.197006372373087130e-01
1.122062835346425841e-01
1.024346369094307485e-01
9.133027815995888032e-02
7.997409868333793526e-02
6.947985199805903345e-02
6.088436225950807218e-02
5.504239397714841969e-02
5.253784833505043689e-02
5.362195881461736396e-02
5.818634940986919940e-02
6.577451527324881808e-02
7.563026021243508812e-02
8.677688130937344368e-02
9.811734498603133514e-02
1.085439004181677353e-01
1.170455784807722110e-01
1.228034472937496596e-01
1.252657293894892110e-01
1.241973351243675083e-01
1.197006372373042582e-01
1.122062835346340631e-01
1.024346369094246700e-01
9.133027815995055365e-02
7.997409868332938654e-02
6.947985199805309375e-02
6.088436225949123148e-02
5.504239397714016935e-02
5.253784833504210328e-02
5.362195881462573921e-02
5.818634940986411319e-02
6.577451527325246794e-02
7.563026021244238783e-02
8.677688130936493660e-02
