1.000213461895531342e-01
1.102983853201924130e-01
1.184808711268424825e-01
1.237818211207960123e-01
1.256938207731784218e-01
1.240343577881492521e-01
1.189619371087880240e-01
1.109620477499489166e-01
1.008038056981945263e-01
8.946996581511554303e-02
7.806516062691516711e-02
6.770964926445523224e-02
5.942822404474609049e-02
5.404565889221877445e-02
5.210054336603263392e-02
5.378803946046697287e-02
5.893893406992500167e-02
6.703776295629433613e-02
7.727761853912776258e-02
8.864457317566050432e-02
1.000213461895645695e-01
1.102983853201750797e-01
1.184808711268428849e-01
1.237818211207881852e-01
1.256938207731812529e-01
1.240343577881675846e-01
1.189619371087801414e-01
1.109620477499576457e-01
1.008038056982077518e-01
8.946996581511848512e-02
7.806516062691838675e-02
6.770964926448570786e-02
5.942822404472870162e-02
5.404565889220858121e-02
5.210054336603262698e-02
5.378803946046201850e-02
5.893893406992579964e-02
6.703776295628954829e-02
7.727761853912896994e-02
8.864457317564231054e-02
1.000213461895348294e-01
1.102983853201780218e-01
1.184808711268552361e-01
1.237818211207833557e-01
1.256938207731784218e-01
1.240343577881626302e-01
1.189619371087648203e-01
1.109620477499567159e-01
1.008038056982216712e-01
8.946996581513412539e-02
7.806516062689439206e-02
6.770964926448719279e-02
5.942822404474133041e-02
5.404565889221907976e-02
5.210054336603263392e-02
5.378803946045226936e-02
5.893893406991212308e-02
6.703776295627830728e-02
7.727761853913034384e-02
8.864457317563471939e-02
1.000213461895580469e-01
1.102983853201683767e-01
1.184808711268553610e-01
1.237818211207765695e-01
1.256938207731784218e-01
1.240343577881550391e-01
1.189619371087713845e-01
1.109620477499441427e-01
1.008038056982189373e-01
8.946996581512525748e-02
7.806516062692225866e-02
6.770964926449411780e-02
5.942822404473035308e-02
5.404565889219207359e-02
5.210054336603239106e-02
5.378803946045060402e-02
5.893893406990615563e-02
6.703776295628181836e-02
7.727761853912461232e-02
8.864457317563775862e-02
1.000213461895619188e-01
1.102983853201838227e-01
1.184808711268320047e-01
1.237818211208021602e-01
1.256938207731784218e-01
1.240343577881757725e-01
1.189619371087878019e-01
1.109620477499509150e-01
1.008038056982074743e-01
8.946996581511496016e-02
7.806516062691733204e-02
6.770964926448168331e-02
5.942822404473756953e-02
5.404565889221089880e-02
5.210054336603266167e-02
5.378803946044990320e-02
5.893893406992524453e-02
6.703776295628115223e-02
7.727761853911013779e-02
8.864457317563054217e-02
