8.349475521512481069e-02
8.510279823959701617e-02
8.709428623175446971e-02
8.927415727443706317e-02
9.142928467755229160e-02
9.334924193112187352e-02
9.484669755609320685e-02
9.577552089560799342e-02
9.604491457145637734e-02
9.562825556864949783e-02
9.456579744391219178e-02
9.296093276089502366e-02
9.097030453089481605e-02
8.878864599350555498e-02
8.662976634130489795e-02
8.470552507510401008e-02
8.320488979838591703e-02
8.227520547888426961e-02
8.200759816405039926e-02
8.242800835623331768e-02
8.349474950222904313e-02
8.510279291339958863e-02
8.709428126617596577e-02
8.927415264511720516e-02
9.142928036174188811e-02
9.334923790757469753e-02
9.484669380497401381e-02
9.577551739840874101e-02
9.604491131091323630e-02
9.562825252866974379e-02
9.456579460950020888e-02
9.296093011808573281e-02
9.097030206668843544e-02
8.878864369580262428e-02
8.662976419884753365e-02
8.470552307740855658e-02
8.320488793569230657e-02
8.227520374209941478e-02
8.200759654470167470e-02
8.242800684642000164e-02
8.349474809458233560e-02
8.510279160103653706e-02
8.709428004266585310e-02
8.927415150446044168e-02
9.142927929833370715e-02
9.334923691618042529e-02
9.484669288070768367e-02
9.577551653670539344e-02
9.604491050751970405e-02
9.562825177962271106e-02
9.456579391110626898e-02
9.296092946690320824e-02
9.097030145951354174e-02
8.878864312965306649e-02
8.662976367095079344e-02
8.470552258518102007e-02
8.320488747672905028e-02
8.227520331416147970e-02
8.200759614569815004e-02
8.242800647440610973e-02
8.349474774773765762e-02
8.510279127766925966e-02
8.709427974119324234e-02
8.927415122340516540e-02
9.142927903631076214e-02
9.334923667190074548e-02
9.484669265296861995e-02
9.577551632438272011e-02
9.604491030956564812e-02
9.562825159505852768e-02
9.456579373902082586e-02
9.296092930645148689e-02
9.097030130990554908e-02
8.878864299015377937e-02
8.662976354087499609e-02
8.470552246389552453e-02
8.320488736364027582e-02
8.227520320871689608e-02
8.200759604738599995e-02
8.242800638274452862e-02
8.349474766227907296e-02
8.510279119799263325e-02
8.709427966691238310e-02
8.927415115415510138e-02
9.142927897175084917e-02
9.334923661171447284e-02
9.484669259685711562e-02
9.577551627206953855e-02
9.604491026079152449e-02
9.562825154958434770e-02
9.456579369662025669e-02
9.296092926691747194e-02
9.097030127304303604e-02
8.878864295578355048e-02
8.662976350882713172e-02
8.470552243401011094e-02
8.320488733577523222e-02
8.227520318273535971e-02
8.200759602315965680e-02
8.242800636015570892e-02
