8.932028596186963876e-02
8.956686494117073460e-02
8.976361111570520246e-02
8.989127362818710720e-02
8.993736260489940126e-02
8.989736922265360863e-02
8.977520603775399066e-02
8.958282486641322429e-02
8.933904928902100528e-02
8.906773513334627357e-02
8.879543783021201508e-02
8.854881401070709146e-02
8.835201130130146407e-02
8.822430215368766426e-02
8.817819425459849647e-02
8.821820365495060268e-02
8.834041168005803135e-02
8.853284938625162470e-02
8.877667159881325043e-02
8.904800467685540510e-02
8.932028596186963876e-02
8.956686494117073460e-02
8.976361111570520246e-02
8.989127362818710720e-02
8.993736260489940126e-02
8.989736922265072205e-02
8.977520603775537844e-02
8.958282486642409059e-02
8.933904928902100528e-02
8.906773513334373393e-02
8.879543783021340286e-02
8.854881401070709146e-02
8.835201130130146407e-02
8.822430215368766426e-02
8.817819425459849647e-02
8.821820365495060268e-02
8.834041168005803135e-02
8.853284938625288758e-02
8.877667159881472148e-02
8.904800467686208032e-02
8.932028596187019387e-02
8.956686494117073460e-02
8.976361111571862228e-02
8.989127362818713496e-02
8.993736260489940126e-02
8.989736922265072205e-02
8.977520603775537844e-02
8.958282486642411835e-02
8.933904928902100528e-02
8.906773513334373393e-02
8.879543783021340286e-02
8.854881401069387981e-02
8.835201130130608538e-02
8.822430215368794182e-02
8.817819425459849647e-02
8.821820365495060268e-02
8.834041168005803135e-02
8.853284938625288758e-02
8.877667159881472148e-02
8.904800467687308541e-02
8.932028596187020775e-02
8.956686494117073460e-02
8.976361111571862228e-02
8.989127362820191480e-02
8.993736260491097534e-02
8.989736922265072205e-02
8.977520603775537844e-02
8.958282486642411835e-02
8.933904928902100528e-02
8.906773513334373393e-02
8.879543783021340286e-02
8.854881401069540636e-02
8.835201130130625191e-02
8.822430215368515238e-02
8.817819425459849647e-02
8.821820365495060268e-02
8.834041168005803135e-02
8.853284938626103384e-02
8.877667159881472148e-02
8.904800467687308541e-02
8.932028596187290004e-02
8.956686494117359343e-02
8.976361111572149498e-02
8.989127362820191480e-02
8.993736260491097534e-02
8.989736922265072205e-02
8.977520603775537844e-02
8.958282486642846210e-02
8.933904928902100528e-02
8.906773513334373393e-02
8.879543783021340286e-02
8.854881401069540636e-02
8.835201130130625191e-02
8.822430215368515238e-02
8.817819425459849647e-02
8.821820365495060268e-02
8.834041168005803135e-02
8.853284938626103384e-02
8.877667159881329206e-02
8.904800467687308541e-02
