1.002603608065925078e-01
1.105144717317258080e-01
1.186531736451967717e-01
1.238938376085923221e-01
1.257348783843464379e-01
1.240005459711107511e-01
1.188564479410989527e-01
1.107949059478856441e-01
1.005909991182677987e-01
8.923202014918053815e-02
7.782524536820097094e-02
6.749135614706032460e-02
5.925321650253104894e-02
5.393143718156817590e-02
5.205858757507306200e-02
5.382256812300069415e-02
5.904644616729604056e-02
6.720742594145054372e-02
7.749244644114652858e-02
8.888323314820016641e-02
1.002603608065992247e-01
1.105144717317188274e-01
1.186531736451967717e-01
1.238938376085948478e-01
1.257348783843464379e-01
1.240005459711107511e-01
1.188564479411121783e-01
1.107949059478816473e-01
1.005909991182704216e-01
8.923202014918864278e-02
7.782524536820097094e-02
6.749135614706466835e-02
5.925321650252964728e-02
5.393143718156817590e-02
5.205858757507306200e-02
5.382256812300069415e-02
5.904644616729604056e-02
6.720742594145066862e-02
7.749244644114652858e-02
8.888323314820283094e-02
1.002603608065924107e-01
1.105144717317258080e-01
1.186531736452013375e-01
1.238938376085909204e-01
1.257348783843464379e-01
1.240005459711221170e-01
1.188564479411035324e-01
1.107949059478816473e-01
1.005909991182702828e-01
8.923202014918053815e-02
7.782524536820097094e-02
6.749135614706032460e-02
5.925321650252497047e-02
5.393143718156817590e-02
5.205858757507306200e-02
5.382256812300069415e-02
5.904644616729604056e-02
6.720742594145054372e-02
7.749244644114652858e-02
8.888323314818215304e-02
1.002603608065823215e-01
1.105144717317185638e-01
1.186531736451967717e-01
1.238938376085948478e-01
1.257348783843464379e-01
1.240005459711221170e-01
1.188564479411121783e-01
1.107949059478816473e-01
1.005909991182519919e-01
8.923202014918357738e-02
7.782524536820725758e-02
6.749135614705673025e-02
5.925321650253104894e-02
5.393143718156592770e-02
5.205858757507306200e-02
5.382256812299786308e-02
5.904644616729360501e-02
6.720742594143654103e-02
7.749244644114895719e-02
8.888323314819125687e-02
1.002603608065924107e-01
1.105144717317258080e-01
1.186531736452013375e-01
1.238938376085923221e-01
1.257348783843464379e-01
1.240005459711221170e-01
1.188564479411035324e-01
1.107949059478816473e-01
1.005909991182704216e-01
8.923202014918367453e-02
7.782524536820289995e-02
6.749135614705223385e-02
5.925321650253094485e-02
5.393143718156817590e-02
5.205858757507306200e-02
5.382256812300069415e-02
5.904644616729604056e-02
6.720742594143890025e-02
7.749244644115022007e-02
8.888323314820016641e-02
