9.240108028804946971e-02
9.883863619312144300e-02
1.043168130334096444e-01
1.083033493010078507e-01
1.104121057845036807e-01
1.104393078002048334e-01
1.083824880421820624e-01
1.044406541273840000e-01
9.899569213949901969e-02
9.257649346548889324e-02
8.580874613542770202e-02
7.935471088403273088e-02
7.384848335364174732e-02
6.983303942269808440e-02
6.770556007580630364e-02
6.767697155136553899e-02
6.975027076148068716e-02
7.372015544570648116e-02
7.919402504021728906e-02
8.563194646322759562e-02
9.240108028804702722e-02
9.883863619311945847e-02
1.043168130333985422e-01
1.083033493010004678e-01
1.104121057845100506e-01
1.104393078002064849e-01
1.083824880421817571e-01
1.044406541273828759e-01
9.899569213950087931e-02
9.257649346547833225e-02
8.580874613543149065e-02
7.935471088403778239e-02
7.384848335362992344e-02
6.983303942269288023e-02
6.770556007579915658e-02
6.767697155137232523e-02
6.975027076147331806e-02
7.372015544572127488e-02
7.919402504024021516e-02
8.563194646324601145e-02
9.240108028806155727e-02
9.883863619311732129e-02
1.043168130334073546e-01
1.083033493009998571e-01
1.104121057845098425e-01
1.104393078002010725e-01
1.083824880421705994e-01
1.044406541273763533e-01
9.899569213949765967e-02
9.257649346548654790e-02
8.580874613543686136e-02
7.935471088405599005e-02
7.384848335363451699e-02
6.983303942269249165e-02
6.770556007579583979e-02
6.767697155137397669e-02
6.975027076147927163e-02
7.372015544571527967e-02
7.919402504023342892e-02
8.563194646325310300e-02
9.240108028805896212e-02
9.883863619312882598e-02
1.043168130334116844e-01
1.083033493010064074e-01
1.104121057845089821e-01
1.104393078001999762e-01
1.083824880421539322e-01
1.044406541273647238e-01
9.899569213947680135e-02
9.257649346544827296e-02
8.580874613540655227e-02
7.935471088402064332e-02
7.384848335363471128e-02
6.983303942269375453e-02
6.770556007580529057e-02
6.767697155137225584e-02
6.975027076147008454e-02
7.372015544571659806e-02
7.919402504023462241e-02
8.563194646324912007e-02
9.240108028807086926e-02
9.883863619312469040e-02
1.043168130334083399e-01
1.083033493010165660e-01
1.104121057845299791e-01
1.104393078002007395e-01
1.083824880421632997e-01
1.044406541273701916e-01
9.899569213948114510e-02
9.257649346546613367e-02
8.580874613541528140e-02
7.935471088402284989e-02
7.384848335363498883e-02
6.983303942269347697e-02
6.770556007580375013e-02
6.767697155137290810e-02
6.975027076147700955e-02
7.372015544572757539e-02
7.919402504024737610e-02
8.563194646325483772e-02
