9.816736691113119029e-02
1.075126938126348547e-01
1.150381758247276676e-01
1.200183184717533574e-01
1.219751590265858998e-01
1.207214485745491811e-01
1.163773587934855136e-01
1.093596813541720392e-01
1.003442188531105950e-01
9.020385803553401804e-02
7.992679643265793166e-02
7.052152468220300452e-02
6.291718717076491552e-02
5.786939839056424312e-02
5.588196005895618851e-02
5.715380879396830816e-02
6.155784448608148107e-02
6.865437763290996309e-02
7.773748533382296433e-02
8.790844314307326435e-02
9.816736691114377744e-02
1.075126938126306775e-01
1.150381758247421837e-01
1.200183184717254214e-01
1.219751590265607116e-01
1.207214485745543853e-01
1.163773587934887888e-01
1.093596813541755780e-01
1.003442188531347007e-01
9.020385803553020165e-02
7.992679643263676803e-02
7.052152468221403736e-02
6.291718717078341461e-02
5.786939839056105123e-02
5.588196005894894430e-02
5.715380879396649710e-02
6.155784448607596465e-02
6.865437763291522277e-02
7.773748533382116022e-02
8.790844314307182106e-02
9.816736691111586921e-02
1.075126938126225729e-01
1.150381758247309150e-01
1.200183184717354967e-01
1.219751590265761854e-01
1.207214485745708721e-01
1.163773587934948950e-01
1.093596813541835994e-01
1.003442188531190882e-01
9.020385803553555848e-02
7.992679643266076273e-02
7.052152468220233839e-02
6.291718717078473300e-02
5.786939839056279289e-02
5.588196005895618851e-02
5.715380879394364733e-02
6.155784448606468201e-02
6.865437763292424334e-02
7.773748533381964754e-02
8.790844314308467189e-02
9.816736691112086521e-02
1.075126938126188120e-01
1.150381758247190356e-01
1.200183184717573265e-01
1.219751590265782393e-01
1.207214485745711080e-01
1.163773587934850973e-01
1.093596813541867635e-01
1.003442188531269708e-01
9.020385803553364334e-02
7.992679643267089351e-02
7.052152468220408699e-02
6.291718717078764733e-02
5.786939839056288309e-02
5.588196005895618851e-02
5.715380879395608182e-02
6.155784448607037884e-02
6.865437763291594442e-02
7.773748533379978842e-02
8.790844314309281815e-02
9.816736691112661062e-02
1.075126938126206855e-01
1.150381758247334685e-01
1.200183184717268509e-01
1.219751590265607116e-01
1.207214485745624760e-01
1.163773587934892884e-01
1.093596813541787560e-01
1.003442188531209200e-01
9.020385803551700388e-02
7.992679643265884759e-02
7.052152468221922765e-02
6.291718717079064493e-02
5.786939839057015506e-02
5.588196005896322455e-02
5.715380879393744396e-02
6.155784448607270337e-02
6.865437763291998285e-02
7.773748533380545056e-02
8.790844314307602603e-02
