9.458306593684939756e-02
1.009467142938040018e-01
1.061400999908178877e-01
1.096597972245201419e-01
1.111656886878997358e-01
1.105125824322354122e-01
1.077635848681220143e-01
1.031842359632200168e-01
9.721786326221130980e-02
9.044406053814132984e-02
8.352364670635423205e-02
7.713484672082204785e-02
7.190660418581679147e-02
6.835565899860705785e-02
6.683406420212109622e-02
6.749300996733124947e-02
7.026715936087311876e-02
7.488136517072267739e-02
8.087898566573549497e-02
8.766849155739070421e-02
9.458306593684387420e-02
1.009467142938095946e-01
1.061400999908256593e-01
1.096597972245320074e-01
1.111656886878945177e-01
1.105125824322417544e-01
1.077635848681178787e-01
1.031842359632167277e-01
9.721786326221130980e-02
9.044406053814411928e-02
8.352364670635437083e-02
7.713484672083291416e-02
7.190660418582103808e-02
6.835565899860693295e-02
6.683406420212066601e-02
6.749300996731616431e-02
7.026715936087202241e-02
7.488136517071214415e-02
8.087898566574051873e-02
8.766849155739649124e-02
9.458306593684878694e-02
1.009467142938054174e-01
1.061400999908237580e-01
1.096597972245209884e-01
1.111656886878997358e-01
1.105125824322319844e-01
1.077635848681193498e-01
1.031842359632095252e-01
9.721786326221446006e-02
9.044406053813570934e-02
8.352364670634619681e-02
7.713484672083194271e-02
7.190660418582180136e-02
6.835565899859602501e-02
6.683406420211866761e-02
6.749300996731491531e-02
7.026715936087651881e-02
7.488136517072832565e-02
8.087898566572887527e-02
8.766849155738987154e-02
9.458306593684337460e-02
1.009467142938101913e-01
1.061400999908303222e-01
1.096597972245213215e-01
1.111656886878997774e-01
1.105125824322415046e-01
1.077635848681291475e-01
1.031842359632052647e-01
9.721786326219906960e-02
9.044406053812643898e-02
8.352364670633666277e-02
7.713484672080611615e-02
7.190660418582441038e-02
6.835565899859638583e-02
6.683406420211866761e-02
6.749300996732085500e-02
7.026715936088190340e-02
7.488136517072092879e-02
8.087898566573122061e-02
8.766849155738791477e-02
9.458306593684531749e-02
1.009467142938073603e-01
1.061400999908229670e-01
1.096597972245237362e-01
1.111656886878945177e-01
1.105125824322409495e-01
1.077635848681273989e-01
1.031842359632077905e-01
9.721786326219705732e-02
9.044406053812965862e-02
8.352364670633380395e-02
7.713484672079964910e-02
7.190660418582348057e-02
6.835565899859283312e-02
6.683406420211970844e-02
6.749300996730446534e-02
7.026715936086905256e-02
7.488136517071983245e-02
8.087898566571946612e-02
8.766849155737915789e-02
