8.849617915244806232e-02
1.007602684431270351e-01
1.118497254334860774e-01
1.206897002892511200e-01
1.264285264307011269e-01
1.285158995853480368e-01
1.267524105789752664e-01
1.213072066539336719e-01
1.127027458601378151e-01
1.017676487297469040e-01
8.956076878205126990e-02
7.727195979996583086e-02
6.610756425682172421e-02
5.717105546833491786e-02
5.135097268720729274e-02
4.922865795405435840e-02
5.101686725170886255e-02
5.653701072685127227e-02
6.523800546983446469e-02
7.625435825280182933e-02
8.849617915243812583e-02
1.007602684431236906e-01
1.118497254334975405e-01
1.206897002892367843e-01
1.264285264306953538e-01
1.285158995853455111e-01
1.267524105789689104e-01
1.213072066539210986e-01
1.127027458601283783e-01
1.017676487297328458e-01
8.956076878204605185e-02
7.727195979996666353e-02
6.610756425681403592e-02
5.717105546833572277e-02
5.135097268720705682e-02
4.922865795406058953e-02
5.101686725171607900e-02
5.653701072685140411e-02
6.523800546984552529e-02
7.625435825280048319e-02
8.849617915244650801e-02
1.007602684431298246e-01
1.118497254334998858e-01
1.206897002892583504e-01
1.264285264307134782e-01
1.285158995853485364e-01
1.267524105789674949e-01
1.213072066539299942e-01
1.127027458601399940e-01
1.017676487297322074e-01
8.956076878204954905e-02
7.727195979996545616e-02
6.610756425682076665e-02
5.717105546833377294e-02
5.135097268719348435e-02
4.922865795405869521e-02
5.101686725172901310e-02
5.653701072685556744e-02
6.523800546985764059e-02
7.625435825279304469e-02
8.849617915245650002e-02
1.007602684431353479e-01
1.118497254334931690e-01
1.206897002892481918e-01
1.264285264307063450e-01
1.285158995853393493e-01
1.267524105789709088e-01
1.213072066539221255e-01
1.127027458601300020e-01
1.017676487297140553e-01
8.956076878203925173e-02
7.727195979995835073e-02
6.610756425681102444e-02
5.717105546832478707e-02
5.135097268720563435e-02
4.922865795406359407e-02
5.101686725173076170e-02
5.653701072685838463e-02
6.523800546985610016e-02
7.625435825280454938e-02
8.849617915246343891e-02
1.007602684431379292e-01
1.118497254335000107e-01
1.206897002892606402e-01
1.264285264307186962e-01
1.285158995853452335e-01
1.267524105789723798e-01
1.213072066539294808e-01
1.127027458601228410e-01
1.017676487297250881e-01
8.956076878204088931e-02
7.727195979995706010e-02
6.610756425681689474e-02
5.717105546832518259e-02
5.135097268720570374e-02
4.922865795406085321e-02
5.101686725173496667e-02
5.653701072685392293e-02
6.523800546985357440e-02
7.625435825281527691e-02
