1.935939054411236926e+00
1.963140479308214115e+00
1.990622189573416412e+00
2.016278011109984725e+00
2.038492271487808871e+00
2.056021445117050206e+00
2.067873259148627962e+00
2.073217822292405366e+00
2.071356585475562007e+00
2.061779432734678341e+00
2.044346220682399462e+00
2.019613425749015700e+00
1.989252051687634415e+00
1.956350620457515177e+00
1.925254913246420285e+00
1.900698447833756299e+00
1.886454161924494999e+00
1.884225488717197194e+00
1.893402211081671505e+00
1.911667745354573178e+00
1.935939054411231819e+00
1.963140479308213227e+00
1.990622189573401091e+00
2.016278011109969626e+00
2.038492271487791996e+00
2.056021445117055091e+00
2.067873259148620413e+00
2.073217822292402257e+00
2.071356585475540246e+00
2.061779432734648587e+00
2.044346220682376369e+00
2.019613425749002378e+00
1.989252051687636413e+00
1.956350620457507627e+00
1.925254913246415844e+00
1.900698447833753191e+00
1.886454161924497441e+00
1.884225488717212293e+00
1.893402211081679720e+00
1.911667745354594716e+00
1.935939054411249360e+00
1.963140479308212116e+00
1.990622189573402645e+00
2.016278011109971402e+00
2.038492271487794216e+00
2.056021445117047541e+00
2.067873259148607090e+00
2.073217822292392931e+00
2.071356585475541578e+00
2.061779432734654360e+00
2.044346220682383919e+00
2.019613425748997049e+00
1.989252051687614875e+00
1.956350620457511624e+00
1.925254913246408517e+00
1.900698447833745641e+00
1.886454161924493222e+00
1.884225488717212293e+00
1.893402211081682385e+00
1.911667745354605152e+00
1.935939054411268900e+00
1.963140479308239872e+00
1.990622189573431511e+00
2.016278011109974955e+00
2.038492271487802654e+00
2.056021445117048874e+00
2.067873259148594656e+00
2.073217822292384493e+00
2.071356585475533141e+00
2.061779432734643702e+00
2.044346220682369708e+00
2.019613425748982394e+00
1.989252051687596445e+00
1.956350620457476541e+00
1.925254913246380761e+00
1.900698447833717220e+00
1.886454161924468131e+00
1.884225488717188313e+00
1.893402211081675723e+00
1.911667745354596937e+00
1.935939054411258686e+00
1.963140479308227659e+00
1.990622189573421519e+00
2.016278011109989166e+00
2.038492271487810648e+00
2.056021445117064861e+00
2.067873259148625298e+00
2.073217822292406254e+00
2.071356585475546463e+00
2.061779432734646367e+00
2.044346220682354165e+00
2.019613425748983726e+00
1.989252051687594669e+00
1.956350620457492306e+00
1.925254913246403854e+00
1.900698447833744753e+00
1.886454161924499662e+00
1.884225488717213848e+00
1.893402211081685271e+00
1.911667745354608039e+00
