1.993097337863347862e+00
2.011632152817223407e+00
2.028953831225354776e+00
2.043659149999297764e+00
2.054695223076333122e+00
2.061332626783763278e+00
2.063127748287910013e+00
2.059901960519262332e+00
2.051753924221737968e+00
2.039109396400647256e+00
2.022797291193393576e+00
2.004119016071097548e+00
1.984854517229401649e+00
1.967139312568823462e+00
1.953176267075674932e+00
1.944822854645448462e+00
1.943183997660588691e+00
1.948372177030287089e+00
1.959529390738760535e+00
1.975080881736797300e+00
1.993097337863346086e+00
2.011632152817224739e+00
2.028953831225352555e+00
2.043659149999299984e+00
2.054695223076327792e+00
2.061332626783769495e+00
2.063127748287910457e+00
2.059901960519267217e+00
2.051753924221739300e+00
2.039109396400633933e+00
2.022797291193379809e+00
2.004119016071100656e+00
1.984854517229379667e+00
1.967139312568795484e+00
1.953176267075675598e+00
1.944822854645442911e+00
1.943183997660577589e+00
1.948372177030285313e+00
1.959529390738774079e+00
1.975080881736802407e+00
1.993097337863362961e+00
2.011632152817244279e+00
2.028953831225372983e+00
2.043659149999328850e+00
2.054695223076353550e+00
2.061332626783780153e+00
2.063127748287921559e+00
2.059901960519283204e+00
2.051753924221746406e+00
2.039109396400643703e+00
2.022797291193374924e+00
2.004119016071089998e+00
1.984854517229374116e+00
1.967139312568796816e+00
1.953176267075666939e+00
1.944822854645440025e+00
1.943183997660582030e+00
1.948372177030268659e+00
1.959529390738771415e+00
1.975080881736804850e+00
1.993097337863368290e+00
2.011632152817238950e+00
2.028953831225370319e+00
2.043659149999310198e+00
2.054695223076342891e+00
2.061332626783785038e+00
2.063127748287916230e+00
2.059901960519279651e+00
2.051753924221774827e+00
2.039109396400663687e+00
2.022797291193406011e+00
2.004119016071123305e+00
1.984854517229404536e+00
1.967139312568807918e+00
1.953176267075693140e+00
1.944822854645462673e+00
1.943183997660584916e+00
1.948372177030277097e+00
1.959529390738743215e+00
1.975080881736785310e+00
1.993097337863339646e+00
2.011632152817222519e+00
2.028953831225355220e+00
2.043659149999303537e+00
2.054695223076341559e+00
2.061332626783782818e+00
2.063127748287915342e+00
2.059901960519290753e+00
2.051753924221762393e+00
2.039109396400670793e+00
2.022797291193411784e+00
2.004119016071137072e+00
1.984854517229416526e+00
1.967139312568822573e+00
1.953176267075682926e+00
1.944822854645445576e+00
1.943183997660556495e+00
1.948372177030254893e+00
1.959529390738738996e+00
1.975080881736773319e+00
