2.167491558550997066e+00
2.180143211294625516e+00
2.190054688123158400e+00
2.196514104596020811e+00
2.199097653257910512e+00
2.197644890091685177e+00
2.192246309741626042e+00
2.183250097076204099e+00
2.171284327842885276e+00
2.157280061557197648e+00
2.142470173726658267e+00
2.128332231028389199e+00
2.116448979144974540e+00
2.108284743867715694e+00
2.104918230349668740e+00
2.106811952353197626e+00
2.113705109800579685e+00
2.124674489707953029e+00
2.138337651028902275e+00
2.153118899994430624e+00
2.167491558551023711e+00
2.180143211294629069e+00
2.190054688123164617e+00
2.196514104596030581e+00
2.199097653257917617e+00
2.197644890091688286e+00
2.192246309741612720e+00
2.183250097076197882e+00
2.171284327842887496e+00
2.157280061557182549e+00
2.142470173726668925e+00
2.128332231028390531e+00
2.116448979144974984e+00
2.108284743867690825e+00
2.104918230349668296e+00
2.106811952353205619e+00
2.113705109800588566e+00
2.124674489707973901e+00
2.138337651028879183e+00
2.153118899994418189e+00
2.167491558551010833e+00
2.180143211294637506e+00
2.190054688123158400e+00
2.196514104596009709e+00
2.199097653257911844e+00
2.197644890091678516e+00
2.192246309741611388e+00
2.183250097076203655e+00
2.171284327842872841e+00
2.157280061557178996e+00
2.142470173726667593e+00
2.128332231028416732e+00
2.116448979144969655e+00
2.108284743867708588e+00
2.104918230349669628e+00
2.106811952353195405e+00
2.113705109800588566e+00
2.124674489707969904e+00
2.138337651028888509e+00
2.153118899994414193e+00
2.167491558551011277e+00
2.180143211294639283e+00
2.190054688123155291e+00
2.196514104596037242e+00
2.199097653257910956e+00
2.197644890091679404e+00
2.192246309741635368e+00
2.183250097076215646e+00
2.171284327842876838e+00
2.157280061557202533e+00
2.142470173726676475e+00
2.128332231028392751e+00
2.116448979144977205e+00
2.108284743867716582e+00
2.104918230349674513e+00
2.106811952353211836e+00
2.113705109800589899e+00
2.124674489707957914e+00
2.138337651028890285e+00
2.153118899994423519e+00
2.167491558551009501e+00
2.180143211294645056e+00
2.190054688123161508e+00
2.196514104596007488e+00
2.199097653257915397e+00
2.197644890091689174e+00
2.192246309741630927e+00
2.183250097076222751e+00
2.171284327842883055e+00
2.157280061557206974e+00
2.142470173726680027e+00
2.128332231028420729e+00
2.116448979144976317e+00
2.108284743867717026e+00
2.104918230349674513e+00
2.106811952353204731e+00
2.113705109800571247e+00
2.124674489707940594e+00
2.138337651028877406e+00
2.153118899994423074e+00
