2.086971415225394200e+00
2.124288136672996430e+00
2.158910187846220463e+00
2.188780954893061015e+00
2.212525525609139176e+00
2.229167590290034084e+00
2.237919535921714775e+00
2.238063532379670484e+00
2.228939486643305656e+00
2.210074819584828543e+00
2.181509282707247532e+00
2.144344754557631738e+00
2.101416400992097255e+00
2.057702821738408350e+00
2.019852568679851856e+00
1.994480345999065873e+00
1.985871292161199619e+00
1.994534148548030350e+00
2.017515419912716101e+00
2.049994011206119460e+00
2.086971415225417292e+00
2.124288136673023075e+00
2.158910187846254214e+00
2.188780954893088992e+00
2.212525525609158272e+00
2.229167590290046963e+00
2.237919535921725434e+00
2.238063532379682918e+00
2.228939486643312762e+00
2.210074819584828543e+00
2.181509282707237318e+00
2.144344754557624189e+00
2.101416400992081268e+00
2.057702821738385701e+00
2.019852568679831428e+00
1.994480345999059212e+00
1.985871292161190294e+00
1.994534148548025687e+00
2.017515419912714325e+00
2.049994011206125677e+00
2.086971415225416404e+00
2.124288136673016414e+00
2.158910187846244000e+00
2.188780954893074782e+00
2.212525525609149835e+00
2.229167590290039858e+00
2.237919535921718328e+00
2.238063532379668263e+00
2.228939486643295886e+00
2.210074819584809447e+00
2.181509282707217334e+00
2.144344754557608201e+00
2.101416400992073719e+00
2.057702821738383925e+00
2.019852568679829208e+00
1.994480345999057214e+00
1.985871292161196067e+00
1.994534148548038122e+00
2.017515419912729868e+00
2.049994011206137223e+00
2.086971415225423954e+00
2.124288136673030181e+00
2.158910187846251993e+00
2.188780954893081887e+00
2.212525525609153387e+00
2.229167590290036305e+00
2.237919535921704561e+00
2.238063532379665599e+00
2.228939486643294998e+00
2.210074819584805450e+00
2.181509282707215114e+00
2.144344754557596655e+00
2.101416400992053291e+00
2.057702821738361276e+00
2.019852568679814553e+00
1.994480345999046556e+00
1.985871292161190294e+00
1.994534148548030572e+00
2.017515419912726315e+00
2.049994011206138111e+00
2.086971415225429283e+00
2.124288136673032401e+00
2.158910187846251993e+00
2.188780954893079667e+00
2.212525525609154275e+00
2.229167590290034529e+00
2.237919535921709446e+00
2.238063532379659382e+00
2.228939486643286561e+00
2.210074819584797012e+00
2.181509282707203567e+00
2.144344754557585553e+00
2.101416400992035083e+00
2.057702821738345289e+00
2.019852568679798122e+00
1.994480345999039894e+00
1.985871292161189849e+00
1.994534148548043673e+00
2.017515419912745855e+00
2.049994011206161204e+00
