2.054108251408818031e+00
2.096286374136684394e+00
2.126003240081655754e+00
2.144038658570349476e+00
2.151089791398846707e+00
2.147480381481389422e+00
2.133072641136106284e+00
2.107311618769378114e+00
2.069431962737094288e+00
2.018958950353206383e+00
1.956722120145562016e+00
1.886530318954903418e+00
1.817066884732362997e+00
1.762184977992725887e+00
1.736904341697026233e+00
1.749433653204402361e+00
1.795656811297829059e+00
1.861998682504634850e+00
1.933440885236482831e+00
1.999273515844310900e+00
2.054108251408793162e+00
2.096286374136639097e+00
2.126003240081643764e+00
2.144038658570345479e+00
2.151089791398845374e+00
2.147480381481393419e+00
2.133072641136127157e+00
2.107311618769380335e+00
2.069431962737058317e+00
2.018958950353188175e+00
1.956722120145562904e+00
1.886530318954903862e+00
1.817066884732421173e+00
1.762184977992760748e+00
1.736904341697018461e+00
1.749433653204337524e+00
1.795656811297852595e+00
1.861998682504614866e+00
1.933440885236506146e+00
1.999273515844308013e+00
2.054108251408813590e+00
2.096286374136653308e+00
2.126003240081666856e+00
2.144038658570339706e+00
2.151089791398845819e+00
2.147480381481410294e+00
2.133072641136133374e+00
2.107311618769395878e+00
2.069431962737092068e+00
2.018958950353205939e+00
1.956722120145576893e+00
1.886530318954934948e+00
1.817066884732384535e+00
1.762184977992780510e+00
1.736904341697057097e+00
1.749433653204392591e+00
1.795656811297803968e+00
1.861998682504586222e+00
1.933440885236506368e+00
1.999273515844281146e+00
2.054108251408775843e+00
2.096286374136645314e+00
2.126003240081637102e+00
2.144038658570333933e+00
2.151089791398844930e+00
2.147480381481408074e+00
2.133072641136130709e+00
2.107311618769402095e+00
2.069431962737093844e+00
2.018958950353225923e+00
1.956722120145609090e+00
1.886530318954934948e+00
1.817066884732395859e+00
1.762184977992794499e+00
1.736904341697064869e+00
1.749433653204365946e+00
1.795656811297823507e+00
1.861998682504613312e+00
1.933440885236459961e+00
1.999273515844302018e+00
2.054108251408778951e+00
2.096286374136635100e+00
2.126003240081634882e+00
2.144038658570343703e+00
2.151089791398847151e+00
2.147480381481405853e+00
2.133072641136135594e+00
2.107311618769402983e+00
2.069431962737097397e+00
2.018958950353230364e+00
1.956722120145571564e+00
1.886530318954927621e+00
1.817066884732393861e+00
1.762184977992782509e+00
1.736904341697055987e+00
1.749433653204373718e+00
1.795656811297786426e+00
1.861998682504594438e+00
1.933440885236435314e+00
1.999273515844274485e+00
