2.184223796101796733e+00
2.231905055671736360e+00
2.267268336939911588e+00
2.290290404633573473e+00
2.301305095484369900e+00
2.300562138982155336e+00
2.288039084362808229e+00
2.263442942695720106e+00
2.226409165531817447e+00
2.176980992351841060e+00
2.116492596776483381e+00
2.048871071516683351e+00
1.981910028785071276e+00
1.927232526152089731e+00
1.897355535972599094e+00
1.900187005505719284e+00
1.934715803999431438e+00
1.991760156513253666e+00
2.058910384993537512e+00
2.125397567622036910e+00
2.184223796101779413e+00
2.231905055671736360e+00
2.267268336939909812e+00
2.290290404633580579e+00
2.301305095484353025e+00
2.300562138982141125e+00
2.288039084362793130e+00
2.263442942695713445e+00
2.226409165531822776e+00
2.176980992351857491e+00
2.116492596776489599e+00
2.048871071516701114e+00
1.981910028785080158e+00
1.927232526152115710e+00
1.897355535972602647e+00
1.900187005505710625e+00
1.934715803999397910e+00
1.991760156513231461e+00
2.058910384993503762e+00
2.125397567622016481e+00
2.184223796101774973e+00
2.231905055671719484e+00
2.267268336939908480e+00
2.290290404633570809e+00
2.301305095484369900e+00
2.300562138982157556e+00
2.288039084362806452e+00
2.263442942695726323e+00
2.226409165531838319e+00
2.176980992351861932e+00
2.116492596776506030e+00
2.048871071516714437e+00
1.981910028785072386e+00
1.927232526152125258e+00
1.897355535972581109e+00
1.900187005505707294e+00
1.934715803999391692e+00
1.991760156513234126e+00
2.058910384993498877e+00
2.125397567622016481e+00
2.184223796101775861e+00
2.231905055671735028e+00
2.267268336939903151e+00
2.290290404633556154e+00
2.301305095484349472e+00
2.300562138982147342e+00
2.288039084362801567e+00
2.263442942695738758e+00
2.226409165531844092e+00
2.176980992351873923e+00
2.116492596776506474e+00
2.048871071516720654e+00
1.981910028785073941e+00
1.927232526152109715e+00
1.897355535972607754e+00
1.900187005505687532e+00
1.934715803999421668e+00
1.991760156513193492e+00
2.058910384993481557e+00
2.125397567621996497e+00
2.184223796101766535e+00
2.231905055671728810e+00
2.267268336939888496e+00
2.290290404633561927e+00
2.301305095484378338e+00
2.300562138982154003e+00
2.288039084362807785e+00
2.263442942695735205e+00
2.226409165531843204e+00
2.176980992351872146e+00
2.116492596776524682e+00
2.048871071516721987e+00
1.981910028785080158e+00
1.927232526152128811e+00
1.897355535972586438e+00
1.900187005505669990e+00
1.934715803999388362e+00
1.991760156513203928e+00
2.058910384993482001e+00
2.125397567621994277e+00
