1.914021882664972640e+00
1.947400667086345960e+00
1.980634703399821728e+00
2.011349816201917662e+00
2.037812881072519566e+00
2.058729926462430804e+00
2.073062644566669555e+00
2.079892338495002324e+00
2.078353380112755389e+00
2.067672945623399983e+00
2.047378129299495697e+00
2.017736633296018489e+00
1.980416220884118950e+00
1.939103266694315986e+00
1.899494570990880149e+00
1.868111492275939423e+00
1.850197943561680214e+00
1.847955401128797526e+00
1.860245405776743910e+00
1.883665274756000763e+00
1.914021882664981966e+00
1.947400667086342185e+00
1.980634703399824836e+00
2.011349816201919882e+00
2.037812881072528448e+00
2.058729926462437909e+00
2.073062644566664670e+00
2.079892338494989890e+00
2.078353380112742510e+00
2.067672945623395098e+00
2.047378129299479266e+00
2.017736633295994064e+00
1.980416220884096301e+00
1.939103266694283345e+00
1.899494570990840625e+00
1.868111492275888796e+00
1.850197943561648239e+00
1.847955401128768882e+00
1.860245405776726368e+00
1.883665274755990771e+00
1.914021882664975527e+00
1.947400667086337522e+00
1.980634703399816399e+00
2.011349816201914553e+00
2.037812881072527560e+00
2.058729926462439686e+00
2.073062644566664670e+00
2.079892338494995219e+00
2.078353380112734961e+00
2.067672945623401315e+00
2.047378129299490812e+00
2.017736633295988735e+00
1.980416220884089196e+00
1.939103266694285788e+00
1.899494570990860387e+00
1.868111492275905450e+00
1.850197943561673108e+00
1.847955401128807296e+00
1.860245405776749905e+00
1.883665274756008756e+00
1.914021882664989960e+00
1.947400667086358839e+00
1.980634703399835939e+00
2.011349816201920770e+00
2.037812881072528892e+00
2.058729926462440574e+00
2.073062644566674440e+00
2.079892338495000992e+00
2.078353380112746951e+00
2.067672945623381775e+00
2.047378129299465055e+00
2.017736633295970972e+00
1.980416220884073430e+00
1.939103266694271355e+00
1.899494570990838183e+00
1.868111492275885910e+00
1.850197943561663116e+00
1.847955401128788866e+00
1.860245405776753236e+00
1.883665274756017638e+00
1.914021882665006169e+00
1.947400667086372605e+00
1.980634703399842822e+00
2.011349816201928320e+00
2.037812881072547544e+00
2.058729926462457449e+00
2.073062644566686874e+00
2.079892338495005433e+00
2.078353380112744286e+00
2.067672945623390213e+00
2.047378129299455285e+00
2.017736633295945659e+00
1.980416220884051670e+00
1.939103266694243377e+00
1.899494570990797992e+00
1.868111492275864594e+00
1.850197943561640468e+00
1.847955401128789976e+00
1.860245405776751015e+00
1.883665274756024077e+00
