2.025745272205008440e+00
2.055481375815536804e+00
2.078551343733594958e+00
2.094167703670301695e+00
2.102024362917905176e+00
2.102038033210878343e+00
2.094217967360449517e+00
2.078660983577714561e+00
2.055672501083533721e+00
2.026019679083277403e+00
1.991301768997831401e+00
1.954344054647086715e+00
1.919377022836469049e+00
1.891640041275697959e+00
1.876177587131079738e+00
1.876139241554698911e+00
1.891511695941552329e+00
1.919145109765182822e+00
1.954034323474588275e+00
1.990977623430090215e+00
2.025745272205004888e+00
2.055481375815547462e+00
2.078551343733566092e+00
2.094167703670316794e+00
2.102024362917906508e+00
2.102038033210880119e+00
2.094217967360460619e+00
2.078660983577738097e+00
2.055672501083533277e+00
2.026019679083247649e+00
1.991301768997836286e+00
1.954344054647068063e+00
1.919377022836457058e+00
1.891640041275720829e+00
1.876177587131096391e+00
1.876139241554726889e+00
1.891511695941514581e+00
1.919145109765164614e+00
1.954034323474595825e+00
1.990977623430068455e+00
2.025745272204990233e+00
2.055481375815521705e+00
2.078551343733578971e+00
2.094167703670328784e+00
2.102024362917904288e+00
2.102038033210877455e+00
2.094217967360466393e+00
2.078660983577742094e+00
2.055672501083513737e+00
2.026019679083236102e+00
1.991301768997800536e+00
1.954344054647062956e+00
1.919377022836469715e+00
1.891640041275703288e+00
1.876177587131092173e+00
1.876139241554684034e+00
1.891511695941514137e+00
1.919145109765167279e+00
1.954034323474589829e+00
1.990977623430053356e+00
2.025745272204996006e+00
2.055481375815539913e+00
2.078551343733608725e+00
2.094167703670312353e+00
2.102024362917898959e+00
2.102038033210869905e+00
2.094217967360450405e+00
2.078660983577752752e+00
2.055672501083538162e+00
2.026019679083299607e+00
1.991301768997829624e+00
1.954344054647091822e+00
1.919377022836486368e+00
1.891640041275709505e+00
1.876177587131114821e+00
1.876139241554724890e+00
1.891511695941547888e+00
1.919145109765172386e+00
1.954034323474595380e+00
1.990977623430066235e+00
2.025745272205015102e+00
2.055481375815549683e+00
2.078551343733576307e+00
2.094167703670309244e+00
2.102024362917897182e+00
2.102038033210869461e+00
2.094217967360453958e+00
2.078660983577740762e+00
2.055672501083508852e+00
2.026019679083245872e+00
1.991301768997807642e+00
1.954344054647077167e+00
1.919377022836504576e+00
1.891640041275719053e+00
1.876177587131107494e+00
1.876139241554732884e+00
1.891511695941517690e+00
1.919145109765126422e+00
1.954034323474559853e+00
1.990977623430055798e+00
