2.158581128145216521e+00
2.171498077392078230e+00
2.182450295496678017e+00
2.190566984434364706e+00
2.195252782666893943e+00
2.196179094577704660e+00
2.193274217212933586e+00
2.186723675011688961e+00
2.176982813300138098e+00
2.164793732235527735e+00
2.151188724562802967e+00
2.137455060844896781e+00
2.125036638808857070e+00
2.115362897375079765e+00
2.109625430470773555e+00
2.108556858973127834e+00
2.112283161563715428e+00
2.120302696854502233e+00
2.131597624108921174e+00
2.144833738637934584e+00
2.158581128145227179e+00
2.171498077392068904e+00
2.182450295496669135e+00
2.190566984434366482e+00
2.195252782666886393e+00
2.196179094577722868e+00
2.193274217212936694e+00
2.186723675011700951e+00
2.176982813300139874e+00
2.164793732235537949e+00
2.151188724562814514e+00
2.137455060844885235e+00
2.125036638808835310e+00
2.115362897375069107e+00
2.109625430470758012e+00
2.108556858973122061e+00
2.112283161563685674e+00
2.120302696854488467e+00
2.131597624108922506e+00
2.144833738637927922e+00
2.158581128145211192e+00
2.171498077392050252e+00
2.182450295496651815e+00
2.190566984434374920e+00
2.195252782666910374e+00
2.196179094577725976e+00
2.193274217212932253e+00
2.186723675011700063e+00
2.176982813300129660e+00
2.164793732235529955e+00
2.151188724562791865e+00
2.137455060844877686e+00
2.125036638808856182e+00
2.115362897375085094e+00
2.109625430470771335e+00
2.108556858973130499e+00
2.112283161563687894e+00
2.120302696854481805e+00
2.131597624108913624e+00
2.144833738637926590e+00
2.158581128145216521e+00
2.171498077392083559e+00
2.182450295496672243e+00
2.190566984434366038e+00
2.195252782666901936e+00
2.196179094577710433e+00
2.193274217212932253e+00
2.186723675011697399e+00
2.176982813300130992e+00
2.164793732235527290e+00
2.151188724562802967e+00
2.137455060844891452e+00
2.125036638808845524e+00
2.115362897375067330e+00
2.109625430470758456e+00
2.108556858973107850e+00
2.112283161563702105e+00
2.120302696854499569e+00
2.131597624108919398e+00
2.144833738637947018e+00
2.158581128145219186e+00
2.171498077392065351e+00
2.182450295496659809e+00
2.190566984434368702e+00
2.195252782666888614e+00
2.196179094577716207e+00
2.193274217212922927e+00
2.186723675011668977e+00
2.176982813300125219e+00
2.164793732235529067e+00
2.151188724562797194e+00
2.137455060844887456e+00
2.125036638808830869e+00
2.115362897375074436e+00
2.109625430470769114e+00
2.108556858973126502e+00
2.112283161563686118e+00
2.120302696854492908e+00
2.131597624108917177e+00
2.144833738637937692e+00
