1.958725535167117782e+00
1.970169881348387886e+00
1.982757633523011709e+00
1.995431537036483016e+00
2.007287619647408761e+00
2.017550210494017726e+00
2.025538827314353973e+00
2.030646159137160289e+00
2.032340872489676986e+00
2.030208451578153994e+00
2.024042372307917947e+00
2.013987506134769845e+00
2.000707058369743496e+00
1.985493423384993461e+00
1.970204689259409170e+00
1.956947724508108388e+00
1.947575078507820523e+00
1.943219729732180712e+00
1.944095938667910639e+00
1.949620997027660785e+00
1.958725525805516066e+00
1.970169872695062274e+00
1.982757625526700096e+00
1.995431529648378444e+00
2.007287612821346379e+00
2.017550204186550289e+00
2.025538821484785146e+00
2.030646153747451166e+00
2.032340867504413673e+00
2.030208446964472557e+00
2.024042368035486206e+00
2.013987502175783817e+00
2.000707054699036203e+00
1.985493419980092433e+00
1.970204686100494040e+00
1.956947721577785515e+00
1.947575075790727528e+00
1.943219727214434034e+00
1.944095936336581065e+00
1.949620994870469914e+00
1.958725523810641578e+00
1.970169870851110394e+00
1.982757623822753557e+00
1.995431528074034899e+00
2.007287611366767699e+00
2.017550202842475660e+00
2.025538820242540616e+00
2.030646152598936993e+00
2.032340866442071903e+00
2.030208445981305232e+00
2.024042367125029163e+00
2.013987501332119567e+00
2.000707053916812139e+00
1.985493419254509284e+00
1.970204685427334290e+00
1.956947720953333247e+00
1.947575075211710249e+00
1.943219726677891446e+00
1.944095935839772027e+00
1.949620994410770525e+00
1.958725523385533629e+00
1.970169870458170269e+00
1.982757623459646457e+00
1.995431527738546595e+00
2.007287611056800092e+00
2.017550202556059880e+00
2.025538819977823923e+00
2.030646152354194545e+00
2.032340866215697428e+00
2.030208445771805259e+00
2.024042366931027903e+00
2.013987501152354920e+00
2.000707053750141906e+00
1.985493419099914725e+00
1.970204685283903245e+00
1.956947720820282788e+00
1.947575075088342045e+00
1.943219726563570893e+00
1.944095935733918479e+00
1.949620994312822875e+00
1.958725523294956972e+00
1.970169870374447463e+00
1.982757623382284784e+00
1.995431527667068217e+00
2.007287610990760474e+00
2.017550202495041578e+00
2.025538819921428146e+00
2.030646152302054475e+00
2.032340866167473337e+00
2.030208445727173849e+00
2.024042366889701849e+00
2.013987501114059331e+00
2.000707053714626316e+00
1.985493419066965526e+00
1.970204685253337473e+00
1.956947720791932577e+00
1.947575075062047523e+00
1.943219726539211933e+00
1.944095935711362744e+00
1.949620994291947573e+00
