2.031684891011845906e+00
2.073985909673724759e+00
2.105486683044036855e+00
2.126177617457100766e+00
2.136401866069511435e+00
2.136435090749057242e+00
2.126304082181857513e+00
2.105777715367804337e+00
2.074527184522412693e+00
2.032521330891823297e+00
1.980764178810460630e+00
1.922403810674570224e+00
1.863871659845745876e+00
1.815006551664946954e+00
1.786771890904738092e+00
1.786623626979981116e+00
1.814509670893160731e+00
1.862998292643489595e+00
1.921303479872164877e+00
1.979695660742295749e+00
2.031684891011828142e+00
2.073985909673703887e+00
2.105486683044027529e+00
2.126177617457098989e+00
2.136401866069504329e+00
2.136435090749053689e+00
2.126304082181854849e+00
2.105777715367811442e+00
2.074527184522409584e+00
2.032521330891800204e+00
1.980764178810431320e+00
1.922403810674587321e+00
1.863871659845767415e+00
1.815006551664948065e+00
1.786771890904754745e+00
1.786623626979987112e+00
1.814509670893150073e+00
1.862998292643477161e+00
1.921303479872162878e+00
1.979695660742329943e+00
2.031684891011852567e+00
2.073985909673714989e+00
2.105486683044023088e+00
2.126177617457090552e+00
2.136401866069512323e+00
2.136435090749062571e+00
2.126304082181879718e+00
2.105777715367828318e+00
2.074527184522405143e+00
2.032521330891824185e+00
1.980764178810454190e+00
1.922403810674609526e+00
1.863871659845780737e+00
1.815006551664964052e+00
1.786771890904718774e+00
1.786623626979922941e+00
1.814509670893171167e+00
1.862998292643459397e+00
1.921303479872162878e+00
1.979695660742296859e+00
2.031684891011823257e+00
2.073985909673703443e+00
2.105486683044015983e+00
2.126177617457079005e+00
2.136401866069500777e+00
2.136435090749061683e+00
2.126304082181869504e+00
2.105777715367834091e+00
2.074527184522418910e+00
2.032521330891832179e+00
1.980764178810447529e+00
1.922403810674593760e+00
1.863871659845786510e+00
1.815006551664976486e+00
1.786771890904742532e+00
1.786623626979958246e+00
1.814509670893176718e+00
1.862998292643468279e+00
1.921303479872156883e+00
1.979695660742287533e+00
2.031684891011815708e+00
2.073985909673696781e+00
2.105486683044009322e+00
2.126177617457072344e+00
2.136401866069487454e+00
2.136435090749043475e+00
2.126304082181870392e+00
2.105777715367816327e+00
2.074527184522434009e+00
2.032521330891837508e+00
1.980764178810499709e+00
1.922403810674649494e+00
1.863871659845815376e+00
1.815006551665003132e+00
1.786771890904772508e+00
1.786623626979971124e+00
1.814509670893144966e+00
1.862998292643454512e+00
1.921303479872161768e+00
1.979695660742293084e+00
