2.117312386551096104e+00
2.123553699712481091e+00
2.130485510560328866e+00
2.137472881517227918e+00
2.143972513831159610e+00
2.149532071076710071e+00
2.153775825261003973e+00
2.156391175022244422e+00
2.157126403130028791e+00
2.155807185226580991e+00
2.152376380882657703e+00
2.146955245707672155e+00
2.139911211368171529e+00
2.131899165960009501e+00
2.123831413780951749e+00
2.116746200786848942e+00
2.111594433034555074e+00
2.109022227938113669e+00
2.109242844304311415e+00
2.112044241428140179e+00
2.116905428227009889e+00
2.123152127235830910e+00
2.130089285208597527e+00
2.137081933358083496e+00
2.143586747771229817e+00
2.149151372558463446e+00
2.153400064955818483e+00
2.156020212604195407e+00
2.156760090681896891e+00
2.155445371115230824e+00
2.152018915064064952e+00
2.146601987260797095e+00
2.139562038372100794e+00
2.131553986464524986e+00
2.123490174910747541e+00
2.116408892055452018e+00
2.111261081031321041e+00
2.108692882806446622e+00
2.108917562011685121e+00
2.111723067292420986e+00
2.116588385737820488e+00
2.122839213307652795e+00
2.129780470602752551e+00
2.136777166056539112e+00
2.143285957329587710e+00
2.148854474218054644e+00
2.153106963037077826e+00
2.155730803240607063e+00
2.156474264296761589e+00
2.155163015255411985e+00
2.151739918298551046e+00
2.146326244736513456e+00
2.139289459116902492e+00
2.131284501520591679e+00
2.123223744114143052e+00
2.116145506555633382e+00
2.111000759436396201e+00
2.108435661240481540e+00
2.108663481025090825e+00
2.111472159663996706e+00
2.116340668166458272e+00
2.122594682851292713e+00
2.129539104944140782e+00
2.136538925962691682e+00
2.143050789846714377e+00
2.148622315697247931e+00
2.152877741634704467e+00
2.155504440936057087e+00
2.156250678726016279e+00
2.154942121818496314e+00
2.151521633070728967e+00
2.146110488628731439e+00
2.139076163356224303e+00
2.131073613766984121e+00
2.123015233577117744e+00
2.115939365926705396e+00
2.110797002040709192e+00
2.108234313608635446e+00
2.108464573082021509e+00
2.111275715564472577e+00
2.116146700034285288e+00
2.122403188075985714e+00
2.129350066352439619e+00
2.136352313643058221e+00
2.142866563532676238e+00
2.148440427029059574e+00
2.152698136030530840e+00
2.155327059103919751e+00
2.156075458041143644e+00
2.154768997912197559e+00
2.151350542032387736e+00
2.145941370159734962e+00
2.138908964931491408e+00
2.130908295287607501e+00
2.122851771272939114e+00
2.115777753848651965e+00
2.110637249924352421e+00
2.108076441253419198e+00
2.108308602908276264e+00
2.111121665647976542e+00
