3.568821279864044516e-01
3.571292993489731393e-01
3.576446690246403715e-01
3.583768685524569841e-01
3.592533141401297869e-01
3.601873115770549139e-01
3.610865423742092295e-01
3.618621004484083858e-01
3.624371947772966340e-01
3.627546661485796520e-01
3.627825822116997889e-01
3.625173631493126547e-01
3.619841320060578904e-01
3.612342553820074853e-01
3.603403152248401131e-01
3.593890039167624839e-01
3.584726381345603174e-01
3.576801221652873286e-01
3.570882452512045835e-01
3.567541648404946586e-01
3.567098115355069043e-01
3.569587634212209037e-01
3.574758957363913248e-01
3.582098401800298815e-01
3.590880131191488411e-01
3.600237205017589037e-01
3.609246439967342401e-01
3.617018776780396849e-01
3.622786306796969003e-01
3.625977439449909467e-01
3.626272852781250999e-01
3.623636750156688513e-01
3.618320363553164665e-01
3.610837360493089343e-01
3.601913561965964239e-01
3.592415893297392637e-01
3.583267522749431500e-01
3.575357494677366410e-01
3.569453702978985787e-01
3.566127723601486554e-01
3.565698864023994497e-01
3.568202906541910746e-01
3.573388604978409711e-01
3.580742277749082714e-01
3.589538089939323662e-01
3.598909102434271201e-01
3.607932133317359180e-01
3.615718124712478665e-01
3.621499169333732282e-01
3.624703677977318406e-01
3.625012330038082653e-01
3.622389330224040083e-01
3.617085911843849755e-01
3.609615743741027005e-01
3.600704648215590775e-01
3.591219551893032880e-01
3.582083624324673421e-01
3.574185911144444061e-01
3.568294307518125597e-01
3.564980390650360209e-01
3.564563469267030826e-01
3.567079326899778025e-01
3.572276718597408030e-01
3.579641963990619624e-01
3.588449229369377602e-01
3.597831576812893783e-01
3.606865825588210783e-01
3.614662918992436746e-01
3.620454950902428637e-01
3.623670333266851284e-01
3.623989746622682251e-01
3.621377396809761784e-01
3.616084518258364522e-01
3.608624780923479491e-01
3.599724008206401926e-01
3.590249127823866293e-01
3.581123310408394489e-01
3.573235602665101873e-01
3.567353900821104706e-01
3.564049783132424154e-01
3.563642559366590468e-01
3.566168014087102156e-01
3.571374903364932241e-01
3.578749547843311785e-01
3.587566114815188278e-01
3.596957667353217758e-01
3.606001025708462371e-01
3.613807134152654532e-01
3.619608087527972917e-01
3.622832298739139256e-01
3.623160449269972605e-01
3.620556745898082518e-01
3.615272423982435201e-01
3.607821154397721219e-01
3.598928761455995606e-01
3.589462173775926912e-01
3.580344562883164827e-01
3.572464976367259459e-01
3.566591311331061553e-01
3.563295146897824117e-01
