3.540717030762512429e-01
3.729496218816724662e-01
3.904586595864916188e-01
4.048849095876107529e-01
4.148162300213004694e-01
4.192804740478816017e-01
4.178406503578578901e-01
4.106376989258350707e-01
3.983766948238895433e-01
3.822578305609845573e-01
3.638589328779028853e-01
3.449810140725211305e-01
3.274719763676651740e-01
3.130457263665635814e-01
3.031144059328824136e-01
2.986501619062830737e-01
3.000899855963459206e-01
3.072929370283512540e-01
3.195539411302807387e-01
3.356728053931828937e-01
3.540717030762706719e-01
3.729496218816867326e-01
3.904586595865416898e-01
4.048849095876580484e-01
4.148162300213044107e-01
4.192804740478865422e-01
4.178406503578721565e-01
4.106376989258537780e-01
3.983766948239297334e-01
3.822578305610507821e-01
3.638589328779429088e-01
3.449810140725266261e-01
3.274719763676569584e-01
3.130457263665501477e-01
3.031144059328685914e-01
2.986501619063070545e-01
3.000899855963390928e-01
3.072929370283788986e-01
3.195539411302936728e-01
3.356728053932081512e-01
3.540717030762968731e-01
3.729496218816906739e-01
3.904586595865471854e-01
4.048849095876647652e-01
4.148162300212716036e-01
4.192804740478583425e-01
4.178406503578341313e-01
4.106376989258206933e-01
3.983766948239262917e-01
3.822578305610361826e-01
3.638589328779563981e-01
3.449810140724987040e-01
3.274719763676092743e-01
3.130457263665301637e-01
3.031144059328955143e-01
2.986501619063143265e-01
3.000899855963245488e-01
3.072929370283430384e-01
3.195539411302753541e-01
3.356728053931888334e-01
3.540717030762742801e-01
3.729496218816794051e-01
3.904586595865548460e-01
4.048849095876536630e-01
4.148162300213161235e-01
4.192804740478594527e-01
4.178406503578528941e-01
4.106376989258415655e-01
3.983766948239411132e-01
3.822578305610142002e-01
3.638589328779154863e-01
3.449810140724841601e-01
3.274719763676305906e-01
3.130457263665362144e-01
3.031144059329044516e-01
2.986501619062940094e-01
3.000899855963233831e-01
3.072929370283333239e-01
3.195539411302809607e-01
3.356728053931841149e-01
3.540717030762803863e-01
3.729496218817267561e-01
3.904586595865641163e-01
4.048849095876418946e-01
4.148162300213115161e-01
4.192804740479171288e-01
4.178406503578906417e-01
4.106376989258459509e-01
3.983766948239169103e-01
3.822578305610359051e-01
3.638589328779352483e-01
3.449810140725076968e-01
3.274719763676250950e-01
3.130457263665311074e-01
3.031144059328937379e-01
2.986501619062920665e-01
3.000899855963129470e-01
3.072929370283392636e-01
3.195539411302773525e-01
3.356728053931509193e-01
