3.888094701414198662e-01
3.888893602813035533e-01
3.889902087820428234e-01
3.891021374124488674e-01
3.892141834879437323e-01
3.893153729711743005e-01
3.893957946839951001e-01
3.894475704794536086e-01
3.894656264065982643e-01
3.894481893811111983e-01
3.893969607441782887e-01
3.893169497204683749e-01
3.892159830774716278e-01
3.891039389841989826e-01
3.889917800644596690e-01
3.888904802962199203e-01
3.888099507995865234e-01
3.887580696647836009e-01
3.887399107873235060e-01
3.887572471973441690e-01
3.888083775007027398e-01
3.888882924209818848e-01
3.889891651401127803e-01
3.891011174396533656e-01
3.892131866474823343e-01
3.893143987384218851e-01
3.893948425462220309e-01
3.894466399355595576e-01
3.894647169668477571e-01
3.894473005668755983e-01
3.893960920876853304e-01
3.893161007645508653e-01
3.892151533753322457e-01
3.891031280991747998e-01
3.889909875697922237e-01
3.888897057748283426e-01
3.888091938438477668e-01
3.887573298763182805e-01
3.887391877767898962e-01
3.887565405842269284e-01
3.888076869131200097e-01
3.888876174954850606e-01
3.889885055214969967e-01
3.891004727807694796e-01
3.892125566090517408e-01
3.893137829888598800e-01
3.893942407614658929e-01
3.894460517988963533e-01
3.894641421687486948e-01
3.894467388048295509e-01
3.893955430660451245e-01
3.893155641943726319e-01
3.892146289742248744e-01
3.891026155911510576e-01
3.889904866851228160e-01
3.888892162499046345e-01
3.888087154210370100e-01
3.887568623038331617e-01
3.887387308085512028e-01
3.887560939797386483e-01
3.888072504373379368e-01
3.888871909186971676e-01
3.889880886191994236e-01
3.891000653335492943e-01
3.892121584024755276e-01
3.893133938133560568e-01
3.893938604122143543e-01
3.894456800757253867e-01
3.894637788760214048e-01
3.894463837513510995e-01
3.893951960649527644e-01
3.893152250630428912e-01
3.892142975341779665e-01
3.891022916679515165e-01
3.889901701082971730e-01
3.888889068528393889e-01
3.888084130408988037e-01
3.887565667814839587e-01
3.887384419884591380e-01
3.887558117099017552e-01
3.888069745691981050e-01
3.888869213070711983e-01
3.889878251221909888e-01
3.890998078124860982e-01
3.892119067218237083e-01
3.893131478406603452e-01
3.893936200180238005e-01
3.894454451335215284e-01
3.894635492621581485e-01
3.894461593449837222e-01
3.893949767479780721e-01
3.893150107200389343e-01
3.892140880523364266e-01
3.891020869370268032e-01
3.889899700205391997e-01
3.888887113029440012e-01
3.888082219259524352e-01
3.887563800009033455e-01
3.887382594439433015e-01
3.887556333053788782e-01
