3.180913563837104996e-01
3.270229848692506880e-01
3.390813515570895165e-01
3.530860994931664387e-01
3.676663463662320219e-01
3.813948760198795362e-01
3.929278443139353483e-01
4.011363239519074031e-01
4.052168117504812983e-01
4.047698811293788390e-01
3.998392807679717054e-01
3.909076521796912007e-01
3.788492853979270603e-01
3.648445373759705568e-01
3.502642904243973287e-01
3.365357606989808348e-01
3.250027923393196128e-01
3.167943126413619859e-01
3.127138247879405752e-01
3.131607553589028647e-01
3.180913556744716653e-01
3.270229842208498550e-01
3.390813509643055279e-01
3.530860989512285553e-01
3.676663458707759013e-01
3.813948755669199220e-01
3.929278438998153322e-01
4.011363235733021448e-01
4.052168114043405711e-01
4.047698808129180370e-01
3.998392804786435883e-01
3.909076519151784002e-01
3.788492851561007790e-01
3.648445371548833527e-01
3.502642902222752319e-01
3.365357605141900410e-01
3.250027921703752543e-01
3.167943124869085358e-01
3.127138246467359162e-01
3.131607552298105168e-01
3.180913555564560125e-01
3.270229841129529968e-01
3.390813508656627118e-01
3.530860988610471929e-01
3.676663457883342923e-01
3.813948754915572059e-01
3.929278438309155019e-01
4.011363235103143632e-01
4.052168113467649047e-01
4.047698807602922444e-01
3.998392804305359038e-01
3.909076518711916415e-01
3.788492851158824504e-01
3.648445371181163188e-01
3.502642901886596216e-01
3.365357604834591787e-01
3.250027921422755095e-01
3.167943124612163652e-01
3.127138246232471497e-01
3.131607552083331969e-01
3.180913555368199419e-01
3.270229840950040767e-01
3.390813508492527828e-01
3.530860988460536309e-01
3.676663457746208730e-01
3.813948754790132956e-01
3.929278438194493961e-01
4.011363234998273630e-01
4.052168113371692471e-01
4.047698807515160979e-01
3.998392804225078256e-01
3.909076518638500142e-01
3.788492851091683211e-01
3.648445371119846126e-01
3.502642901830556599e-01
3.365357604783289491e-01
3.250027921375919782e-01
3.167943124569381208e-01
3.127138246193414406e-01
3.131607552047639409e-01
3.180913555335627696e-01
3.270229840920281239e-01
3.390813508465406190e-01
3.530860988435675085e-01
3.676663457723491346e-01
3.813948754769322935e-01
3.929278438175526911e-01
4.011363234980939163e-01
4.052168113355832380e-01
4.047698807500647589e-01
3.998392804211869933e-01
3.909076518626460883e-01
3.788492851080699220e-01
3.648445371109720892e-01
3.502642901821287902e-01
3.365357604774827371e-01
3.250027921368167094e-01
3.167943124562304091e-01
3.127138246186924042e-01
3.131607552041760778e-01
