3.885103266668500366e-01
3.886988561582142010e-01
3.889267076294162795e-01
3.891715773204682538e-01
3.894094956131320950e-01
3.896171733439532381e-01
3.897742815096735813e-01
3.898654412115365453e-01
3.898817290488817977e-01
3.898215506036212252e-01
3.896907965128466045e-01
3.895022658520864156e-01
3.892744132724847428e-01
3.890295425308452071e-01
3.887916232423930252e-01
3.885839445677203297e-01
3.884268355073786649e-01
3.883356749575569977e-01
3.883193863164810522e-01
3.883795639999336746e-01
3.885103173686381695e-01
3.886988473449899950e-01
3.889266992758808050e-01
3.891715694026431360e-01
3.894094881082912907e-01
3.896171662305571437e-01
3.897742747673063612e-01
3.898654348208470677e-01
3.898817229915268467e-01
3.898215448622153745e-01
3.896907910709077605e-01
3.895022606939922416e-01
3.892744083834316915e-01
3.890295378967986717e-01
3.887916188500543102e-01
3.885839404044809098e-01
3.884268315612905975e-01
3.883356712172952863e-01
3.883193827713080082e-01
3.883795606396752698e-01
3.885103141836469542e-01
3.886988443261253368e-01
3.889266964144770800e-01
3.891715666904870252e-01
3.894094855375978548e-01
3.896171637939495613e-01
3.897742724577877849e-01
3.898654326317884666e-01
3.898817209166428599e-01
3.898215428955512096e-01
3.896907892068239287e-01
3.895022589271380786e-01
3.892744067087351434e-01
3.890295363094503633e-01
3.887916173454994406e-01
3.885839389784041531e-01
3.884268302095961745e-01
3.883356699361026343e-01
3.883193815569395135e-01
3.883795594886469971e-01
3.885103130926536585e-01
3.886988432920364112e-01
3.889266954343245652e-01
3.891715657614620572e-01
3.894094846570322344e-01
3.896171629593113139e-01
3.897742716666825480e-01
3.898654318819482767e-01
3.898817202059159381e-01
3.898215422218981874e-01
3.896907885683050798e-01
3.895022583219217016e-01
3.892744061350859597e-01
3.890295357657245767e-01
3.887916168301367437e-01
3.885839384899209548e-01
3.884268297465913733e-01
3.883356694972452949e-01
3.883193811409731966e-01
3.883795590943729392e-01
3.885103127189460381e-01
3.886988429378187004e-01
3.889266950985797444e-01
3.891715654432272298e-01
3.894094843553930207e-01
3.896171626734037940e-01
3.897742713956893201e-01
3.898654316250859120e-01
3.898817199624496910e-01
3.898215419911283952e-01
3.896907883495719926e-01
3.895022581146013740e-01
3.892744059385785382e-01
3.890295355794690102e-01
3.887916166535912432e-01
3.885839383225879184e-01
3.884268295879821919e-01
3.883356693469109944e-01
3.883193809984825107e-01
3.883795589593170838e-01
