3.310389192737775987e-01
3.392751906210483837e-01
3.494388688231393481e-01
3.605350622431087726e-01
3.714775981572761010e-01
3.811953449092412294e-01
3.887370617393805516e-01
3.933645128581401695e-01
3.946247311086722442e-01
3.923943575481563806e-01
3.868917166806128405e-01
3.786554453333036974e-01
3.684917671311994103e-01
3.573955737112217701e-01
3.464530377970308495e-01
3.367352910450667758e-01
3.291935742149081912e-01
3.245661230961361943e-01
3.233059048456072282e-01
3.255362784061134884e-01
3.310389192736423181e-01
3.392751906209335866e-01
3.494388688230304352e-01
3.605350622430141261e-01
3.714775981572013275e-01
3.811953449091697865e-01
3.887370617393264283e-01
3.933645128580984252e-01
3.946247311086343301e-01
3.923943575481152468e-01
3.868917166805775354e-01
3.786554453332826586e-01
3.684917671311700449e-01
3.573955737111882969e-01
3.464530377970042041e-01
3.367352910450334136e-01
3.291935742148822119e-01
3.245661230961062182e-01
3.233059048455690920e-01
3.255362784060820136e-01
3.310389192736207242e-01
3.392751906209179324e-01
3.494388688230159468e-01
3.605350622429890350e-01
3.714775981571598051e-01
3.811953449091216584e-01
3.887370617392852390e-01
3.933645128580590677e-01
3.946247311086079068e-01
3.923943575481094181e-01
3.868917166805677654e-01
3.786554453332691139e-01
3.684917671311723208e-01
3.573955737111940145e-01
3.464530377970116426e-01
3.367352910450397419e-01
3.291935742148847099e-01
3.245661230961132682e-01
3.233059048455844131e-01
3.255362784060974457e-01
3.310389192736238884e-01
3.392751906209227619e-01
3.494388688230196660e-01
3.605350622429995266e-01
3.714775981571720176e-01
3.811953449091328716e-01
3.887370617392870709e-01
3.933645128580759431e-01
3.946247311086169551e-01
3.923943575481010915e-01
3.868917166805732610e-01
3.786554453332833248e-01
3.684917671311844223e-01
3.573955737112073372e-01
3.464530377970290731e-01
3.367352910450618908e-01
3.291935742149122435e-01
3.245661230961429666e-01
3.233059048456025653e-01
3.255362784061147097e-01
3.310389192736506447e-01
3.392751906209463542e-01
3.494388688230407047e-01
3.605350622430039120e-01
3.714775981571619146e-01
3.811953449091248225e-01
3.887370617392866268e-01
3.933645128580600114e-01
3.946247311085975262e-01
3.923943575480769996e-01
3.868917166805310726e-01
3.786554453332363623e-01
3.684917671311281895e-01
3.573955737111481623e-01
3.464530377969658459e-01
3.367352910450016057e-01
3.291935742148500710e-01
3.245661230960814048e-01
3.233059048455477757e-01
3.255362784060699122e-01
