3.591910676816954529e-01
3.592777768491503543e-01
3.594168472886712928e-01
3.595943349239949516e-01
3.597925360053256250e-01
3.599917200816157292e-01
3.601720613603004995e-01
3.603155793995366230e-01
3.604078991644824037e-01
3.604396581610379569e-01
3.604074229070039492e-01
3.603140250300760350e-01
3.601682840930622298e-01
3.599841442781315792e-01
3.597793094374523437e-01
3.595735101209780460e-01
3.593865722167803312e-01
3.592364762588731719e-01
3.591375973709969305e-01
3.590992981329393929e-01
3.591250121094390901e-01
3.592119077522499815e-01
3.593511655749834777e-01
3.595288414689174483e-01
3.597272316524148250e-01
3.599266056431936756e-01
3.601071376180484673e-01
3.602508471050808736e-01
3.603433590399667819e-01
3.603753108996891052e-01
3.603432691736859206e-01
3.602500654618318032e-01
3.601045192996509270e-01
3.599205748425530205e-01
3.597159359164618375e-01
3.595103330455940438e-01
3.593235920927828619e-01
3.591736935672922848e-01
3.590750125685937544e-01
3.590369116526784810e-01
3.590628243609509385e-01
3.591499191222900511e-01
3.592893764278765611e-01
3.594672521470003712e-01
3.596658424764676565e-01
3.598654169128647218e-01
3.600461496122714378e-01
3.601900600824861631e-01
3.602827732392837046e-01
3.603149265401419110e-01
3.602830864553822621e-01
3.601900845661477613e-01
3.600447403896033793e-01
3.598609980631699568e-01
3.596565613951465123e-01
3.594511608924802482e-01
3.592646224010848099e-01
3.591149264136491714e-01
3.590164480134080405e-01
3.589785497404481274e-01
3.590046651205965333e-01
3.590919625674741655e-01
3.592316225573198851e-01
3.594097009447914659e-01
3.596084939123670998e-01
3.598082709426049242e-01
3.599892061778492969e-01
3.601333191124517219e-01
3.602262346490248124e-01
3.602585902321631117e-01
3.602269523195772427e-01
3.601341524800695248e-01
3.599890102187289220e-01
3.598054696611593384e-01
3.596012346040981522e-01
3.593960355431813358e-01
3.592096983132589405e-01
3.590602033961975970e-01
3.589619258646471467e-01
3.589242282483437463e-01
3.589505440629929267e-01
3.590380417123198442e-01
3.591779016628893761e-01
3.593561797599024721e-01
3.595551721765947173e-01
3.597551483864915856e-01
3.599362825231105512e-01
3.600805940721810705e-01
3.601737079278905518e-01
3.602062615266041212e-01
3.601748213179971070e-01
3.600822188630223297e-01
3.599372736591077704e-01
3.597539298243765393e-01
3.595498911482643556e-01
3.593448881192826128e-01
3.591587465653271471e-01
3.590094469614817374e-01
3.589113643737787962e-01
3.588738613255018084e-01
