3.593808256458962402e-01
3.594623319897143898e-01
3.595725593036616652e-01
3.597006427121450245e-01
3.598339690581308092e-01
3.599594115729122246e-01
3.600646148216739562e-01
3.601392041454304915e-01
3.601758012107431628e-01
3.601707462581301700e-01
3.601244563504640839e-01
3.600413845535133106e-01
3.599295840443221817e-01
3.597999198155322764e-01
3.596650051395291481e-01
3.595379668987154220e-01
3.594311606399749892e-01
3.593549611327674365e-01
3.593167468194434222e-01
3.593201775668665165e-01
3.593648364180434540e-01
3.594462704116122564e-01
3.595564264734946169e-01
3.596844397125965043e-01
3.598176969566918015e-01
3.599430714221776295e-01
3.600482076596320802e-01
3.601227309957475975e-01
3.601592630830386388e-01
3.601541441482465911e-01
3.601077912407295023e-01
3.600246574129997157e-01
3.599127958290935236e-01
3.597830714688886045e-01
3.596480975922481393e-01
3.595210010692813096e-01
3.594141374348082674e-01
3.593378814464450177e-01
3.592996115349165187e-01
3.593029875556705277e-01
3.593475925405045235e-01
3.594289735170508315e-01
3.595390774004187384e-01
3.596670392888969281e-01
3.598002459998283498e-01
3.599255707393621551e-01
3.600306580480083229e-01
3.601051332425655449e-01
3.601416179658260552e-01
3.601364524349752738e-01
3.600900536899788174e-01
3.600068747741162478e-01
3.598949688423453419e-01
3.597652008656205824e-01
3.596301840950281159e-01
3.595030453920461389e-01
3.593961402830072038e-01
3.593198435171779392e-01
3.592815335170692070e-01
3.592848701300491165e-01
3.593294363799650060e-01
3.594107792866254036e-01
3.595208457574406991e-01
3.596487708831234142e-01
3.597819414735566323e-01
3.599072307275495430e-01
3.600122831783829080e-01
3.600867241357399995e-01
3.601231752354054905e-01
3.601179766876639321e-01
3.600715455256854880e-01
3.599883347860549643e-01
3.598763976171370782e-01
3.597465989833904532e-01
3.596115521295011330e-01
3.594843839106422467e-01
3.593774498469313738e-01
3.593011246815115411e-01
3.592627868308588823e-01
3.592660961363914329e-01
3.593106356160931658e-01
3.593919522839895686e-01
3.595019930417923670e-01
3.596298929745915807e-01
3.597630388867297802e-01
3.598883039715480847e-01
3.599933327569371788e-01
3.600677505472627549e-01
3.601041789730631826e-01
3.600989582394480970e-01
3.600525053744818571e-01
3.599692734097109659e-01
3.598573154885299497e-01
3.597274965704899130e-01
3.595924298954357723e-01
3.594652423137607578e-01
3.593582893408656664e-01
3.592819457152359175e-01
3.592435898487498780e-01
3.592468815782865477e-01
