3.369513750605900859e-01
3.900839482828851179e-01
4.401704131545808862e-01
4.823079575211084991e-01
5.123718649504066525e-01
5.274192707156996063e-01
5.259772298991868267e-01
5.081868995033399505e-01
4.757897210198153704e-01
4.319569560029644650e-01
3.809792608934969849e-01
3.278466876712515243e-01
2.777602227995390471e-01
2.356226784329933932e-01
2.055587710037230509e-01
1.905113652384555212e-01
1.919534060549669685e-01
2.097437364508101809e-01
2.421409149343264344e-01
2.859736799511758409e-01
3.369513750606091818e-01
3.900839482828966642e-01
4.401704131546154142e-01
4.823079575211556835e-01
5.123718649504497291e-01
5.274192707156655224e-01
5.259772298991995942e-01
5.081868995033690384e-01
4.757897210198055449e-01
4.319569560029801747e-01
3.809792608935053670e-01
3.278466876712545219e-01
2.777602227995606965e-01
2.356226784330121837e-01
2.055587710037203031e-01
1.905113652384602674e-01
1.919534060549432097e-01
2.097437364507843405e-01
2.421409149343246026e-01
2.859736799511363170e-01
3.369513750605813152e-01
3.900839482828752369e-01
4.401704131545842169e-01
4.823079575211289827e-01
5.123718649503977707e-01
5.274192707156581950e-01
5.259772298991778339e-01
5.081868995033337333e-01
4.757897210197986060e-01
4.319569560029524746e-01
3.809792608934968183e-01
3.278466876712417544e-01
2.777602227995269457e-01
2.356226784329894797e-01
2.055587710037050930e-01
1.905113652384461953e-01
1.919534060549288601e-01
2.097437364508002444e-01
2.421409149343204947e-01
2.859736799511579108e-01
3.369513750606029645e-01
3.900839482828670213e-01
4.401704131545590148e-01
4.823079575211007830e-01
5.123718649503515854e-01
5.274192707156251103e-01
5.259772298991478579e-01
5.081868995032875480e-01
4.757897210197545301e-01
4.319569560029630217e-01
3.809792608935066438e-01
3.278466876712364253e-01
2.777602227995428774e-01
2.356226784329888690e-01
2.055587710037274918e-01
1.905113652384780587e-01
1.919534060549648591e-01
2.097437364507939717e-01
2.421409149342997336e-01
2.859736799511403138e-01
3.369513750606111802e-01
3.900839482828762916e-01
4.401704131545585152e-01
4.823079575211345338e-01
5.123718649504307443e-01
5.274192707156765136e-01
5.259772298991894912e-01
5.081868995033406167e-01
4.757897210197615245e-01
4.319569560029276611e-01
3.809792608935071434e-01
3.278466876712483047e-01
2.777602227995416562e-01
2.356226784329916724e-01
2.055587710037280191e-01
1.905113652384565481e-01
1.919534060549293875e-01
2.097437364507694912e-01
2.421409149342983180e-01
2.859736799511233829e-01
