4.331471063655654291e-02
4.331794341154705102e-02
4.332310389468441852e-02
4.332967985882709566e-02
4.333702206533072976e-02
4.334440773639527261e-02
4.335111067546296160e-02
4.335647141217571776e-02
4.335996086287910445e-02
4.336123161437415580e-02
4.336015200409774201e-02
4.335681963443461379e-02
4.335155276134193547e-02
4.334486004137728943e-02
4.333739125391861124e-02
4.332987362424260691e-02
4.332304000656234111e-02
4.331755619826919979e-02
4.331395486463035516e-02
4.331258288840044574e-02
4.331356749298004294e-02
4.331680442361213190e-02
4.332196909876540047e-02
4.332854927747949864e-02
4.333589570382281875e-02
4.334328558095077583e-02
4.334999269336461958e-02
4.335535755369439997e-02
4.335885106483237245e-02
4.336012580496211716e-02
4.335905010855358593e-02
4.335572158094453538e-02
4.335045848666419649e-02
4.334376949561288828e-02
4.333630440396398636e-02
4.332879045558361147e-02
4.332196052322923041e-02
4.331648042096400419e-02
4.331288282722423055e-02
4.331151463316310762e-02
4.331250306503062197e-02
4.331574386515135711e-02
4.332091244366294280e-02
4.332749654673841155e-02
4.333484690234775533e-02
4.334224069591424006e-02
4.334895169430168921e-02
4.335432039430041351e-02
4.335781768627516852e-02
4.335909614038632731e-02
4.335802408834094068e-02
4.335469913822640603e-02
4.334943956255350728e-02
4.334275404364607009e-02
4.333529239331811167e-02
4.332778187274353293e-02
4.332095537194747409e-02
4.331547872051710185e-02
4.331188460915144645e-02
4.331051993682346474e-02
4.331151193243584080e-02
4.331475633559642158e-02
4.331992854868537551e-02
4.332651630589460373e-02
4.333387032020517143e-02
4.334126776052829588e-02
4.334798237730569381e-02
4.335335465257819654e-02
4.335685546504574467e-02
4.335813737739798585e-02
4.335706871876886942e-02
4.335374709980615443e-02
4.334849080045282549e-02
4.334180851460191219e-02
4.333435006862874916e-02
4.332684273982478906e-02
4.332001943429340113e-02
4.331454599607735545e-02
4.331095512729291747e-02
4.330959373419535768e-02
4.331058904815675986e-02
4.331383680625604249e-02
4.331901240364883360e-02
4.332560356337199214e-02
4.333296098444950478e-02
4.334036182041792196e-02
4.334707980642673458e-02
4.335245541078345394e-02
4.335595950132692389e-02
4.335724463378925336e-02
4.335617913490948799e-02
4.335286061771918137e-02
4.334760736908183087e-02
4.334092809366223153e-02
4.333347263139575994e-02
4.332596827458057298e-02
4.331914794429149451e-02
4.331367749803122918e-02
4.331008964854771159e-02
4.330873130887605282e-02
