4.332582468264910280e-02
4.332704868670362447e-02
4.332889118117919103e-02
4.333117023680947699e-02
4.333366160317630306e-02
4.333612060738181726e-02
4.333830591525808518e-02
4.334000290132025701e-02
4.334104443628878506e-02
4.334132714160265215e-02
4.334082156000241409e-02
4.333957522741018614e-02
4.333770827388223890e-02
4.333540188736768189e-02
4.333288068415692973e-02
4.333039067066399991e-02
4.332817497307966254e-02
4.332644978313960477e-02
4.332538297253567261e-02
4.332507755497398000e-02
4.332556165504639761e-02
4.332678594540941008e-02
4.332862873004823118e-02
4.333090807855264487e-02
4.333339973910564635e-02
4.333585903729117450e-02
4.333804463744932167e-02
4.333974191277256693e-02
4.334078373295394832e-02
4.334106671879851824e-02
4.334056141286592168e-02
4.333931535136744534e-02
4.333744866508925514e-02
4.333514254307932467e-02
4.333262160298696070e-02
4.333013185271061829e-02
4.332791641990348108e-02
4.332619149759594362e-02
4.332512495847916367e-02
4.332481981686416017e-02
4.332530419749473782e-02
4.332652877271329223e-02
4.332837184575685091e-02
4.333065148510872877e-02
4.333314343759533949e-02
4.333560302732625269e-02
4.333778891719252541e-02
4.333948647910224744e-02
4.334052858175229533e-02
4.334081184533487147e-02
4.334030681223959708e-02
4.333906101896639607e-02
4.333719459702103927e-02
4.333488873653103951e-02
4.333236805647983775e-02
4.332987856622207146e-02
4.332766339484583201e-02
4.332593873665259443e-02
4.332487246531535607e-02
4.332456759574138810e-02
4.332505225282807376e-02
4.332627710861513409e-02
4.332812046561265035e-02
4.333040039122598719e-02
4.333289263095868593e-02
4.333535250748256351e-02
4.333753868227522427e-02
4.333923652599182968e-02
4.334027890635785280e-02
4.334056244296908417e-02
4.334005767805145654e-02
4.333881214838956192e-02
4.333694598619529381e-02
4.333464038265434637e-02
4.333211995805676814e-02
4.332963072318410380e-02
4.332741580852964014e-02
4.332569140964030036e-02
4.332462540115136762e-02
4.332432079855537410e-02
4.332480572690162318e-02
4.332603085793562681e-02
4.332787449345810310e-02
4.333015469982153672e-02
4.333264722123733592e-02
4.333510737897227488e-02
4.333729383312220212e-02
4.333899195311836927e-02
4.334003460573687683e-02
4.334031840999132135e-02
4.333981390794833244e-02
4.333856863667225057e-02
4.333670272906632592e-02
4.333439737735256259e-02
4.333187720310022195e-02
4.332938821848721783e-02
4.332717355538271559e-02
4.332544941055263554e-02
4.332438365957443777e-02
4.332407931851400135e-02
