4.326033787540722181e-02
4.327180223323452701e-02
4.328915246362458058e-02
4.331067106379202919e-02
4.333424050116355813e-02
4.335755024515888789e-02
4.337831978755439521e-02
4.339451702282977330e-02
4.340455244997185047e-02
4.340743197005808574e-02
4.340285438526805123e-02
4.339124399465846965e-02
4.337371392595684716e-02
4.335196194534196579e-02
4.332810711638448997e-02
4.330448219199751342e-02
4.328340211554330963e-02
4.326693249628013604e-02
4.325668261689494254e-02
4.325364508331986518e-02
4.325809889498181959e-02
4.326958532189095763e-02
4.328695771278569249e-02
4.330849847403626940e-02
4.333208996449557787e-02
4.335542153833170376e-02
4.337621257673304059e-02
4.339243087884048916e-02
4.340248687247508230e-02
4.340538641820885363e-02
4.340082831192027674e-02
4.338923688085070257e-02
4.337172531241135359e-02
4.334999145796858411e-02
4.332615448332742536e-02
4.330254725060430493e-02
4.328148480862231695e-02
4.326503285815094801e-02
4.325480075078140529e-02
4.325178113253241863e-02
4.325625301094114528e-02
4.326775763227807409e-02
4.328514829297134409e-02
4.330670732449648508e-02
4.333031699619681321e-02
4.335366656722210166e-02
4.337447532758838958e-02
4.339071099783827629e-02
4.340078394712012372e-02
4.340370000261168509e-02
4.339915795499560414e-02
4.338758215475064378e-02
4.337008583849390891e-02
4.334836692782229745e-02
4.332454467282784855e-02
4.330095202565376056e-02
4.327990412207084747e-02
4.326346673829262884e-02
4.325324928271686437e-02
4.325024443441104205e-02
4.325473120759990020e-02
4.326625082897900265e-02
4.328365655185441307e-02
4.330523064595388771e-02
4.332885530682575870e-02
4.335221971528548796e-02
4.337304308618225579e-02
4.338929307526045998e-02
4.339938000329578160e-02
4.340230966993788991e-02
4.339778086158404408e-02
4.338621794787018288e-02
4.336873420598055806e-02
4.334702761541190524e-02
4.332321749574419290e-02
4.329963687334374006e-02
4.327860095566164744e-02
4.326217558111215833e-02
4.325197020492410616e-02
4.324897753341241935e-02
4.325347658631380210e-02
4.326500857418804497e-02
4.328242671478676334e-02
4.330401322693396005e-02
4.332765024533838383e-02
4.335102688623343470e-02
4.337186230249912705e-02
4.338812409645848717e-02
4.339822254900694426e-02
4.340116343709814195e-02
4.339664554359690812e-02
4.338509325393378330e-02
4.336761987873708618e-02
4.334592344523748031e-02
4.332212333030532186e-02
4.329855262149585882e-02
4.327752658535884145e-02
4.326111111158454509e-02
4.325091569401325747e-02
4.324793306142366012e-02
