4.332622756224236565e-02
4.332708211356354339e-02
4.332827790030909648e-02
4.332969732315362921e-02
4.333120114078477247e-02
4.333264206191701079e-02
4.333387904438891491e-02
4.333479094697656464e-02
4.333528825633463366e-02
4.333532179106827642e-02
4.333488755311774854e-02
4.333402723757942554e-02
4.333282430606821833e-02
4.333139594898113151e-02
4.332988167288699677e-02
4.332842960748804068e-02
4.332718188656844299e-02
4.332626057949891252e-02
4.332575561004052556e-02
4.332571589575163334e-02
4.332614459759878689e-02
4.332699893006666803e-02
4.332819450445923176e-02
4.332961372088578456e-02
4.333111733740220572e-02
4.333255806207624711e-02
4.333379485213811194e-02
4.333470656584182540e-02
4.333520368944532991e-02
4.333523704131021781e-02
4.333480262329818949e-02
4.333394213058912314e-02
4.333273902502469271e-02
4.333131049734016693e-02
4.332979605451147548e-02
4.332834382666834322e-02
4.332709594799259017e-02
4.332617448817676492e-02
4.332566937118923628e-02
4.332562951465551010e-02
4.332605807945706655e-02
4.332691227984480226e-02
4.332810772675863009e-02
4.332952681984365839e-02
4.333103031663125548e-02
4.333247092464930644e-02
4.333370760061852622e-02
4.333461920235531784e-02
4.333511621578778339e-02
4.333514945907868121e-02
4.333471493403469321e-02
4.333385433592169822e-02
4.333265112679385300e-02
4.333122249769755241e-02
4.332970795598205943e-02
4.332825563217008319e-02
4.332700766081200305e-02
4.332608611190339604e-02
4.332558090961594055e-02
4.332554097165474544e-02
4.332596945884612666e-02
4.332682358525344335e-02
4.332801896151163706e-02
4.332943798687021592e-02
4.333094141840915237e-02
4.333238196318921903e-02
4.333361857748838780e-02
4.333453011874366378e-02
4.333502707259802300e-02
4.333506025704634418e-02
4.333462567385562569e-02
4.333376501837961359e-02
4.333256175287447665e-02
4.333113306867890369e-02
4.332961847349182938e-02
4.332816609820483444e-02
4.332691807771620746e-02
4.332599648231133527e-02
4.332549123636196542e-02
4.332545125766081029e-02
4.332587970699930402e-02
4.332673379828410470e-02
4.332792914188568489e-02
4.332934813670476920e-02
4.333085153941988732e-02
4.333229205667409739e-02
4.333352864434904250e-02
4.333444015954173584e-02
4.333493708764085683e-02
4.333497024649421436e-02
4.333453563783967039e-02
4.333367495711964307e-02
4.333247166678492329e-02
4.333104295845297688e-02
4.332952834015555560e-02
4.332807594313596578e-02
4.332682790262602085e-02
4.332590628919100878e-02
4.332540102739956128e-02
4.332536103513770498e-02
