4.314484745978897084e-02
4.318451510980465119e-02
4.323744849240251237e-02
4.329843261737198468e-02
4.336149558083528255e-02
4.342049366616645978e-02
4.346970125875234542e-02
4.350435222815799557e-02
4.352108700260207824e-02
4.351826891183998430e-02
4.349614356728387365e-02
4.345682603761195917e-02
4.340411288730772199e-02
4.334313026172208205e-02
4.327984492089569091e-02
4.322048110216990952e-02
4.317089984773527650e-02
4.313600589010704867e-02
4.311924763147561429e-02
4.312226686671546266e-02
4.314473744319963222e-02
4.318440884573253313e-02
4.323734588815397045e-02
4.329833357002591671e-02
4.336139997668477658e-02
4.342040138161348817e-02
4.346961216241763959e-02
4.350426618390605682e-02
4.352100387312268087e-02
4.351818856241537053e-02
4.349606586935354097e-02
4.345675087186577634e-02
4.340404014599250071e-02
4.334305985002242373e-02
4.327977675726970425e-02
4.322041511765997018e-02
4.317083598436376179e-02
4.313594409853432204e-02
4.311918786820390093e-02
4.312220909112839118e-02
4.314468161474073471e-02
4.318435492150295152e-02
4.323729382112132674e-02
4.329828330796078178e-02
4.336135146188772882e-02
4.342035455136376149e-02
4.346956695004385030e-02
4.350422252032694337e-02
4.352096168866094461e-02
4.351814778870373435e-02
4.349602644115683342e-02
4.345671272863892848e-02
4.340400323305809716e-02
4.334302411926401616e-02
4.327974216730749724e-02
4.322038163350266915e-02
4.317080357658868023e-02
4.313591274210299559e-02
4.311915754104196641e-02
4.312217977262490509e-02
4.314465328432023211e-02
4.318432755739382012e-02
4.323726739945527725e-02
4.329825780223236359e-02
4.336132684281696070e-02
4.342033078712172200e-02
4.346954400680085734e-02
4.350420036302517224e-02
4.352094028194285202e-02
4.351812709787936800e-02
4.349600643312163256e-02
4.345669337266756804e-02
4.340398450140255104e-02
4.334300598750972372e-02
4.327972461445686592e-02
4.322036464179815352e-02
4.317078713109880062e-02
4.313589683012295645e-02
4.311914215136962436e-02
4.312216489480076576e-02
4.314463890790012218e-02
4.318431367133511445e-02
4.323725399164372180e-02
4.329824485921964644e-02
4.336131434974509202e-02
4.342031872783744945e-02
4.346953236413594185e-02
4.350418911919246012e-02
4.352092941899908529e-02
4.351811659821936545e-02
4.349599627994548551e-02
4.345668355038471292e-02
4.340397499593195291e-02
4.334299678646066217e-02
4.327971570717628613e-02
4.322035601927212700e-02
4.317077878575196342e-02
4.313588875550865287e-02
4.311913434180515703e-02
4.312215734497767267e-02
