4.332476884204832651e-02
4.332507614708493160e-02
4.332550628636776258e-02
4.332601702838936170e-02
4.332655828357797473e-02
4.332707700255292865e-02
4.332752235360982918e-02
4.332785067849389410e-02
4.332802974898398302e-02
4.332804191410757899e-02
4.332788583278635725e-02
4.332757662047135444e-02
4.332714438956253300e-02
4.332663131884590541e-02
4.332608753229806597e-02
4.332556618777454183e-02
4.332511825817532414e-02
4.332478752182203352e-02
4.332460626009164428e-02
4.332459208997379435e-02
4.332474624447757439e-02
4.332505346734267376e-02
4.332548352646849871e-02
4.332599419025833648e-02
4.332653536904407937e-02
4.332705401334790984e-02
4.332749929137301448e-02
4.332782754478271131e-02
4.332800654528863593e-02
4.332801864186883872e-02
4.332786249341452622e-02
4.332755321536492510e-02
4.332712092012446642e-02
4.332660778649621153e-02
4.332606393848175558e-02
4.332554253396393024e-02
4.332509454586706832e-02
4.332476375252884704e-02
4.332458243533002934e-02
4.332456821124867213e-02
4.332472231326599255e-02
4.332502948507786777e-02
4.332545949452556999e-02
4.332597010994394815e-02
4.332651124159002387e-02
4.332702983990981138e-02
4.332747507303427031e-02
4.332780328256267272e-02
4.332798224015511207e-02
4.332799429475278630e-02
4.332783810522639750e-02
4.332752878701011390e-02
4.332709645251767855e-02
4.332658328057216457e-02
4.332603939520216635e-02
4.332551795431974218e-02
4.332506993087580777e-02
4.332473910322782312e-02
4.332455775276546767e-02
4.332454349646273212e-02
4.332469756728230675e-02
4.332500470888740046e-02
4.332543468907439077e-02
4.332594527612329549e-02
4.332648638023087195e-02
4.332700495178134353e-02
4.332745015884681417e-02
4.332777834297482644e-02
4.332795727578429151e-02
4.332796930618830478e-02
4.332781309304332279e-02
4.332750375178345131e-02
4.332707139483459036e-02
4.332655820104192035e-02
4.332601429446228392e-02
4.332549283303790966e-02
4.332504478974801704e-02
4.332471394297193745e-02
4.332453257411203462e-02
4.332451830014294458e-02
4.332467235401522149e-02
4.332497947936704563e-02
4.332540944395842780e-02
4.332592001602433157e-02
4.332646110571088116e-02
4.332697966335006395e-02
4.332742485696436385e-02
4.332775302805794843e-02
4.332793194821563110e-02
4.332794396632801831e-02
4.332778774124184523e-02
4.332747838839431237e-02
4.332704602022541263e-02
4.332653281560374520e-02
4.332598889861497687e-02
4.332546742723237393e-02
4.332501937446422979e-02
4.332468851871340565e-02
4.332450714139695486e-02
4.332449285949358658e-02
