4.332366019345494645e-02
4.332382932775600409e-02
4.332409824802269799e-02
4.332444036771914558e-02
4.332482194086523936e-02
4.332520536497173197e-02
4.332555285964134750e-02
4.332583016158536582e-02
4.332600987558178629e-02
4.332607415448963550e-02
4.332601644660567103e-02
4.332584213917961558e-02
4.332556803426268477e-02
4.332522070697786970e-02
4.332483390578147769e-02
4.332444524857432394e-02
4.332409253820724421e-02
4.332381005888141096e-02
4.332362521719553689e-02
4.332355585777610679e-02
4.332360851687205167e-02
4.332377778473107260e-02
4.332404683833134679e-02
4.332438909110493397e-02
4.332477079703207085e-02
4.332515435357943423e-02
4.332550198030545030e-02
4.332577941388211090e-02
4.332595925905605161e-02
4.332602366866673133e-02
4.332596609100503732e-02
4.332579191332799201e-02
4.332551793770842569e-02
4.332517073930186591e-02
4.332478406660510845e-02
4.332439553756349537e-02
4.332404295507286118e-02
4.332376060337455453e-02
4.332357588909883234e-02
4.332350665689337771e-02
4.332355944301514994e-02
4.332372883770550104e-02
4.332399801792360949e-02
4.332434039707189904e-02
4.332472222909257431e-02
4.332510591141004730e-02
4.332545366354135369e-02
4.332573122212066835e-02
4.332591119186509493e-02
4.332597572559586385e-02
4.332591827159758269e-02
4.332574421713513563e-02
4.332547036430066389e-02
4.332512328828121151e-02
4.332473673761168265e-02
4.332434833028048216e-02
4.332399586922527912e-02
4.332371363872605102e-02
4.332352904544366917e-02
4.332345993404514845e-02
4.332351284079500459e-02
4.332368235592866379e-02
4.332395165638749240e-02
4.332429415554527735e-02
4.332467610730850183e-02
4.332505990906165838e-02
4.332540778028200201e-02
4.332568545756845801e-02
4.332586554560951403e-02
4.332593019720905325e-02
4.332587286064550763e-02
4.332569892319147742e-02
4.332542518695826211e-02
4.332507822716191725e-02
4.332469179237407458e-02
4.332430350062326657e-02
4.332395115488796994e-02
4.332366903948339093e-02
4.332348456110027973e-02
4.332341556442424052e-02
4.332346858572639486e-02
4.332363821523725622e-02
4.332390762988069799e-02
4.332425024300372296e-02
4.332463230847869579e-02
4.332501622365220184e-02
4.332536420796387344e-02
4.332564199797840632e-02
4.332582219835795501e-02
4.332588696188942323e-02
4.332582973684635103e-02
4.332565591050755588e-02
4.332538228500297517e-02
4.332503543557594816e-02
4.332464911083313414e-02
4.332426092884136132e-02
4.332390869261701360e-02
4.332362668651075499e-02
4.332344231723984224e-02
4.332337342950809411e-02
