4.292789936367652492e-02
4.306826851299713071e-02
4.323944948773120883e-02
4.342447181107192411e-02
4.360526971606185770e-02
4.376443113542807795e-02
4.388679279862180149e-02
4.396076719658580795e-02
4.397933014766384346e-02
4.394062644783156002e-02
4.384816483845479368e-02
4.371057906882515331e-02
4.354094045629637588e-02
4.335563033324770638e-02
4.317282432259503255e-02
4.301070146155931695e-02
4.288555620322222900e-02
4.281003933767330016e-02
4.279176420840545558e-02
4.283247601340405691e-02
4.292789893072089524e-02
4.306826810977564673e-02
4.323944911255377804e-02
4.342447146219283183e-02
4.360526939170147886e-02
4.376443083379683019e-02
4.388679251796701736e-02
4.396076693520099832e-02
4.397932990394059355e-02
4.394062622027311571e-02
4.384816462571332341e-02
4.371057886969061113e-02
4.354094026972293169e-02
4.335563015833872325e-02
4.317282415858791911e-02
4.301070130780086653e-02
4.288555605917167973e-02
4.281003920283926040e-02
4.279176408234772189e-02
4.283247589570141761e-02
4.292789882096971488e-02
4.306826800756206886e-02
4.323944901744371933e-02
4.342447137375075178e-02
4.360526930948034618e-02
4.376443075734492288e-02
4.388679244682245489e-02
4.396076686893952284e-02
4.397932984215650182e-02
4.394062616258976456e-02
4.384816457178451060e-02
4.371057881921713156e-02
4.354094022243722856e-02
4.335563011400481170e-02
4.317282411701678368e-02
4.301070126882664685e-02
4.288555602265364114e-02
4.281003916865653430e-02
4.279176405039163827e-02
4.283247586586830941e-02
4.292789879315221657e-02
4.306826798165325904e-02
4.323944899333932029e-02
4.342447135133473135e-02
4.360526928863797669e-02
4.376443073796315586e-02
4.388679242879112846e-02
4.396076685214771185e-02
4.397932982649441908e-02
4.394062614796116067e-02
4.384816455810846419e-02
4.371057880641279064e-02
4.354094021043443397e-02
4.335563010275438056e-02
4.317282410646788166e-02
4.301070125894371904e-02
4.288555601339565787e-02
4.281003915999032072e-02
4.279176404229213110e-02
4.283247585830379789e-02
4.292789878609933052e-02
4.306826797507850441e-02
4.323944898722733438e-02
4.342447134565522587e-02
4.360526928335665964e-02
4.376443073305524845e-02
4.388679242422670324e-02
4.396076684789571032e-02
4.397932982253378864e-02
4.394062614426313962e-02
4.384816455464719126e-02
4.371057880317084920e-02
4.354094020739777970e-02
4.335563009990679728e-02
4.317282410379885693e-02
4.301070125644167186e-02
4.288555601105064480e-02
4.281003915779466734e-02
4.279176404023752461e-02
4.283247585639156363e-02
