4.225910128984657066e-02
4.248036578145082676e-02
4.277255427825508993e-02
4.310611483831869317e-02
4.344837377595945488e-02
4.376672415408554978e-02
4.403147116820145535e-02
4.421819023847060187e-02
4.430956570064682049e-02
4.429672600350299805e-02
4.418007483135022451e-02
4.396955737371151252e-02
4.368423408924956841e-02
4.335100658561732295e-02
4.300239295036983184e-02
4.267340009283882019e-02
4.239776276430390345e-02
4.220404168809078344e-02
4.211220353094752983e-02
4.213127288400460302e-02
4.225844401380041832e-02
4.247973311770779359e-02
4.277194642606892139e-02
4.310553154987369073e-02
4.344781435621587751e-02
4.376618750528073892e-02
4.403095586765030239e-02
4.421769463779934989e-02
4.430908803577535138e-02
4.429626450656020537e-02
4.417962783722709924e-02
4.396912341490030046e-02
4.368381197281474837e-02
4.335059544617755889e-02
4.300199227356086423e-02
4.267300970553736250e-02
4.239738279126862436e-02
4.220367247926321702e-02
4.211184556825390418e-02
4.213092667995691626e-02
4.225811001517316978e-02
4.247941162596743231e-02
4.277163754246153526e-02
4.310523514847517529e-02
4.344753008383639425e-02
4.376591480408629359e-02
4.403069401469576066e-02
4.421744279544961159e-02
4.430884530760563489e-02
4.429602999421571041e-02
4.417940069457285818e-02
4.396890289621497444e-02
4.368359747190057180e-02
4.335038652328750131e-02
4.300178866731817207e-02
4.267281132796556936e-02
4.239718970576900059e-02
4.220348486365689544e-02
4.211166366743533673e-02
4.213075075436226169e-02
4.225794029183378708e-02
4.247924825807413568e-02
4.277148058146592463e-02
4.310508453038339183e-02
4.344738562917496022e-02
4.376577622938884055e-02
4.403056095259107183e-02
4.421731482029481186e-02
4.430872196387482947e-02
4.429591082540285107e-02
4.417928527071273564e-02
4.396879083836343488e-02
4.368348847201456581e-02
4.335028035790582102e-02
4.300168520361967450e-02
4.267271052124798486e-02
4.239709158824876700e-02
4.220338952569664681e-02
4.211157123347978454e-02
4.213066135675030272e-02
4.225785404593285915e-02
4.247916524173091929e-02
4.277140082082443034e-02
4.310500799292722035e-02
4.344731222370282891e-02
4.376570581185493247e-02
4.403049333631794959e-02
4.421724978898343428e-02
4.430865928604748455e-02
4.429585026908606366e-02
4.417922661741284507e-02
4.396873389551971684e-02
4.368343308309328293e-02
4.335022640935521504e-02
4.300163262794573504e-02
4.267265929573330757e-02
4.239704172926438142e-02
4.220334107916041272e-02
4.211152426262899234e-02
4.213061592883716316e-02
