4.338268840637155704e-02
4.339102686840824730e-02
4.340237982164762282e-02
4.341562428066298579e-02
4.342945846995387160e-02
4.344252820783604113e-02
4.345355641341916431e-02
4.346146421975682905e-02
4.346547330967227146e-02
4.346518069190576095e-02
4.346059913637817518e-02
4.345215894738887336e-02
4.344066976399328650e-02
4.342724463574735433e-02
4.341319252498146430e-02
4.339988918469286222e-02
4.338863941901519028e-02
4.338054538690466755e-02
4.337639537460940414e-02
4.337658521537866851e-02
4.338108059016611284e-02
4.338942348490534145e-02
4.340078097128926421e-02
4.341403002179290010e-02
4.342786881254206977e-02
4.344094311192207847e-02
4.345197579232915053e-02
4.345988794772465830e-02
4.346390123312220133e-02
4.346361264334398788e-02
4.345903494961137620e-02
4.345059847265052289e-02
4.343911288153286254e-02
4.342569126654213796e-02
4.341164263747095825e-02
4.339834279681064472e-02
4.338709659526957668e-02
4.337900623078774082e-02
4.337486001712165251e-02
4.337505380087919304e-02
4.337955326103162118e-02
4.338790036657299426e-02
4.339926215917275232e-02
4.341251557131555611e-02
4.342635873317470668e-02
4.343943736570456821e-02
4.345047429692643071e-02
4.345839058366646190e-02
4.346240785452091387e-02
4.346212309109025868e-02
4.345754906583160215e-02
4.344911611507531329e-02
4.343763393640651810e-02
4.342421565879792805e-02
4.341017033712822604e-02
4.339687382090498535e-02
4.338563100508054104e-02
4.337754412462659775e-02
4.337340151943111510e-02
4.337359904879169170e-02
4.337810238979600969e-02
4.338645349534728246e-02
4.339781937859461813e-02
4.341107693403334356e-02
4.342492424818486518e-02
4.343800699694748413e-02
4.344904796618908466e-02
4.345696817745916402e-02
4.346098923425906202e-02
4.346070810562988745e-02
4.345613756520167598e-02
4.344770796412886910e-02
4.343622902708216965e-02
4.342281391978673744e-02
4.340877173995030813e-02
4.339547838174352690e-02
4.338423878214697077e-02
4.337615521131067686e-02
4.337201603394592181e-02
4.337221712140507807e-02
4.337672414898649520e-02
4.338507905430763478e-02
4.339644882342501286e-02
4.340971031474685771e-02
4.342356157332787764e-02
4.343664823226533328e-02
4.344769303738369587e-02
4.345561697672249701e-02
4.345964162994381957e-02
4.345936395415823245e-02
4.345479672411071276e-02
4.344637030503640390e-02
4.343489444733682897e-02
4.342148235164899200e-02
4.340744315636611839e-02
4.339415279808580411e-02
4.338291625371332866e-02
4.337483582681581767e-02
4.337069990568502564e-02
4.337090437312481062e-02
