4.318027513027360154e-02
4.320591076708150263e-02
4.324309873124169284e-02
4.328816092106033825e-02
4.333667468600597289e-02
4.338390515833734362e-02
4.342525850772460672e-02
4.345671565666434782e-02
4.347521002064200224e-02
4.347891819377855405e-02
4.346743872184783558e-02
4.344184141063885812e-02
4.340457861684449137e-02
4.335926114910169937e-02
4.331031459430717545e-02
4.326254588405154672e-02
4.322066253464430102e-02
4.318879552365579438e-02
4.317007881769196337e-02
4.316633295270318887e-02
4.317788735247973797e-02
4.320355851701901395e-02
4.324078212963244211e-02
4.328587988167895834e-02
4.333442888475209920e-02
4.338169402680990688e-02
4.342308125071670660e-02
4.345457129092819559e-02
4.347309743060058518e-02
4.347683619861323484e-02
4.346538614763595376e-02
4.343981716087789297e-02
4.340258173483646509e-02
4.335729086637423596e-02
4.330837036047516936e-02
4.326062737529748348e-02
4.321876964015183148e-02
4.318692831168050722e-02
4.316823748514433262e-02
4.316451776387904976e-02
4.317609857358657016e-02
4.320179635335717749e-02
4.323904667163815108e-02
4.328417106475741100e-02
4.333274646610690839e-02
4.338003758062844439e-02
4.342145018127782641e-02
4.345296486164455102e-02
4.347151480574839438e-02
4.347527649359194529e-02
4.346384848301577258e-02
4.343830071522643971e-02
4.340108579145313117e-02
4.335581484956448073e-02
4.330691385792463655e-02
4.325919014442106136e-02
4.321735159793350239e-02
4.318552950925216849e-02
4.316685807002067915e-02
4.316315793405373080e-02
4.317475852848651902e-02
4.320047624678126363e-02
4.323774657133652027e-02
4.328289092233957719e-02
4.333148609968313220e-02
4.337879667120440874e-02
4.342022828257675882e-02
4.345176142185926821e-02
4.347032919880535612e-02
4.347410805680303192e-02
4.346269655756444805e-02
4.343716468574279621e-02
4.339996512102844289e-02
4.335470910692622304e-02
4.330582273418977224e-02
4.325811345786185341e-02
4.321628928635756761e-02
4.318448161096507393e-02
4.316582469553099932e-02
4.316213923168615157e-02
4.317375464763949927e-02
4.319948730267093168e-02
4.323677261471907396e-02
4.328193191696153713e-02
4.333054190928518207e-02
4.337786705681789812e-02
4.341931290987720293e-02
4.345085987746462319e-02
4.346944101369821373e-02
4.347323273453770204e-02
4.346183360459529577e-02
4.343631364107342768e-02
4.339912558244002350e-02
4.335388075133345814e-02
4.330500533019775167e-02
4.325730686932871549e-02
4.321549346669485009e-02
4.318369658886689333e-02
4.316505055378557637e-02
4.316137608140902665e-02
