4.286373975462730995e-02
4.293852384153214879e-02
4.304635123358364207e-02
4.317642342850700615e-02
4.331598139106894452e-02
4.345154690080122589e-02
4.357015673335931649e-02
4.366050136273875310e-02
4.371390464895375666e-02
4.372509513228771405e-02
4.369272249494569188e-02
4.361956974964740358e-02
4.351241212554137622e-02
4.338148776972537701e-02
4.323958032378431848e-02
4.310076859770959473e-02
4.297896335692515113e-02
4.288640687670824264e-02
4.283233706369592858e-02
4.282200173151236994e-02
4.285615134848206470e-02
4.293105598918463273e-02
4.303900789703762886e-02
4.316920661382246671e-02
4.330889089929791658e-02
4.344458029962407208e-02
4.356330953341814444e-02
4.365376736899966026e-02
4.370727644913534327e-02
4.371856467933537410e-02
4.368628173674631021e-02
4.361321125561611750e-02
4.350612965676446675e-02
4.337527673897659253e-02
4.323343809648096808e-02
4.309469459709466821e-02
4.297295895686897155e-02
4.288047509147754899e-02
4.282648207109186755e-02
4.281622828815717652e-02
4.285046416866913205e-02
4.292545915918997979e-02
4.303350438621289520e-02
4.316379792562093781e-02
4.330357688461750759e-02
4.343935913554668876e-02
4.355817785536279796e-02
4.364872053406013835e-02
4.370230890212922770e-02
4.371367038934452498e-02
4.368145466906567936e-02
4.360844584134436486e-02
4.350142122010823564e-02
4.337062184200891901e-02
4.322883476469757680e-02
4.309014239824149328e-02
4.296845892060389971e-02
4.287602947685981852e-02
4.282209400920012482e-02
4.281190134387825863e-02
4.284620187515705836e-02
4.292126457893084140e-02
4.302937974460481485e-02
4.315974434943969235e-02
4.329959426211606177e-02
4.343544610052592347e-02
4.355433188621950918e-02
4.364493815113595909e-02
4.369858594205872776e-02
4.371000233221632170e-02
4.367783699213069470e-02
4.360487437095379726e-02
4.349789245195878618e-02
4.336713319952467671e-02
4.322538476807391561e-02
4.308673072352224576e-02
4.296508633947049988e-02
4.287269768238034101e-02
4.281880534798319232e-02
4.280865848764595777e-02
4.284300747185766645e-02
4.291812092376489501e-02
4.302628850541110467e-02
4.315670637068683146e-02
4.329660946005470246e-02
4.343251345125116042e-02
4.355144949989742803e-02
4.364210341991579811e-02
4.369579574567799413e-02
4.370725328319879227e-02
4.367512570087198759e-02
4.360219770948838697e-02
4.349524779396424234e-02
4.336451861396808244e-02
4.322279914590489852e-02
4.308417382195074002e-02
4.296255873683937215e-02
4.287020064757032789e-02
4.281634063967409976e-02
4.280622810818020263e-02
