4.331923702987749286e-02
4.332216968490593123e-02
4.332682785411386128e-02
4.333274926091441881e-02
4.333934953477739521e-02
4.334597930311662184e-02
4.335198709919744348e-02
4.335678217881026864e-02
4.335989145879246692e-02
4.336100534079503910e-02
4.336000811965705359e-02
4.335698996238850772e-02
4.335223903830568576e-02
4.334621420663795771e-02
4.333950059205228522e-02
4.333275220645791542e-02
4.332662727098284677e-02
4.332172282126471596e-02
4.331851536750964266e-02
4.331731376301913711e-02
4.331822908116411686e-02
4.332116440568739568e-02
4.332582527795288130e-02
4.333174941039650424e-02
4.333835241874464672e-02
4.334498491525787950e-02
4.335099541811042456e-02
4.335579316951670287e-02
4.335890507555264367e-02
4.336002153094949824e-02
4.335902682812698555e-02
4.335601113640717708e-02
4.335126263192175256e-02
4.334524018455378214e-02
4.333852893241398052e-02
4.333178290231806673e-02
4.332566033028570351e-02
4.332075826535932567e-02
4.331755322834186794e-02
4.331635407929468329e-02
4.331727189387451354e-02
4.332020975345437369e-02
4.332487319264862607e-02
4.333079991346881071e-02
4.333740551859064510e-02
4.334404060588405161e-02
4.335005367919234770e-02
4.335485396783737150e-02
4.335796836767655954e-02
4.335908726686892728e-02
4.335809495553689941e-02
4.335508160519783993e-02
4.335033539845646600e-02
4.334431521531246362e-02
4.333760620664279389e-02
4.333086241341932432e-02
4.332474208580433528e-02
4.331984228556937794e-02
4.331663954358040691e-02
4.331544272631784182e-02
4.331636291160938929e-02
4.331930317857719120e-02
4.332396905542677118e-02
4.332989823427016440e-02
4.333650630538941895e-02
4.334314385298838890e-02
4.334915936730125013e-02
4.335396206540698127e-02
4.335707883345826102e-02
4.335820005337358285e-02
4.335721001309377626e-02
4.335419888622084328e-02
4.334945486150638266e-02
4.334343682855738150e-02
4.333672995037504000e-02
4.332998828137293867e-02
4.332387008514382992e-02
4.331897243554778260e-02
4.331577187300694742e-02
4.331457727009736802e-02
4.331549970670901806e-02
4.331844225982645763e-02
4.332311045156832935e-02
4.332904196464633373e-02
4.333565237757260741e-02
4.334229226157340631e-02
4.334831009395897355e-02
4.335311508018262899e-02
4.335623409718066673e-02
4.335735752094491136e-02
4.335636963734471744e-02
4.335336062196217671e-02
4.334861866938530955e-02
4.334260267834486730e-02
4.333589782335531271e-02
4.332915817159629229e-02
4.332304199941413442e-02
4.331814639214841278e-02
4.331494789929615785e-02
4.331375539922249773e-02
