4.318463498239662884e-02
4.320845800300387313e-02
4.324571260768306918e-02
4.329266100576758397e-02
4.334466957812209420e-02
4.339666005500077833e-02
4.344358530200941731e-02
4.348089125048931053e-02
4.350493172157569172e-02
4.351330703621669738e-02
4.350510017216951963e-02
4.348098710328893862e-02
4.344320303095620256e-02
4.339535564707006771e-02
4.334209134150043136e-02
4.328863928492981267e-02
4.324027814693023192e-02
4.320178585045943154e-02
4.317693934665443878e-02
4.316812614346574040e-02
4.317611286056893816e-02
4.319999235126730647e-02
4.323730572388399113e-02
4.328431443088081448e-02
4.333638393525882787e-02
4.338843497937765192e-02
4.343541946397259934e-02
4.347278246620317477e-02
4.349687713982577919e-02
4.350530338466587071e-02
4.349714404207188911e-02
4.347307524806411777e-02
4.343533265154077283e-02
4.338752463630109885e-02
4.333429846185934270e-02
4.328088425941412770e-02
4.323256165160460629e-02
4.319410940847405456e-02
4.316930513549636222e-02
4.316053673774906257e-02
4.316857093991304656e-02
4.319250040560061732e-02
4.322986578675756114e-02
4.327692786602892194e-02
4.332905129412393391e-02
4.338115593913460105e-02
4.342819284790164214e-02
4.346560634165008707e-02
4.348974898351850443e-02
4.349822030064594280e-02
4.349010301366072750e-02
4.346607340209860532e-02
4.342836751090183023e-02
4.338059433618792621e-02
4.332740190709103573e-02
4.327402120484938330e-02
4.322573269554644965e-02
4.318731589888437361e-02
4.316254899941082690e-02
4.315382025365234464e-02
4.316189647921938460e-02
4.318587017185054194e-02
4.322328157960644152e-02
4.327039089235750619e-02
4.332256204194789850e-02
4.337471412275866606e-02
4.342179742595156378e-02
4.345925560376209112e-02
4.348344069664239475e-02
4.349195190191276761e-02
4.348387183336674400e-02
4.345987689754676059e-02
4.342220348988701240e-02
4.337446114839616645e-02
4.332129858330732719e-02
4.326794752812702927e-02
4.321968919537420156e-02
4.318130376818260507e-02
4.315656994357110199e-02
4.314787628909187711e-02
4.315598970459553346e-02
4.318000253725629012e-02
4.321745467770351373e-02
4.326460579121250982e-02
4.331681917344566007e-02
4.336901323406477243e-02
4.341613759546841117e-02
4.345363531784920269e-02
4.347785797909247546e-02
4.348640448463351321e-02
4.347835735371883420e-02
4.345439310529122801e-02
4.341674844496289098e-02
4.336903339030615673e-02
4.331589725431362475e-02
4.326257243623611581e-02
4.321434080917316983e-02
4.317598314338429166e-02
4.315127858941521233e-02
4.314261599007013920e-02
