4.284287921584431502e-02
4.297858146362654175e-02
4.314650177140673393e-02
4.332996308571908373e-02
4.351101272959685684e-02
4.367217551432397288e-02
4.379806939322883341e-02
4.387676217740835855e-02
4.390079227486449326e-02
4.386780802998534873e-02
4.378079691157239078e-02
4.364788313478869253e-02
4.348168084193178295e-02
4.329821085940351727e-02
4.311542911688129309e-02
4.295147234837468075e-02
4.282278980649169980e-02
4.274237888955316478e-02
4.271835745987255517e-02
4.275307380947961783e-02
4.284287881209344201e-02
4.297858108771254043e-02
4.314650142175371905e-02
4.332996276070132796e-02
4.351101242755726906e-02
4.367217523358880860e-02
4.379806913214694813e-02
4.387676193438200950e-02
4.390079204838095994e-02
4.386780781863779122e-02
4.378079671409104007e-02
4.364788295003227403e-02
4.348168066891194145e-02
4.329821069726654675e-02
4.311542896490270366e-02
4.295147220593981824e-02
4.282278967307844714e-02
4.274237876470701747e-02
4.271835734318014943e-02
4.275307370055918266e-02
4.284287871056359498e-02
4.297858099318468267e-02
4.314650133382857966e-02
4.332996267897424453e-02
4.351101235160724501e-02
4.367217516299790742e-02
4.379806906650037662e-02
4.387676187327856081e-02
4.390079199144065331e-02
4.386780776550472383e-02
4.378079666444115864e-02
4.364788290358555256e-02
4.348168062541717810e-02
4.329821065650777540e-02
4.311542892669847221e-02
4.295147217013881025e-02
4.282278963955207102e-02
4.274237873333405768e-02
4.271835731385836832e-02
4.275307367319173407e-02
4.284287868505043395e-02
4.297858096942906714e-02
4.314650131173008302e-02
4.332996265843123279e-02
4.351101233251777195e-02
4.367217514525397609e-02
4.379806904999600931e-02
4.387676185791673789e-02
4.390079197712162123e-02
4.386780775213938027e-02
4.378079665195126757e-02
4.364788289189840131e-02
4.348168061447052479e-02
4.329821064625017507e-02
4.311542891708503716e-02
4.295147216112563809e-02
4.282278963110063702e-02
4.274237872542537703e-02
4.271835730646531687e-02
4.275307366628766648e-02
4.284287867860936405e-02
4.297858096343078194e-02
4.314650130615339113e-02
4.332996265324807333e-02
4.351101232769809257e-02
4.367217514077365026e-02
4.379806904582647653e-02
4.387676185403176915e-02
4.390079197350329338e-02
4.386780774876408717e-02
4.378079664879842153e-02
4.364788288895024571e-02
4.348168061170831072e-02
4.329821064365992761e-02
4.311542891465573735e-02
4.295147215884979192e-02
4.282278962897249214e-02
4.274237872343582267e-02
4.271835730460783742e-02
4.275307366455510794e-02
