4.124080149280002355e-02
4.178507991535376082e-02
4.248776953382327193e-02
4.328007717601852627e-02
4.408443753214491556e-02
4.482210577784080663e-02
4.542086565665399284e-02
4.582209850111158139e-02
4.598652122735946007e-02
4.589803162843739820e-02
4.556528456212290829e-02
4.502084474505550771e-02
4.431799908353971362e-02
4.352554057232110168e-02
4.272103434964142493e-02
4.198322507398906389e-02
4.138432884144438439e-02
4.098296416443088924e-02
4.081841397689279366e-02
4.090678034084416215e-02
4.123940825837509039e-02
4.178373287735686475e-02
4.248646716048978117e-02
4.327881798636996902e-02
4.408322009431198812e-02
4.482092870742961782e-02
4.541972761517448082e-02
4.582099819445163702e-02
4.598545740431715656e-02
4.589700307930150158e-02
4.556429011729584005e-02
4.501988327371229254e-02
4.431706949235699605e-02
4.352464180423101792e-02
4.272016538261757396e-02
4.198238491989949445e-02
4.138351654491872339e-02
4.098217880177555672e-02
4.081765465504468005e-02
4.090604619635318517e-02
4.123869845641409126e-02
4.178304661078627302e-02
4.248580364892882294e-02
4.327817647531492090e-02
4.408259985427488009e-02
4.482032903311718858e-02
4.541914782467190714e-02
4.582043762846017831e-02
4.598491542539547700e-02
4.589647907114433739e-02
4.556378348403335860e-02
4.501939343923747061e-02
4.431659589965955548e-02
4.352418391477172466e-02
4.271972267571250148e-02
4.198195689212906589e-02
4.138310270955830594e-02
4.098177868823834474e-02
4.081726780834441654e-02
4.090567217659295263e-02
4.123833683827932139e-02
4.178269698307003621e-02
4.248546561405577154e-02
4.327784964889717229e-02
4.408228386466636617e-02
4.482002352099242332e-02
4.541885244262225396e-02
4.582015204059362856e-02
4.598463930696049251e-02
4.589621210816065972e-02
4.556352537292619742e-02
4.501914388649688736e-02
4.431635462151264221e-02
4.352395063684884324e-02
4.271949713274655197e-02
4.198173882764549142e-02
4.138289187559053561e-02
4.098157484503550663e-02
4.081707072411071974e-02
4.090548162721704961e-02
4.123815260708178082e-02
4.178251886055377173e-02
4.248529339766928675e-02
4.327768314280750622e-02
4.408212287953305886e-02
4.481986787375161901e-02
4.541870195628425200e-02
4.582000654403741574e-02
4.598449863473476340e-02
4.589607610029940860e-02
4.556339387477091607e-02
4.501901674851638974e-02
4.431623169913268684e-02
4.352383179028890270e-02
4.271938222686549880e-02
4.198162773177489815e-02
4.138278446339974798e-02
4.098147099438472635e-02
4.081697031690569716e-02
4.090538454928152601e-02
