4.186898926563105416e-02
4.235459326471950614e-02
4.294258862668962756e-02
4.357541826668666352e-02
4.419113640850137747e-02
4.472947226872742155e-02
4.513772978095730026e-02
4.537594585391731966e-02
4.542080223727937988e-02
4.526790807443578646e-02
4.493222971015780470e-02
4.444662568046931633e-02
4.385863029019431564e-02
4.322580062401962936e-02
4.261008245799522559e-02
4.207174657538258200e-02
4.166348904245508605e-02
4.142527295034874324e-02
4.138041654928446833e-02
4.153331069575379869e-02
4.186898904488973311e-02
4.235459306057760137e-02
4.294258843789704877e-02
4.357541809209624500e-02
4.419113624704176096e-02
4.472947211940773993e-02
4.513772964286875272e-02
4.537594572621654609e-02
4.542080211917825378e-02
4.526790796521960869e-02
4.493222960915143477e-02
4.444662558705609473e-02
4.385863020381478711e-02
4.322580054413985989e-02
4.261008238412580806e-02
4.207174650707368874e-02
4.166348897928136980e-02
4.142527289192538681e-02
4.138041649525440319e-02
4.153331064578413140e-02
4.186898899868530394e-02
4.235459301785003683e-02
4.294258839838715341e-02
4.357541805555396192e-02
4.419113621324810559e-02
4.472947208815374054e-02
4.513772961396593508e-02
4.537594569948692758e-02
4.542080209446228839e-02
4.526790794236495996e-02
4.493222958802402245e-02
4.444662556751639154e-02
4.385863018573697703e-02
4.322580052742151790e-02
4.261008236865965887e-02
4.207174649276761158e-02
4.166348896605363838e-02
4.142527287969470506e-02
4.138041648394596289e-02
4.153331063532416517e-02
4.186898898900255628e-02
4.235459300888965578e-02
4.294258839009663931e-02
4.357541804788759437e-02
4.419113620616361288e-02
4.472947208160545779e-02
4.513772960790873867e-02
4.537594569388460342e-02
4.542080208927950363e-02
4.526790793756314130e-02
4.493222958357669800e-02
4.444662556340647774e-02
4.385863018193320723e-02
4.322580052390317257e-02
4.261008236541025812e-02
4.207174648976651915e-02
4.166348896327306400e-02
4.142527287712122197e-02
4.138041648156318836e-02
4.153331063312424437e-02
4.186898898696968935e-02
4.235459300701736873e-02
4.294258838836670367e-02
4.357541804628620868e-02
4.419113620468068798e-02
4.472947208023395765e-02
4.513772960663978845e-02
4.537594569271365119e-02
4.542080208819949949e-02
4.526790793656874923e-02
4.493222958266239464e-02
4.444662556255689345e-02
4.385863018115157552e-02
4.322580052317456095e-02
4.261008236474049526e-02
4.207174648914440568e-02
4.166348896270207630e-02
4.142527287658769736e-02
4.138041648106664111e-02
4.153331063266581247e-02
