4.323549808782101156e-02
4.327538323314530228e-02
4.332859698182540964e-02
4.338991513900709168e-02
4.345332041144408380e-02
4.351259141898348309e-02
4.356191168354354298e-02
4.359643898350165636e-02
4.361277934111110199e-02
4.360931924576585267e-02
4.358638359276871543e-02
4.354620387747330096e-02
4.349269975816499184e-02
4.343109536983127267e-02
4.336740794670759791e-02
4.330785881077514610e-02
4.325826438277620423e-02
4.322346682780899008e-02
4.320686006790198236e-02
4.321005755873905119e-02
4.323273435087259670e-02
4.327265889558407769e-02
4.332591148198006170e-02
4.338726792321227765e-02
4.345071093392963851e-02
4.351001914175800511e-02
4.355937607628472541e-02
4.359393952344763762e-02
4.361031551295511954e-02
4.360689054154573419e-02
4.358398951176417624e-02
4.354384392609989690e-02
4.349037344987646825e-02
4.342880222501691034e-02
4.336514749259425677e-02
4.330563058132935739e-02
4.325606791860955869e-02
4.322130167608008444e-02
4.320472578222443044e-02
4.320795369909167377e-02
4.323066048350971552e-02
4.327061459293931461e-02
4.332389632258275974e-02
4.338528149160266606e-02
4.344875282056648302e-02
4.350808894294357770e-02
4.355747339407245455e-02
4.359206396556598168e-02
4.360846669272373105e-02
4.360506807779585686e-02
4.358219302876199103e-02
4.354207305346938922e-02
4.348862782251911030e-02
4.342708148304143256e-02
4.336345128123773179e-02
4.330395855088978174e-02
4.325441972436508409e-02
4.321967697822438892e-02
4.320312424579899474e-02
4.320637499391066783e-02
4.322910428409390549e-02
4.326908057845057359e-02
4.332238417675592090e-02
4.338379090268123378e-02
4.344728348124120287e-02
4.350664055027883559e-02
4.355604564945947388e-02
4.359065657464922944e-02
4.360707936534343604e-02
4.360370052793004908e-02
4.358084497446547412e-02
4.354074421681640439e-02
4.348731792954656228e-02
4.342579026369133149e-02
4.336217846930284781e-02
4.330270388395523334e-02
4.325318294376013367e-02
4.321845782896613364e-02
4.320192247653520390e-02
4.320519035687495069e-02
4.322793653505165035e-02
4.326792947664778732e-02
4.332124948487364041e-02
4.338267238678377574e-02
4.344618091072476734e-02
4.350555369782944243e-02
4.355497429100285700e-02
4.358960048930535236e-02
4.360603833538236052e-02
4.360267433872447307e-02
4.357983341444775227e-02
4.353974707743511058e-02
4.348633500522432888e-02
4.342482135177887920e-02
4.336122337004139765e-02
4.330176240043442232e-02
4.325225488187464662e-02
4.321754299738064103e-02
4.320102068664199990e-02
4.320430142275230589e-02
