4.237081978617159017e-02
4.244551039869527698e-02
4.257177544970287136e-02
4.273719913998298703e-02
4.292553335672696230e-02
4.311828814040997299e-02
4.329654159942421254e-02
4.344279210538787295e-02
4.354267146336218697e-02
4.358635135993049053e-02
4.356950541619692557e-02
4.349373267325882392e-02
4.336640105643591037e-02
4.319992614107053680e-02
4.301055581932257399e-02
4.281677983323670805e-02
4.263751986007448258e-02
4.249027731695092375e-02
4.238942019057739818e-02
4.234477658914063969e-02
4.236067268925768070e-02
4.243550925045939948e-02
4.256191815092299352e-02
4.272748362162929331e-02
4.291595757952897106e-02
4.310885009443139043e-02
4.328723930363685690e-02
4.343362360725642329e-02
4.353363483843676607e-02
4.357744471143922688e-02
4.356072687464981885e-02
4.348508039605586406e-02
4.335787322747996358e-02
4.319152097038603255e-02
4.300227154267761975e-02
4.280861471177827698e-02
4.262947217995805005e-02
4.248234538898442575e-02
4.238160234986339953e-02
4.233707119472834846e-02
4.235307812379787012e-02
4.242802391986736504e-02
4.255454048404110762e-02
4.272021206990036374e-02
4.290879061666665745e-02
4.310178621610231270e-02
4.328027702714708908e-02
4.342676147123652325e-02
4.352687140253703318e-02
4.357077855602570909e-02
4.355415660051040888e-02
4.347860462410117754e-02
4.335149059845703340e-02
4.318523014459278719e-02
4.299607119968314184e-02
4.280250355014033475e-02
4.262344891695468013e-02
4.247640876034450286e-02
4.237575110949907270e-02
4.233130411447522112e-02
4.234739399315620018e-02
4.242242154574881602e-02
4.254901869051776198e-02
4.271476969795721251e-02
4.290342652396112594e-02
4.309649927671916486e-02
4.327506613136612723e-02
4.342162552530193925e-02
4.352180932842175665e-02
4.356578929121323468e-02
4.354923909776022006e-02
4.347375785123877567e-02
4.334671353815288536e-02
4.318052179415078629e-02
4.299143057082797925e-02
4.279792966881507815e-02
4.261894082311015047e-02
4.247196550773785911e-02
4.237137176550013345e-02
4.232698775986845630e-02
4.234313972194662934e-02
4.241822846497222271e-02
4.254488592005555014e-02
4.271069637034692612e-02
4.289941178421765450e-02
4.309254228215850246e-02
4.327116605142244249e-02
4.341778154135514378e-02
4.351802063362709277e-02
4.356205509032896189e-02
4.354555860698569592e-02
4.347013029804556311e-02
4.334313816112582429e-02
4.317699784282352099e-02
4.298795730553093414e-02
4.279450636051272683e-02
4.261556675325786636e-02
4.246863996812390990e-02
4.236809405810153251e-02
4.232375719670070785e-02
