4.339306206087610585e-02
4.340282616811808741e-02
4.341618512368877747e-02
4.343182627782153638e-02
4.344821358976575648e-02
4.346373798614892175e-02
4.347687486828090420e-02
4.348633335048830012e-02
4.349118262098900650e-02
4.349094305622674267e-02
4.348563316975774529e-02
4.347576780000675378e-02
4.346230771428609418e-02
4.344656556218897542e-02
4.343007738429280340e-02
4.341445225379699652e-02
4.340121476921873084e-02
4.339165581605915201e-02
4.338670620592804950e-02
4.338684556220973737e-02
4.339205537117609562e-02
4.340182079423095945e-02
4.341518106389068155e-02
4.343082353039109944e-02
4.344721215298401329e-02
4.346273785829954384e-02
4.347587604764991537e-02
4.348533583536409036e-02
4.349018640966247073e-02
4.348994814699116973e-02
4.348463956090890814e-02
4.347477548984274298e-02
4.346131670110734563e-02
4.344557584429832586e-02
4.342908895999535862e-02
4.341346512140040886e-02
4.340022892703280372e-02
4.339067126239606886e-02
4.338572293910223504e-02
4.338586358053797554e-02
4.339107467297738385e-02
4.340084137782672380e-02
4.341420292760438809e-02
4.342984667254866371e-02
4.344623657191346022e-02
4.346176355233122290e-02
4.347490301511652139e-02
4.348436407460030961e-02
4.348921591900544587e-02
4.348897892478020138e-02
4.348367160548549659e-02
4.347380879955056732e-02
4.346035127429230538e-02
4.344461167930859652e-02
4.342812605518123203e-02
4.341250347511433488e-02
4.339926853762947345e-02
4.338971212823219264e-02
4.338476505853695875e-02
4.338490695193247815e-02
4.339011929469496071e-02
4.339988724823288374e-02
4.341325004506684654e-02
4.342889503543726631e-02
4.344528617860013431e-02
4.346081440119003297e-02
4.347395510452367606e-02
4.348341740293440449e-02
4.348827048464686679e-02
4.348803472611156157e-02
4.348272864089159501e-02
4.347286706741822215e-02
4.345941077301067323e-02
4.344367240726865198e-02
4.342718801077642687e-02
4.341156665673986254e-02
4.339833294368274780e-02
4.338877775711298679e-02
4.338383190864681521e-02
4.338397502167506969e-02
4.338918858247637483e-02
4.339895775246088716e-02
4.341232176415144722e-02
4.342796796779054003e-02
4.344436032263637726e-02
4.345988975532536630e-02
4.347303166717657319e-02
4.348249517252522622e-02
4.348734945959822906e-02
4.348711490484790526e-02
4.348181002183940103e-02
4.347194964900645553e-02
4.345849455366979086e-02
4.344275738543156018e-02
4.342627418487781527e-02
4.341065402521663424e-02
4.339742150497387374e-02
4.338786750965936689e-02
4.338292285089138250e-02
4.338306715206299152e-02
