4.334324147059288174e-02
4.336977061435821207e-02
4.340588724641639140e-02
4.344803276683317089e-02
4.349205850838470944e-02
4.353363183672138981e-02
4.356866025851204027e-02
4.359369202291885070e-02
4.360625400272838403e-02
4.360509378098834793e-02
4.359030224602087472e-02
4.356330469435084479e-02
4.352672131247006110e-02
4.348411069444328703e-02
4.343962150164570185e-02
4.339758636259991031e-02
4.336209776482901485e-02
4.333660745338558523e-02
4.332358854971520012e-02
4.332429346502406770e-02
4.333863130526653673e-02
4.336517676821160377e-02
4.340130966168290194e-02
4.344347138595013036e-02
4.348751327399370120e-02
4.352910269166574558e-02
4.356414714583863035e-02
4.358919488587561369e-02
4.360177278476474322e-02
4.360062842575394143e-02
4.358585269736387630e-02
4.355887089631878956e-02
4.352230320930808999e-02
4.347970823059468110e-02
4.343523462175012673e-02
4.339321501149306232e-02
4.335774188754146219e-02
4.333226699514258068e-02
4.331926345593607730e-02
4.331998368132185251e-02
4.333433677744583101e-02
4.336089744226929998e-02
4.339704548380669130e-02
4.343922230251864858e-02
4.348327923157496722e-02
4.352488363701765423e-02
4.355994302590711353e-02
4.358500564779405756e-02
4.359759837585396730e-02
4.359646879352176152e-02
4.358170778950282848e-02
4.355474066070722655e-02
4.351818759400945258e-02
4.347560718385542339e-02
4.343114809199965370e-02
4.338914294734376453e-02
4.335368423778813290e-02
4.332822370876034113e-02
4.331523448208128568e-02
4.331596896933030683e-02
4.333033627683334499e-02
4.335691110272982263e-02
4.339307325521253589e-02
4.343526413491974325e-02
4.347933507519808477e-02
4.352095344226523943e-02
4.355602674335780355e-02
4.358110322820119009e-02
4.359370977014461607e-02
4.359259395279715260e-02
4.357784666503784765e-02
4.355089320394831681e-02
4.351435375657513455e-02
4.347178691753574714e-02
4.342734134875537305e-02
4.338534967930540026e-02
4.334990439725568828e-02
4.332445724820288557e-02
4.331148135413584455e-02
4.331222912680226383e-02
4.332660967269499896e-02
4.335319769011937441e-02
4.338937298743442139e-02
4.343157696544314855e-02
4.347566095765702937e-02
4.351729233045863870e-02
4.355237859124714422e-02
4.357746798991141146e-02
4.359008739996342308e-02
4.358898440517340600e-02
4.357424989458202197e-02
4.354730916543155667e-02
4.351078240492863708e-02
4.346822820785042896e-02
4.342379523628064203e-02
4.338181611944944005e-02
4.334638334558448686e-02
4.332094866043947196e-02
4.330798518616067738e-02
4.330874533465110116e-02
