4.333915187885441916e-02
4.337677791786404696e-02
4.342810812679109150e-02
4.348808877780591109e-02
4.355081945235941138e-02
4.361013061507047067e-02
4.366018753064222074e-02
4.369606140821544193e-02
4.371421186556823102e-02
4.371283348620534637e-02
4.369203254591405572e-02
4.365381660956130228e-02
4.360189801646716795e-02
4.354133049058021843e-02
4.347801444657755504e-02
4.341811941597895769e-02
4.336748013022952847e-02
4.333102537634656720e-02
4.331229553271997990e-02
4.331309601202265602e-02
4.333332053465525913e-02
4.337096153194831133e-02
4.342230666078855661e-02
4.348230219344464270e-02
4.354504771146593817e-02
4.360437367956883359e-02
4.365444536255425750e-02
4.369033396966063437e-02
4.370849911876303895e-02
4.370713539346336718e-02
4.368634906964550396e-02
4.364814771227262108e-02
4.359624366076098739e-02
4.353569063915493226e-02
4.347238906222770233e-02
4.341250846159431381e-02
4.336188356879507738e-02
4.332544317094227937e-02
4.330672764652050005e-02
4.330754240829685908e-02
4.332778117676632651e-02
4.336543638335352974e-02
4.341679568503908210e-02
4.347680535418502884e-02
4.353956497243367113e-02
4.359890500459482482e-02
4.364899071556199023e-02
4.368489331466608033e-02
4.370307241987470698e-02
4.370172261488193544e-02
4.368095017566313992e-02
4.364276266727318276e-02
4.359087242921979438e-02
4.353033318563839793e-02
4.346704535139302855e-02
4.340717845818930359e-02
4.335656723765812098e-02
4.332014047700187553e-02
4.330143855479519355e-02
4.330226688389509498e-02
4.332251918488565223e-02
4.336018788928119178e-02
4.341156065415089499e-02
4.347158375194587476e-02
4.353435676439734725e-02
4.359371015640292613e-02
4.364380919294478384e-02
4.367972508344151322e-02
4.369791744594821864e-02
4.369658086424616644e-02
4.367582161439843152e-02
4.363764726154678586e-02
4.358577014528598054e-02
4.352524398983797366e-02
4.346196921015252346e-02
4.340211533802204591e-02
4.335151710516307877e-02
4.331510329886367749e-02
4.329641429778389311e-02
4.329725551486602458e-02
4.331752067077918739e-02
4.335520219712245965e-02
4.340658775104984379e-02
4.346662360509671169e-02
4.352940934107797644e-02
4.358877542397593396e-02
4.363888711885577365e-02
4.367481563521988935e-02
4.369302059120683951e-02
4.369169657068081025e-02
4.367094984978794892e-02
4.363278799375244071e-02
4.358092334225129039e-02
4.352040961958897336e-02
4.345714724079732805e-02
4.339730573775062855e-02
4.334671984224679891e-02
4.331031834165523925e-02
4.329164161471718564e-02
4.329249507445617762e-02
