4.180446215287088318e-02
4.201892133756794656e-02
4.232294522151274635e-02
4.268676938503328244e-02
4.307477588908067284e-02
4.344897980228377282e-02
4.377274742589126050e-02
4.401438225079230826e-02
4.415022762819652280e-02
4.416698244288597835e-02
4.406300311487781202e-02
4.384846448040820993e-02
4.354436380415930424e-02
4.318046541691001466e-02
4.279238717179841001e-02
4.241811391715672591e-02
4.209427927147423726e-02
4.185257966627391885e-02
4.171667167537256721e-02
4.169985634150132764e-02
4.180377717460050796e-02
4.201825927072026096e-02
4.232230529973993183e-02
4.268615086762039129e-02
4.307417806008809191e-02
4.344840196971465340e-02
4.377218892089760477e-02
4.401384242689554416e-02
4.414970586054357132e-02
4.416647812752748370e-02
4.406251566806364955e-02
4.384799333791019466e-02
4.354390842062582506e-02
4.318002526522823903e-02
4.279196174248876133e-02
4.241770271777303009e-02
4.209388182605078993e-02
4.185219551476910410e-02
4.171630037312304418e-02
4.169949745871912722e-02
4.180343029587025444e-02
4.201792399453125465e-02
4.232198123800440942e-02
4.268583764523005419e-02
4.307387531448513690e-02
4.344810935047007522e-02
4.377190608929586862e-02
4.401356905555847687e-02
4.414944163303913954e-02
4.416622273801147636e-02
4.406226882091680841e-02
4.384775474740667395e-02
4.354367781058918196e-02
4.317980236872687172e-02
4.279174630151576231e-02
4.241749448295952657e-02
4.209368055635884925e-02
4.185200097722496099e-02
4.171611234254342382e-02
4.169931571745892629e-02
4.180325463356509424e-02
4.201775420784737564e-02
4.232181713041114485e-02
4.268567902677335851e-02
4.307372200155958064e-02
4.344796116561449456e-02
4.377176286098424796e-02
4.401343061800472994e-02
4.414930782600188369e-02
4.416609340660603011e-02
4.406214381544039382e-02
4.384763392316100294e-02
4.354356102772514309e-02
4.317968949206464624e-02
4.279163720039770580e-02
4.241738903109748549e-02
4.209357863169151115e-02
4.185190246177384471e-02
4.171601712228033970e-02
4.169922368216318759e-02
4.180316567670312039e-02
4.201766822644951993e-02
4.232173402495391368e-02
4.268559870106055504e-02
4.307364436261484214e-02
4.344788612356881990e-02
4.377169032897783307e-02
4.401336051208181582e-02
4.414924006500765136e-02
4.416602791210931522e-02
4.406208051163346129e-02
4.384757273676571226e-02
4.354350188791657195e-02
4.317963233038470822e-02
4.279158195068579612e-02
4.241733562940201707e-02
4.209352701619841625e-02
4.185185257273686676e-02
4.171596890194938928e-02
4.169917707472644425e-02
