4.294405525695757508e-02
4.294841161660663265e-02
4.295897462240677589e-02
4.297469020917479843e-02
4.299399999315466764e-02
4.301499381734397165e-02
4.303559673083911380e-02
4.305377209935445926e-02
4.306772096504463826e-02
4.307605814090125634e-02
4.307794780237726717e-02
4.307318530358548309e-02
4.306221720933472302e-02
4.304609758212289694e-02
4.302638480302648644e-02
4.300498902637209242e-02
4.298398520039333620e-02
4.296540995671090102e-02
4.295106225051018023e-02
4.294232726614456014e-02
4.294004082551207413e-02
4.294440757185542107e-02
4.295498093772838477e-02
4.297070685799981443e-02
4.299002694896645466e-02
4.301103105367977408e-02
4.303164422129113209e-02
4.304982981757000254e-02
4.306378888472713745e-02
4.307213623581102740e-02
4.307403604633158051e-02
4.306928367046016642e-02
4.305832567306333569e-02
4.304221611669785397e-02
4.302251338249968998e-02
4.300112762485471668e-02
4.298013379205661150e-02
4.296156851578609992e-02
4.294723075128890899e-02
4.293850568297974402e-02
4.293622913281696513e-02
4.294060574410490938e-02
4.295118894945808979e-02
4.296692468380697988e-02
4.298625456350975427e-02
4.300726843167990837e-02
4.302789133753014833e-02
4.304608664689221070e-02
4.306005540203858284e-02
4.306841241607945597e-02
4.307032186458698009e-02
4.306557910179446141e-02
4.305463069263044257e-02
4.303853069971372292e-02
4.301883750424223551e-02
4.299746126066368579e-02
4.297647691733391673e-02
4.295792110599540997e-02
4.294359278195571811e-02
4.293487712969115688e-02
4.293260997122253647e-02
4.293699594991497170e-02
4.294758849844496768e-02
4.296333355180476793e-02
4.298267272641373427e-02
4.300369586544686845e-02
4.302432801817770991e-02
4.304253255049948768e-02
4.305651050474553626e-02
4.306487669408751162e-02
4.306679529415784191e-02
4.306206165925084012e-02
4.305112235435563928e-02
4.303503144215183734e-02
4.301534730389707656e-02
4.299398009410022176e-02
4.297300476117664469e-02
4.295445793692902192e-02
4.294013857672498991e-02
4.293143186510035153e-02
4.292917362413546656e-02
4.293356849725536717e-02
4.294416991719585130e-02
4.295992381900831658e-02
4.297927181917132050e-02
4.300030376091875522e-02
4.302094469358329343e-02
4.303915798311636759e-02
4.305314467191052180e-02
4.306151957319517831e-02
4.306344686266183608e-02
4.305872189466237315e-02
4.304779123424443826e-02
4.303170894414498626e-02
4.301203340567973099e-02
4.299067477341497051e-02
4.296970799582370409e-02
4.295116970476595825e-02
4.293685885566649041e-02
4.292816063311834934e-02
