3.980509697854980183e-02
4.063111730622297885e-02
4.168241773025924135e-02
4.285608961891156782e-02
4.403724577028802351e-02
4.511026637204345463e-02
4.597011667413231084e-02
4.653262852181500736e-02
4.674273932105819929e-02
4.657988194876188509e-02
4.605999800604983901e-02
4.523397734317078506e-02
4.418267660635296495e-02
4.300900442584634775e-02
4.182784800214151000e-02
4.075482714626797037e-02
3.989497660707246041e-02
3.933246453813867005e-02
3.912235353244930547e-02
3.928521071210289151e-02
3.980509447506171833e-02
4.063111497021705543e-02
4.168241555052683983e-02
4.285608758498896803e-02
4.403724387242307498e-02
4.511026460114068992e-02
4.597011502169429109e-02
4.653262697991805003e-02
4.674273788230560306e-02
4.657988060625953969e-02
4.605999675335675086e-02
4.523397617427044742e-02
4.418267551565144974e-02
4.300900340811182609e-02
4.182784705248725199e-02
4.075482626014057669e-02
3.989497578021982543e-02
3.933246376659745719e-02
3.912235281252153529e-02
3.928521004033099645e-02
3.980509384822784186e-02
4.063111438531121639e-02
4.168241500475155376e-02
4.285608707572782783e-02
4.403724339723136955e-02
4.511026415773888160e-02
4.597011460795399906e-02
4.653262659385076078e-02
4.674273752205993643e-02
4.657988027011522592e-02
4.605999643969886648e-02
4.523397588160091298e-02
4.418267524255408557e-02
4.300900315327942786e-02
4.182784681470819166e-02
4.075482603826876410e-02
3.989497557318778809e-02
3.933246357341330102e-02
3.912235263226473969e-02
3.928520987213883486e-02
3.980509369128826247e-02
4.063111423887394436e-02
4.168241486811264523e-02
4.285608694822591602e-02
4.403724327825598445e-02
4.511026404672254658e-02
4.597011450435758290e-02
4.653262649718742372e-02
4.674273743186831143e-02
4.657988018595630303e-02
4.605999636116311219e-02
4.523397580831940712e-02
4.418267517417432538e-02
4.300900308947654127e-02
4.182784675517727674e-02
4.075482598271890772e-02
3.989497552135381347e-02
3.933246352505075094e-02
3.912235258713778890e-02
3.928520983003146172e-02
3.980509365199698391e-02
4.063111420220783671e-02
4.168241483388923641e-02
4.285608691629310546e-02
4.403724324846157445e-02
4.511026401892263837e-02
4.597011447842839355e-02
4.653262647300283189e-02
4.674273740929639487e-02
4.657988016489585104e-02
4.605999634151463490e-02
4.523397578998356039e-02
4.418267515707087478e-02
4.300900307352596708e-02
4.182784674028939415e-02
4.075482596882878950e-02
3.989497550839855855e-02
3.933246351296180304e-02
3.912235257584869424e-02
3.928520981949229496e-02
