4.284483926749023397e-02
4.285804210031429751e-02
4.288532677141222715e-02
4.292398094393030245e-02
4.297017960896824113e-02
4.301935950254455465e-02
4.306666578812652635e-02
4.310742728032117971e-02
4.313761369152147723e-02
4.315423014302344901e-02
4.315561032311385214e-02
4.314157959577270135e-02
4.311347209377659057e-02
4.307400012300708486e-02
4.302698866158385232e-02
4.297700094289502032e-02
4.292889177306843940e-02
4.288733230727802964e-02
4.285635280309476464e-02
4.283894810937263764e-02
4.283678450815579103e-02
4.285003660597717229e-02
4.287737024075340131e-02
4.291607307747583727e-02
4.296232010907526100e-02
4.301154807339083175e-02
4.305890213569918412e-02
4.309971111240495922e-02
4.312994471768877985e-02
4.314660807462308151e-02
4.314803487326033388e-02
4.313405047933507874e-02
4.310598902736727245e-02
4.306656282497219740e-02
4.301959685199209515e-02
4.296965434352775087e-02
4.292159010740780045e-02
4.288007530049806754e-02
4.284914018205072950e-02
4.283177960258908318e-02
4.282965984581840746e-02
4.284295551992230167e-02
4.287033246445712265e-02
4.290907834604434229e-02
4.295536815923539642e-02
4.300463864347903176e-02
4.305203496565243593e-02
4.309288594375067921e-02
4.312316129353597344e-02
4.313986613965155315e-02
4.314133417371125712e-02
4.312739076300158708e-02
4.309937004358559837e-02
4.305998432461199954e-02
4.301305858744593896e-02
4.296315606870285131e-02
4.291513157771685572e-02
4.287365627284944747e-02
4.284276041483896236e-02
4.282543885568780573e-02
4.282335788056950560e-02
4.283669209912687598e-02
4.286410735236767522e-02
4.290289130835476389e-02
4.294921896307260512e-02
4.299852705739445197e-02
4.304596075961295010e-02
4.308684888913115463e-02
4.311716116310791713e-02
4.313390270757748446e-02
4.313540721553412588e-02
4.312150005563785554e-02
4.309351536531537408e-02
4.305416545507170095e-02
4.300727530762064182e-02
4.295740816091669911e-02
4.290941882562531590e-02
4.286797846143077656e-02
4.283711733038773201e-02
4.281983028580450823e-02
4.281778361415364276e-02
4.283115192636979818e-02
4.285860106474335962e-02
4.289741869861313922e-02
4.294377982523144704e-02
4.299312118673054295e-02
4.304058795265551518e-02
4.308150894365357642e-02
4.311185387812146302e-02
4.312862788332198077e-02
4.313016465347103978e-02
4.311628955844389044e-02
4.308833673687356008e-02
4.304901850046432416e-02
4.300215983312200702e-02
4.295232397398627416e-02
4.290436573490018224e-02
4.286295627671807273e-02
4.283212586265881805e-02
4.281486934718633369e-02
