4.326832731412622729e-02
4.333558680343953945e-02
4.340921114623996074e-02
4.348199347888389438e-02
4.354680935953140347e-02
4.359731415820876366e-02
4.362856411332315804e-02
4.363750026152922457e-02
4.362324787039784102e-02
4.358720206326387181e-02
4.353289125486004690e-02
4.346563176555188340e-02
4.339200742275426542e-02
4.331922509010945055e-02
4.325440920945415602e-02
4.320390441078646865e-02
4.317265445568034543e-02
4.316371830746984495e-02
4.317797069861414871e-02
4.321401650574936693e-02
4.326832731414449740e-02
4.333558680346382558e-02
4.340921114625847371e-02
4.348199347888531685e-02
4.354680935954565596e-02
4.359731415821685441e-02
4.362856411332577400e-02
4.363750026154723793e-02
4.362324787040919305e-02
4.358720206326125585e-02
4.353289125486409922e-02
4.346563176554780333e-02
4.339200742274735428e-02
4.331922509011653516e-02
4.325440920946604928e-02
4.320390441079040994e-02
4.317265445567450288e-02
4.316371830746072724e-02
4.317797069859959092e-02
4.321401650572959108e-02
4.326832731412396521e-02
4.333558680344017783e-02
4.340921114623832316e-02
4.348199347888286742e-02
4.354680935953526150e-02
4.359731415821467559e-02
4.362856411333294188e-02
4.363750026153879330e-02
4.362324787040190027e-02
4.358720206326443386e-02
4.353289125487341121e-02
4.346563176555885699e-02
4.339200742276978079e-02
4.331922509012677697e-02
4.325440920946954648e-02
4.320390441080079053e-02
4.317265445568106014e-02
4.316371830746938698e-02
4.317797069859866110e-02
4.321401650573379605e-02
4.326832731412356969e-02
4.333558680343507080e-02
4.340921114623316757e-02
4.348199347887993921e-02
4.354680935952298659e-02
4.359731415820109618e-02
4.362856411331485218e-02
4.363750026152624778e-02
4.362324787039582180e-02
4.358720206326911067e-02
4.353289125487679045e-02
4.346563176555986313e-02
4.339200742276135003e-02
4.331922509012234301e-02
4.325440920946829748e-02
4.320390441079070831e-02
4.317265445567566862e-02
4.316371830745981825e-02
4.317797069859918846e-02
4.321401650574243497e-02
4.326832731414037569e-02
4.333558680346361047e-02
4.340921114625982680e-02
4.348199347889888239e-02
4.354680935956199705e-02
4.359731415822533374e-02
4.362856411333723011e-02
4.363750026154803591e-02
4.362324787041009511e-02
4.358720206326856944e-02
4.353289125486797806e-02
4.346563176554740088e-02
4.339200742275646505e-02
4.331922509011536943e-02
4.325440920946305168e-02
4.320390441079557942e-02
4.317265445568993498e-02
4.316371830748016308e-02
4.317797069861786102e-02
4.321401650575554254e-02
