4.293537083094294687e-02
4.293564748808911119e-02
4.293602495997882879e-02
4.293646663751755216e-02
4.293692962421330472e-02
4.293736893520483378e-02
4.293774190071292240e-02
4.293801234287551033e-02
4.293815411710812796e-02
4.293815367133751310e-02
4.293801137259129624e-02
4.293774147108979367e-02
4.293737070535341704e-02
4.293693568486798423e-02
4.293647930651117023e-02
4.293604655552478444e-02
4.293568010206336855e-02
4.293541612435908261e-02
4.293528076736161797e-02
4.293528758350456664e-02
4.293543620611580541e-02
4.293571238532578604e-02
4.293608938296042399e-02
4.293653058987554477e-02
4.293699310953089793e-02
4.293743195701758830e-02
4.293780446251001248e-02
4.293807444810050777e-02
4.293821576916010546e-02
4.293821487357173811e-02
4.293807212832038284e-02
4.293780178358436173e-02
4.293743057784300127e-02
4.293699512054189454e-02
4.293653830851930364e-02
4.293610512697840914e-02
4.293573824603572758e-02
4.293547384388644861e-02
4.293533806544368864e-02
4.293534446310559582e-02
4.293549267016476267e-02
4.293576843671755017e-02
4.293614502455612297e-02
4.293658582450330524e-02
4.293704793998648350e-02
4.293748638606502410e-02
4.293785849288213330e-02
4.293812808249959645e-02
4.293826901025850351e-02
4.293826772401226899e-02
4.293812459071699728e-02
4.293785386052268588e-02
4.293748227188081551e-02
4.293704643420973716e-02
4.293658924432079693e-02
4.293615568739080762e-02
4.293578843351057023e-02
4.293552366084976701e-02
4.293538751429658989e-02
4.293539354622460252e-02
4.293554138990251373e-02
4.293581679540290491e-02
4.293619302449465380e-02
4.293663346797785968e-02
4.293709522925741318e-02
4.293753332337065659e-02
4.293790508043907744e-02
4.293817432250322114e-02
4.293831490488305563e-02
4.293831327541160203e-02
4.293816980102456438e-02
4.293789873185212269e-02
4.293752680632606511e-02
4.293709063384545943e-02
4.293663311120271553e-02
4.293619922355602914e-02
4.293583164097776461e-02
4.293556654161958391e-02
4.293543007035195008e-02
4.293543577953082280e-02
4.293558330240775101e-02
4.293585838903829499e-02
4.293623430117474160e-02
4.293667442960064778e-02
4.293713587770475043e-02
4.293757366050841850e-02
4.293794510811747844e-02
4.293821404255695334e-02
4.293835431913164968e-02
4.293835238565944790e-02
4.293820860906136239e-02
4.293793723945290436e-02
4.293756501525157476e-02
4.293712854584216115e-02
4.293667072800322337e-02
4.293623654687912100e-02
4.293586867252870143e-02
4.293560328309016516e-02
4.293546652342074971e-02
4.293547194586355004e-02
