4.293847106644672895e-02
4.294071394468187280e-02
4.294615232390558424e-02
4.295424351709316302e-02
4.296418518805295711e-02
4.297499388961596029e-02
4.298560133022737845e-02
4.299495894570072585e-02
4.300214053991754937e-02
4.300643294728938998e-02
4.300740584230668823e-02
4.300495386273075343e-02
4.299930692311657726e-02
4.299100770910659758e-02
4.298085855551252860e-02
4.296984290812638774e-02
4.295902905712759706e-02
4.294946556533075360e-02
4.294207862748478793e-02
4.293758140781152310e-02
4.293640423045598509e-02
4.293865245629629318e-02
4.294409616941872315e-02
4.295219268282591402e-02
4.296213966035343501e-02
4.297295365485943874e-02
4.298356637481772630e-02
4.299292925607031690e-02
4.300011610252742200e-02
4.300441374862999655e-02
4.300539186889799220e-02
4.300294510112286778e-02
4.299730335988880686e-02
4.298900933086917397e-02
4.297886534890591609e-02
4.296785485982151931e-02
4.295704615382642949e-02
4.294748779376635767e-02
4.294010597442137617e-02
4.293561386004442898e-02
4.293444177481225282e-02
4.293669507963392140e-02
4.294214385862767103e-02
4.295024542482713675e-02
4.296019744209989000e-02
4.297101646333603697e-02
4.298163419704121441e-02
4.299100207908899268e-02
4.299819391342175889e-02
4.300249653451216486e-02
4.300347961691201870e-02
4.300103779844441365e-02
4.299540099372624324e-02
4.298711188846231213e-02
4.297697281752638904e-02
4.296596722677295532e-02
4.295516340644476433e-02
4.294560991941902967e-02
4.293823296050754135e-02
4.293374569399514146e-02
4.293257844409058971e-02
4.293483657173441381e-02
4.294029016107665797e-02
4.294839652518262635e-02
4.295835332795160111e-02
4.296917712230537839e-02
4.297979961678081995e-02
4.298917224728308895e-02
4.299636881778619996e-02
4.300067616279389798e-02
4.300166395688963250e-02
4.299922683792774258e-02
4.299359472055601372e-02
4.298531029051067681e-02
4.297517588269641337e-02
4.296417494299906853e-02
4.295337576169198923e-02
4.294382690168326022e-02
4.293645455781575776e-02
4.293197189440512568e-02
4.293080923569071727e-02
4.293307194264365384e-02
4.293853009944489929e-02
4.294664101918976157e-02
4.295660236580847724e-02
4.296743069225281847e-02
4.297805770709011569e-02
4.298743484625556360e-02
4.299463591375332627e-02
4.299894774411782555e-02
4.299994001196202204e-02
4.299750735517022387e-02
4.299187968842047708e-02
4.298359969747815590e-02
4.297346971727834114e-02
4.296247319373631968e-02
4.295167841715501200e-02
4.294213395047193071e-02
4.293476598855968523e-02
4.293028769576250070e-02
