4.209393511920192510e-02
4.233051998208024747e-02
4.262603525955768746e-02
4.295155385634216033e-02
4.327521174327345066e-02
4.356532703051163580e-02
4.379350121162881027e-02
4.393739900730493642e-02
4.398293469805868161e-02
4.392565093261303899e-02
4.377115504450383721e-02
4.353457016718706440e-02
4.323905487637343115e-02
4.291353626726275572e-02
4.258987836894199963e-02
4.229976307117605527e-02
4.207158888033023236e-02
4.192769107566771819e-02
4.188215537660425203e-02
4.193943913436622845e-02
4.209393501536889265e-02
4.233051988612558658e-02
4.262603517087722865e-02
4.295155377438646116e-02
4.327521166752533455e-02
4.356532696050161024e-02
4.379350114693403295e-02
4.393739894751195335e-02
4.398293464279228598e-02
4.392565088153868591e-02
4.377115499730330206e-02
4.353457012357021122e-02
4.323905483606098332e-02
4.291353623001209483e-02
4.258987833451665511e-02
4.229976303935945037e-02
4.207158885092338041e-02
4.192769104847928613e-02
4.188215535147649798e-02
4.193943911114553919e-02
4.209393499391154286e-02
4.233051986629358249e-02
4.262603515254923675e-02
4.295155375744571374e-02
4.327521165187878799e-02
4.356532694605034367e-02
4.379350113357217272e-02
4.393739893515749562e-02
4.398293463138183007e-02
4.392565087099357252e-02
4.377115498755820844e-02
4.353457011455937054e-02
4.323905482772814890e-02
4.291353622230814624e-02
4.258987832739663526e-02
4.229976303278276673e-02
4.207158884483777617e-02
4.192769104286334092e-02
4.188215534628990377e-02
4.193943910635154759e-02
4.209393498948547224e-02
4.233051986220502660e-02
4.262603514877291722e-02
4.295155375395633135e-02
4.327521164866129921e-02
4.356532694306854830e-02
4.379350113082091517e-02
4.393739893262965657e-02
4.398293462904352691e-02
4.392565086883197523e-02
4.377115498555642081e-02
4.353457011271386068e-02
4.323905482602823092e-02
4.291353622073412061e-02
4.258987832593755934e-02
4.229976303143779398e-02
4.207158884359865625e-02
4.192769104171337191e-02
4.188215534523118122e-02
4.193943910536857694e-02
4.209393498857016969e-02
4.233051986135289574e-02
4.262603514798092574e-02
4.295155375321928898e-02
4.327521164796664654e-02
4.356532694242411935e-02
4.379350113022509317e-02
4.393739893207660591e-02
4.398293462853260227e-02
4.392565086836811017e-02
4.377115498513160785e-02
4.353457011231957885e-02
4.323905482566287733e-02
4.291353622039769528e-02
4.258987832562455972e-02
4.229976303113825581e-02
4.207158884332663773e-02
4.192769104146232273e-02
4.188215534499523107e-02
4.193943910515749579e-02
