4.165676463730132173e-02
4.187171862679833073e-02
4.219126777096245812e-02
4.258411296908142657e-02
4.301178089130554966e-02
4.343239000338432187e-02
4.380475021052809836e-02
4.409239481868004046e-02
4.426715013671959215e-02
4.431189330207990773e-02
4.422222837455849764e-02
4.400691663057981068e-02
4.368701893770969569e-02
4.329383415977981070e-02
4.286583539584683245e-02
4.244490395531569371e-02
4.207222971390799093e-02
4.178427915225694372e-02
4.160922575354632225e-02
4.156419217775848135e-02
4.165357416772463850e-02
4.186861025472997377e-02
4.218823938385897476e-02
4.258116250876003289e-02
4.300890635254643601e-02
4.342958943256560594e-02
4.380202170430088499e-02
4.408973652266991172e-02
4.426456024426859287e-02
4.430937005302180293e-02
4.421977005401626915e-02
4.400452156780465529e-02
4.368468550494821606e-02
4.329156077116078083e-02
4.286362050630986020e-02
4.244274605955303953e-02
4.207012734535221787e-02
4.178223088207495828e-02
4.160723018967257131e-02
4.156224796394786258e-02
4.165167998263531735e-02
4.186676481101492264e-02
4.218644142730072766e-02
4.257941081741444672e-02
4.300719973591116824e-02
4.342792673077417592e-02
4.380040178733094619e-02
4.408815828957562272e-02
4.426302262243863445e-02
4.430787199744387617e-02
4.421831054656710780e-02
4.400309961655898133e-02
4.368330014350747109e-02
4.329021105798992741e-02
4.286230552410458250e-02
4.244146491461164156e-02
4.206887916697055196e-02
4.178101482195394761e-02
4.160604542134168499e-02
4.156109368220336359e-02
4.165055540299097275e-02
4.186566916917579956e-02
4.218537397863442867e-02
4.257837083645268916e-02
4.300618651585115526e-02
4.342693958300268553e-02
4.379944004095268073e-02
4.408722129095971748e-02
4.426210973477336802e-02
4.430698260030143526e-02
4.421744403548837077e-02
4.400225540263805885e-02
4.368247765298939600e-02
4.328940973188565022e-02
4.286152481781028978e-02
4.244070429753761531e-02
4.206813812217677362e-02
4.178029284580545011e-02
4.160534202316101132e-02
4.156040838394149672e-02
4.164988773889730794e-02
4.186501868548784394e-02
4.218474023326346939e-02
4.257775339868497683e-02
4.300558496605842718e-02
4.342635351235394486e-02
4.379886905113637707e-02
4.408666499391562799e-02
4.426156775242311853e-02
4.430645456429953971e-02
4.421692958696401415e-02
4.400175419195813398e-02
4.368198933951568386e-02
4.328893398374972917e-02
4.286106131167646133e-02
4.244025271839144825e-02
4.206769816311342614e-02
4.177986420781591020e-02
4.160492441493132687e-02
4.156000152165219286e-02
