4.295402709122222995e-02
4.295526724279180586e-02
4.295730500016966408e-02
4.295994107782369342e-02
4.296291760337484639e-02
4.296594336018015603e-02
4.296872229388209313e-02
4.297098249250425744e-02
4.297250280331974676e-02
4.297313448104754519e-02
4.297281574830116163e-02
4.297157784301072758e-02
4.296954196085553401e-02
4.296690739200235282e-02
4.296393201340861084e-02
4.296090704623982404e-02
4.295812854932110070e-02
4.295586843904193597e-02
4.295434787248885583e-02
4.295371559924936883e-02
4.295403340096427131e-02
4.295527004390577164e-02
4.295730433654618846e-02
4.295993699281990680e-02
4.296291013982077994e-02
4.296593256038554187e-02
4.296870819964268562e-02
4.297096514510849452e-02
4.297248224355477292e-02
4.297311074920579649e-02
4.297278888418613191e-02
4.297154788594330366e-02
4.296950894967991458e-02
4.296687136509187710e-02
4.296389300867157340e-02
4.296086510112531731e-02
4.295808370082455224e-02
4.295582072371075671e-02
4.295429732642799120e-02
4.295366225812664168e-02
4.295397730001573877e-02
4.295521121794118602e-02
4.295724281995406263e-02
4.295987281957269754e-02
4.296284334348005746e-02
4.296586317410688166e-02
4.296863625618081717e-02
4.297089067682194341e-02
4.297240528241102336e-02
4.297303132678560733e-02
4.297270703168874079e-02
4.297146363419075688e-02
4.296942232912170229e-02
4.296678240580956154e-02
4.296380174038320204e-02
4.296077155318987761e-02
4.295798790224625296e-02
4.295572270314348268e-02
4.295419711217936254e-02
4.295355987816241311e-02
4.295387278196377556e-02
4.295510458909569673e-02
4.295713410727956122e-02
4.295976204970804874e-02
4.296273054274227926e-02
4.296574836849532258e-02
4.296851947138068117e-02
4.297077193820842550e-02
4.297228461505271657e-02
4.297290875544854116e-02
4.297258258083967025e-02
4.297133732800115929e-02
4.296929419147117041e-02
4.296665246028929380e-02
4.296367001029956917e-02
4.296063806156782267e-02
4.295785267183267753e-02
4.295558575641059140e-02
4.295405847132810484e-02
4.295341956512550852e-02
4.295373081840933582e-02
4.295496099643004995e-02
4.295698890665064495e-02
4.295961526200831049e-02
4.296258218861206263e-02
4.296559846832556651e-02
4.296836804531625753e-02
4.297061900615079671e-02
4.297213019666314832e-02
4.297275287015078771e-02
4.297242524782306228e-02
4.297117856622313659e-02
4.296913401966031415e-02
4.296649089694797724e-02
4.296350707370670541e-02
4.296047376978158472e-02
4.295768704269316285e-02
4.295541880754249336e-02
4.295389022014309971e-02
4.295325002882515592e-02
