4.278866174796216310e-02
4.281032129723676832e-02
4.285508242433119092e-02
4.291849547859256930e-02
4.299428544541986780e-02
4.307496618586214437e-02
4.315257322952980451e-02
4.321944338992727425e-02
4.326896488804005819e-02
4.329622455684375981e-02
4.329848877385460149e-02
4.327547104468724287e-02
4.322936004468028170e-02
4.316460537367905470e-02
4.308748199578842780e-02
4.300547599976950464e-02
4.292655180613257765e-02
4.285837255179612837e-02
4.280754996650264210e-02
4.277899716830499410e-02
4.277544773101477071e-02
4.279718810064292445e-02
4.284202955377281602e-02
4.290552244277481136e-02
4.298139175605178441e-02
4.306215135764170782e-02
4.313983678012134337e-02
4.320678483994604135e-02
4.325638376103289190e-02
4.328372037927157717e-02
4.328606107507449591e-02
4.326311935693535199e-02
4.321708390305308012e-02
4.315240431611683941e-02
4.307535556305779056e-02
4.299342373544626922e-02
4.291457325658302319e-02
4.284646726616209850e-02
4.279571749668250463e-02
4.276723706893772320e-02
4.276375955946428581e-02
4.278557141698074301e-02
4.283048392076024141e-02
4.289404742584774360e-02
4.296998692330450398e-02
4.305081627980849451e-02
4.312857103056333408e-02
4.319558799463327214e-02
4.324525539852947659e-02
4.327266008071915110e-02
4.327506842417597893e-02
4.325219393994010619e-02
4.320622530874169975e-02
4.314161213578415061e-02
4.306462939049830740e-02
4.298276316693919186e-02
4.290397789087754127e-02
4.283593670446072393e-02
4.278525134262717300e-02
4.275683492859472939e-02
4.275342104130895604e-02
4.277529613188301577e-02
4.282027148197042887e-02
4.288389744898166850e-02
4.295989902632872670e-02
4.304079008302662962e-02
4.311860615660075696e-02
4.318568406842389351e-02
4.323541204730026871e-02
4.326287693397847661e-02
4.326534511369807545e-02
4.324253009975020934e-02
4.319662057510427478e-02
4.313206614718809173e-02
4.305514178764405231e-02
4.297333359272405284e-02
4.289460599038293076e-02
4.282662212493931753e-02
4.277599373348936473e-02
4.274763394139491357e-02
4.274427632973276658e-02
4.276620735173384397e-02
4.281123829115777296e-02
4.287491950750649955e-02
4.295097599627171331e-02
4.303192162853520381e-02
4.310979194387689478e-02
4.317692376571067442e-02
4.322670532487029454e-02
4.325422346412018115e-02
4.325674457070519813e-02
4.323398215990856275e-02
4.318812491667866488e-02
4.312362245041238829e-02
4.304674973470696414e-02
4.296499286775900400e-02
4.288631627945454355e-02
4.281838311603246294e-02
4.276780511649747735e-02
4.273949540810750847e-02
