3.894711628205739518e-02
4.121151908901796168e-02
4.369020529659984470e-02
4.614054382877744859e-02
4.832267847751126749e-02
5.002300669956833562e-02
5.107508852166785934e-02
5.137593884480045475e-02
5.089610834317844640e-02
4.968256616947770016e-02
4.785410228691040074e-02
4.558969947996002747e-02
4.311101327238549968e-02
4.066067474020658434e-02
3.847854009146513959e-02
3.677821186941731407e-02
3.572613004730826325e-02
3.542527972417734011e-02
3.590511022579192385e-02
3.711865239949049128e-02
3.894711628206080911e-02
4.121151908901744820e-02
4.369020529659446705e-02
4.614054382877209870e-02
4.832267847751452183e-02
5.002300669956852991e-02
5.107508852167963465e-02
5.137593884481333334e-02
5.089610834319208132e-02
4.968256616949128651e-02
4.785410228692516671e-02
4.558969947996820149e-02
4.311101327239113407e-02
4.066067474021764494e-02
3.847854009147284177e-02
3.677821186942627218e-02
3.572613004731349517e-02
3.542527972418101079e-02
3.590511022580888251e-02
3.711865239950302292e-02
3.894711628206872639e-02
4.121151908902685040e-02
4.369020529660155860e-02
4.614054382877551264e-02
4.832267847751582635e-02
5.002300669956851603e-02
5.107508852168733682e-02
5.137593884481876649e-02
5.089610834319307359e-02
4.968256616949529719e-02
4.785410228693195295e-02
4.558969947997720124e-02
4.311101327239712233e-02
4.066067474021223954e-02
3.847854009146836618e-02
3.677821186941881981e-02
3.572613004731306496e-02
3.542527972418373777e-02
3.590511022580880618e-02
3.711865239950382783e-02
3.894711628207339627e-02
4.121151908903398359e-02
4.369020529661530455e-02
4.614054382879299171e-02
4.832267847753134865e-02
5.002300669958033991e-02
5.107508852168554658e-02
5.137593884481511664e-02
5.089610834319620303e-02
4.968256616949998788e-02
4.785410228693125212e-02
4.558969947997436323e-02
4.311101327240263875e-02
4.066067474022837941e-02
3.847854009148958532e-02
3.677821186943087961e-02
3.572613004732583947e-02
3.542527972419078769e-02
3.590511022581308054e-02
3.711865239951486067e-02
3.894711628208161192e-02
4.121151908903290806e-02
4.369020529660563174e-02
4.614054382878666344e-02
4.832267847752111378e-02
5.002300669956600415e-02
5.107508852167173818e-02
5.137593884479953882e-02
5.089610834317812721e-02
4.968256616947890059e-02
4.785410228690901990e-02
4.558969947995878541e-02
4.311101327237944203e-02
4.066067474019640499e-02
3.847854009145667414e-02
3.677821186941288012e-02
3.572613004730998409e-02
3.542527972418076793e-02
3.590511022580369915e-02
3.711865239949833223e-02
