4.339733048104255780e-02
4.340283124363174955e-02
4.341036151668025561e-02
4.341918175031946742e-02
4.342842612698985527e-02
4.343718731369301811e-02
4.344460527806402045e-02
4.344995147432897248e-02
4.345270015843868266e-02
4.345257985155573377e-02
4.344959991429205026e-02
4.344404963042401702e-02
4.343646988977793028e-02
4.342760024216225229e-02
4.341830650507687295e-02
4.340949601146066456e-02
4.340202879361890198e-02
4.339663339726597402e-02
4.339383556639217487e-02
4.339390677977565669e-02
4.339683767674565318e-02
4.340233897346686132e-02
4.340986978005440672e-02
4.341869054664124206e-02
4.342793545566884378e-02
4.343669717414028186e-02
4.344411566969192534e-02
4.344946239655128606e-02
4.345221161067026189e-02
4.345209183321257357e-02
4.344911242479147090e-02
4.344356266918437959e-02
4.343598345621869916e-02
4.342711433570398821e-02
4.341782112514111502e-02
4.340901115747015232e-02
4.340154446499724233e-02
4.339614959343772449e-02
4.339335228678291301e-02
4.339342402381193148e-02
4.339635544385486016e-02
4.340185726307731195e-02
4.340938859159535618e-02
4.341820987954276428e-02
4.342745530936185927e-02
4.343621754805664092e-02
4.344363656326432482e-02
4.344898380921322772e-02
4.345173354185595527e-02
4.345161428235710249e-02
4.344863539133070329e-02
4.344308615255490502e-02
4.343550745585783579e-02
4.342663885105003951e-02
4.341734615563298816e-02
4.340853670254732344e-02
4.340107052410008964e-02
4.339567616600753519e-02
4.339287937226139064e-02
4.339295162164146652e-02
4.339588355347864801e-02
4.340138588393949171e-02
4.340891772314044855e-02
4.341773952121592839e-02
4.342698546060934361e-02
4.343574820832491606e-02
4.344316773200076337e-02
4.344851548586582679e-02
4.345126572587335728e-02
4.345114697318872010e-02
4.344816858842637242e-02
4.344261985536524567e-02
4.343504166383424514e-02
4.342617356364419923e-02
4.341688137229747502e-02
4.340807242273540811e-02
4.340060674726553547e-02
4.339521289160459122e-02
4.339241659974526349e-02
4.339248935046792488e-02
4.339542178310406423e-02
4.340092461382064754e-02
4.340845695273488208e-02
4.341727924998191324e-02
4.342652568800555585e-02
4.343528893381080197e-02
4.344270895503619945e-02
4.344805720591136261e-02
4.345080794239034039e-02
4.345068968563888662e-02
4.344771179627220786e-02
4.344216355806972824e-02
4.343458586086092893e-02
4.342571825445743633e-02
4.341642655636213793e-02
4.340761809951681344e-02
4.340015291622964511e-02
4.339475955221806097e-02
4.339196375147528345e-02
4.339203699278219861e-02
