2.506702133593377013e+00
2.571049948791813922e+00
2.597058771824360512e+00
2.593141889270349942e+00
2.562958497614379993e+00
2.506969279646847681e+00
2.424480159295244519e+00
2.315197418757234171e+00
2.180425568460480523e+00
2.024362827821380328e+00
1.855852548514049793e+00
1.690536384834659733e+00
1.552394778205199444e+00
1.472096989988500138e+00
1.478785455505361224e+00
1.585251632139513367e+00
1.774929892377150820e+00
2.003995515127462212e+00
2.221489357237200757e+00
2.392475268334754102e+00
2.506702133592923154e+00
2.571049948791590101e+00
2.597058771824264145e+00
2.593141889270303313e+00
2.562958497614340025e+00
2.506969279646805493e+00
2.424480159295220982e+00
2.315197418757203529e+00
2.180425568460456542e+00
2.024362827821339916e+00
1.855852548514166589e+00
1.690536384834693928e+00
1.552394778205205217e+00
1.472096989988506577e+00
1.478785455505366553e+00
1.585251632139533351e+00
1.774929892377190344e+00
2.003995515127528826e+00
2.221489357237263373e+00
2.392475268334805172e+00
2.506702133592963566e+00
2.571049948791621631e+00
2.597058771824282797e+00
2.593141889270310418e+00
2.562958497614336029e+00
2.506969279646796167e+00
2.424480159295185899e+00
2.315197418757424686e+00
2.180425568460706121e+00
2.024362827821592159e+00
1.855852548514258737e+00
1.690536384834730343e+00
1.552394778205214321e+00
1.472096989988513016e+00
1.478785455505388757e+00
1.585251632139566658e+00
1.774929892377248297e+00
2.003995515127598992e+00
2.221489357237332207e+00
2.392475268334901539e+00
2.506702133593029291e+00
2.571049948791668260e+00
2.597058771824311219e+00
2.593141889270337508e+00
2.562958497614353348e+00
2.506969279646785509e+00
2.424480159295155257e+00
2.315197418757361625e+00
2.180425568460640839e+00
2.024362827821522881e+00
1.855852548514182798e+00
1.690536384834697037e+00
1.552394778205172132e+00
1.472096989988495697e+00
1.478785455505389201e+00
1.585251632139586642e+00
1.774929892377267393e+00
2.003995515127632299e+00
2.221489357237380613e+00
2.392475268334944172e+00
2.506702133593057269e+00
2.571049948791718442e+00
2.597058771824328538e+00
2.593141889270348166e+00
2.562958497614362230e+00
2.506969279646776183e+00
2.424480159295145487e+00
2.315197418757350967e+00
2.180425568460617303e+00
2.024362827821498900e+00
1.855852548514157485e+00
1.690536384834641526e+00
1.552394778205142378e+00
1.472096989988457949e+00
1.478785455505368773e+00
1.585251632139596856e+00
1.774929892377308471e+00
2.003995515127687366e+00
2.221489357237421913e+00
2.392475268334966376e+00
