2.217107377817824077e+00
2.431690675602683704e+00
2.592715527858514335e+00
2.685080528673804867e+00
2.701333521195514287e+00
2.641776438340770028e+00
2.513719538552268595e+00
2.330225581538851731e+00
2.108652608443156939e+00
1.869187747282622158e+00
1.633424855003475118e+00
1.422929862750974994e+00
1.257696107527473961e+00
1.154433968249237941e+00
1.124757685686301745e+00
1.173492357367436956e+00
1.297463069012050552e+00
1.485170600297186949e+00
1.717649331071928298e+00
1.970546692411269563e+00
2.217138135770808649e+00
2.431723224729031685e+00
2.592748980374155465e+00
2.685113898252990960e+00
2.701365842811906504e+00
2.641806866787979491e+00
2.513747417021485298e+00
2.330250479397589114e+00
2.108674332755561931e+00
1.869206334829081051e+00
1.633440551000190144e+00
1.422943090253980358e+00
1.257707428954994322e+00
1.154444038758614788e+00
1.124767198104105859e+00
1.173501980208264905e+00
1.297473382290740496e+00
1.485182037063340621e+00
1.717662134251551009e+00
1.970560895375689681e+00
2.217153570915013638e+00
2.431739558426387671e+00
2.592765767048355485e+00
2.685130642921143895e+00
2.701382061231695886e+00
2.641822134892884311e+00
2.513761405319151709e+00
2.330262971906698066e+00
2.108685232765474371e+00
1.869215660878260854e+00
1.633448426188103930e+00
1.422949726886152622e+00
1.257713109239640747e+00
1.154449091419760709e+00
1.124771970756886619e+00
1.173506808264641155e+00
1.297478556755195189e+00
1.485187775197647442e+00
1.717668557919431516e+00
1.970568021294323513e+00
2.217161314962774910e+00
2.431747753187010641e+00
2.592774188947668534e+00
2.685139043612147169e+00
2.701390197774037993e+00
2.641829794553541166e+00
2.513768422825210624e+00
2.330269238938852627e+00
2.108690700840313514e+00
1.869220339324813462e+00
1.633452376782238868e+00
1.422953056146526452e+00
1.257715958744783036e+00
1.154451626077948267e+00
1.124774364950100969e+00
1.173509230251386093e+00
1.297481152515464364e+00
1.485190653716399911e+00
1.717671780322810315e+00
1.970571595959415889e+00
2.217165199679973053e+00
2.431751863963229177e+00
2.592778413621816380e+00
2.685143257601438904e+00
2.701394279214021754e+00
2.641833636738536661e+00
2.513771942861120934e+00
2.330272382502919015e+00
2.108693443624370722e+00
1.869222686018321866e+00
1.633454358379564431e+00
1.422954726082177102e+00
1.257717388036794226e+00
1.154452897444664616e+00
1.124775565860817839e+00
1.173510445103286726e+00
1.297482454530425544e+00
1.485192097559152824e+00
1.717673396651507423e+00
1.970573388972857165e+00
