2.138567428959848193e+00
2.254177524742924987e+00
2.333792320596229430e+00
2.370680560334546438e+00
2.362960368570336644e+00
2.313107216418531120e+00
2.227077924081916738e+00
2.113358580397175057e+00
1.982136413904542760e+00
1.844654420633379921e+00
1.712684910592287890e+00
1.597984141739392294e+00
1.511579048628126198e+00
1.462794655827597046e+00
1.458053084037606695e+00
1.499636450791516307e+00
1.584748922371838953e+00
1.705258352032842151e+00
1.848384034933387321e+00
1.998332553934797806e+00
2.138567429307089540e+00
2.254177525075312438e+00
2.333792320908038675e+00
2.370680560620993305e+00
2.362960368828169067e+00
2.313107216646244080e+00
2.227077924279685206e+00
2.113358580566572886e+00
1.982136414048108808e+00
1.844654420754335833e+00
1.712684910694158624e+00
1.597984141825827153e+00
1.511579048702648809e+00
1.462794655893448370e+00
1.458053084097633123e+00
1.499636450848031544e+00
1.584748922426499229e+00
1.705258352086660656e+00
1.848384034986685132e+00
1.998332553987355542e+00
2.138567429358283700e+00
2.254177525124302139e+00
2.333792320954007682e+00
2.370680560663221303e+00
2.362960368866175997e+00
2.313107216679819444e+00
2.227077924308840551e+00
2.113358580591536917e+00
1.982136414069270325e+00
1.844654420772150472e+00
1.712684910709170838e+00
1.597984141838554750e+00
1.511579048713624918e+00
1.462794655903153496e+00
1.458053084106478936e+00
1.499636450856356662e+00
1.584748922434560559e+00
1.705258352094587648e+00
1.848384034994548175e+00
1.998332553995086691e+00
2.138567429365819894e+00
2.254177525131508819e+00
2.333792320960759170e+00
2.370680560669419457e+00
2.362960368871742212e+00
2.313107216684724410e+00
2.227077924313106028e+00
2.113358580595177560e+00
1.982136414072349639e+00
1.844654420774754167e+00
1.712684910711354203e+00
1.597984141840424144e+00
1.511579048715230300e+00
1.462794655904579244e+00
1.458053084107788333e+00
1.499636450857600556e+00
1.584748922435764484e+00
1.705258352095778696e+00
1.848384034995720571e+00
1.998332553996265082e+00
2.138567429366954098e+00
2.254177525132602611e+00
2.333792320961785904e+00
2.370680560670360926e+00
2.362960368872581984e+00
2.313107216685465151e+00
2.227077924313736190e+00
2.113358580595720237e+00
1.982136414072799280e+00
1.844654420775136749e+00
1.712684910711675279e+00
1.597984141840688155e+00
1.511579048715471219e+00
1.462794655904788410e+00
1.458053084107977959e+00
1.499636450857781522e+00
1.584748922435945895e+00
1.705258352095959218e+00
1.848384034995902203e+00
1.998332553996428285e+00
