1.925524341870857192e+00
1.930190209774938381e+00
1.933606553861359822e+00
1.935440101571369587e+00
1.935513530667933635e+00
1.933822001508778365e+00
1.930532734697220310e+00
1.925968017058893533e+00
1.920573536750351140e+00
1.914875190716311515e+00
1.909428426708282167e+00
1.904764766592085490e+00
1.901340405394448485e+00
1.899491677949972424e+00
1.899401704643700839e+00
1.901081644449626129e+00
1.904368703515131100e+00
1.908941438312200978e+00
1.914351098410441709e+00
1.920065988703437254e+00
1.925524342097880925e+00
1.930190209984992133e+00
1.933606554055578464e+00
1.935440101750774078e+00
1.935513530833507856e+00
1.933822001661439804e+00
1.930532734837858699e+00
1.925968017188375070e+00
1.920573536869506492e+00
1.914875190825966911e+00
1.909428426809202772e+00
1.904764766685012489e+00
1.901340405480081097e+00
1.899491678028946140e+00
1.899401704716605632e+00
1.901081644516991576e+00
1.904368703577431932e+00
1.908941438369856636e+00
1.914351098463808576e+00
1.920065988752851505e+00
1.925524342143626777e+00
1.930190210027318276e+00
1.933606554094713159e+00
1.935440101786922940e+00
1.935513530866873166e+00
1.933822001692205417e+00
1.930532734866201361e+00
1.925968017214473749e+00
1.920573536893530608e+00
1.914875190848065012e+00
1.909428426829547165e+00
1.904764766703749723e+00
1.901340405497346397e+00
1.899491678044872511e+00
1.899401704731307872e+00
1.901081644530580705e+00
1.904368703590001211e+00
1.908941438381486000e+00
1.914351098474582402e+00
1.920065988762828857e+00
1.925524342152860946e+00
1.930190210035868104e+00
1.933606554102621944e+00
1.935440101794235979e+00
1.935513530873612220e+00
1.933822001698419557e+00
1.930532734871923006e+00
1.925968017219735762e+00
1.920573536898368738e+00
1.914875190852520559e+00
1.909428426833646775e+00
1.904764766707525592e+00
1.901340405500821173e+00
1.899491678048078613e+00
1.899401704734275276e+00
1.901081644533326287e+00
1.904368703592539624e+00
1.908941438383837008e+00
1.914351098476759772e+00
1.920065988764850795e+00
1.925524342154736335e+00
1.930190210037602272e+00
1.933606554104218889e+00
1.935440101795709689e+00
1.935513530874975574e+00
1.933822001699676552e+00
1.930532734873088296e+00
1.925968017220819339e+00
1.920573536899365052e+00
1.914875190853437159e+00
1.909428426834493431e+00
1.904764766708300527e+00
1.901340405501540598e+00
1.899491678048739862e+00
1.899401704734876350e+00
1.901081644533879622e+00
1.904368703593047885e+00
1.908941438384306188e+00
1.914351098477193425e+00
1.920065988765254916e+00
