2.027117642760468463e+00
2.093223836660851322e+00
2.140934151554819032e+00
2.168182535840510905e+00
2.173782146388683945e+00
2.157339674755921255e+00
2.119269236058018091e+00
2.060928980582716452e+00
1.984911575858104404e+00
1.895513103099098373e+00
1.799357405589690373e+00
1.705989394649626956e+00
1.627868538083613092e+00
1.578693895545706383e+00
1.569230989166498391e+00
1.602084358056844016e+00
1.669716074367061820e+00
1.758274636973347294e+00
1.853802483959701375e+00
1.945759863924718003e+00
2.027117642760485339e+00
2.093223836660835335e+00
2.140934151554837239e+00
2.168182535840517566e+00
2.173782146388685277e+00
2.157339674755928804e+00
2.119269236058037631e+00
2.060928980582718673e+00
1.984911575858132826e+00
1.895513103099080388e+00
1.799357405589677050e+00
1.705989394649640722e+00
1.627868538083603100e+00
1.578693895545719039e+00
1.569230989166512602e+00
1.602084358056858893e+00
1.669716074367064707e+00
1.758274636973357730e+00
1.853802483959689384e+00
1.945759863924682476e+00
2.027117642760468019e+00
2.093223836660837112e+00
2.140934151554817255e+00
2.168182535840490921e+00
2.173782146388681280e+00
2.157339674755936798e+00
2.119269236058039851e+00
2.060928980582708014e+00
1.984911575858143928e+00
1.895513103099142560e+00
1.799357405589700587e+00
1.705989394649658930e+00
1.627868538083605543e+00
1.578693895545718817e+00
1.569230989166497281e+00
1.602084358056848901e+00
1.669716074367075587e+00
1.758274636973347294e+00
1.853802483959671621e+00
1.945759863924660493e+00
2.027117642760487559e+00
2.093223836660872639e+00
2.140934151554786169e+00
2.168182535840503355e+00
2.173782146388683945e+00
2.157339674755954562e+00
2.119269236058050954e+00
2.060928980582705794e+00
1.984911575858114841e+00
1.895513103099155217e+00
1.799357405589667280e+00
1.705989394649653157e+00
1.627868538083611982e+00
1.578693895545735693e+00
1.569230989166517487e+00
1.602084358056847568e+00
1.669716074367053604e+00
1.758274636973304661e+00
1.853802483959655412e+00
1.945759863924622080e+00
2.027117642760462246e+00
2.093223836660842885e+00
2.140934151554780840e+00
2.168182535840487812e+00
2.173782146388681724e+00
2.157339674755960779e+00
2.119269236058052286e+00
2.060928980582716452e+00
1.984911575858093080e+00
1.895513103099189856e+00
1.799357405589693704e+00
1.705989394649674473e+00
1.627868538083610428e+00
1.578693895545752124e+00
1.569230989166517931e+00
1.602084358056819147e+00
1.669716074367032066e+00
1.758274636973291116e+00
1.853802483959620773e+00
1.945759863924610089e+00
