2.081885176047013619e+00
2.145233845359236113e+00
2.184262832429475054e+00
2.196265799759171244e+00
2.181430641316739472e+00
2.142302171630893426e+00
2.083149035512799063e+00
2.009415737515110045e+00
1.927333738774755112e+00
1.843665942610038133e+00
1.765491827173342854e+00
1.699913801809097791e+00
1.653581092013848730e+00
1.631987894576378384e+00
1.638604839526851986e+00
1.674025249655090697e+00
1.735400870998359046e+00
1.816441722156198368e+00
1.908123189170059186e+00
2.000011077892102751e+00
2.081885176047026054e+00
2.145233845359233005e+00
2.184262832429464396e+00
2.196265799759175685e+00
2.181430641316727037e+00
2.142302171630879215e+00
2.083149035512781744e+00
2.009415737515091838e+00
1.927333738774728022e+00
1.843665942610016151e+00
1.765491827173349959e+00
1.699913801809116443e+00
1.653581092013848286e+00
1.631987894576378384e+00
1.638604839526865753e+00
1.674025249655110459e+00
1.735400870998398792e+00
1.816441722156232341e+00
1.908123189170083611e+00
2.000011077892109412e+00
2.081885176047036712e+00
2.145233845359242331e+00
2.184262832429464396e+00
2.196265799759153925e+00
2.181430641316715047e+00
2.142302171630865448e+00
2.083149035512762204e+00
2.009415737515060751e+00
1.927333738774699601e+00
1.843665942609982844e+00
1.765491827173316208e+00
1.699913801809094682e+00
1.653581092013833853e+00
1.631987894576375719e+00
1.638604839526866197e+00
1.674025249655107350e+00
1.735400870998401457e+00
1.816441722156246996e+00
1.908123189170101153e+00
2.000011077892143163e+00
2.081885176047069130e+00
2.145233845359263647e+00
2.184262832429484380e+00
2.196265799759179238e+00
2.181430641316727037e+00
2.142302171630853902e+00
2.083149035512747993e+00
2.009415737515050537e+00
1.927333738774698935e+00
1.843665942609986841e+00
1.765491827173321537e+00
1.699913801809084912e+00
1.653581092013825415e+00
1.631987894576372389e+00
1.638604839526876411e+00
1.674025249655140657e+00
1.735400870998436762e+00
1.816441722156268757e+00
1.908123189170114475e+00
2.000011077892159594e+00
2.081885176047082009e+00
2.145233845359288072e+00
2.184262832429503476e+00
2.196265799759185455e+00
2.181430641316723040e+00
2.142302171630843688e+00
2.083149035512741776e+00
2.009415737515047429e+00
1.927333738774680505e+00
1.843665942609962860e+00
1.765491827173309103e+00
1.699913801809082248e+00
1.653581092013822085e+00
1.631987894576375053e+00
1.638604839526886625e+00
1.674025249655147984e+00
1.735400870998463185e+00
1.816441722156320271e+00
1.908123189170165546e+00
2.000011077892193789e+00
