2.348534879403895381e+00
2.585144130506663807e+00
2.746217662004125426e+00
2.819382743890280540e+00
2.803135287915763385e+00
2.704731397419459782e+00
2.537428536480411445e+00
2.318026225202661994e+00
2.065213109354484544e+00
1.798770468153308544e+00
1.539343205364178679e+00
1.308294512671015708e+00
1.127099558189294859e+00
1.015820765528415714e+00
9.904887325993848579e-01
1.059705740129222917e+00
1.221379799574659586e+00
1.460895542651287959e+00
1.751885677547925457e+00
2.059954929745543950e+00
2.348534894594459299e+00
2.585144145920674319e+00
2.746217677049230144e+00
2.819382758041947934e+00
2.803135300779337147e+00
2.704731408753365152e+00
2.537428546188381429e+00
2.318026233307764361e+00
2.065213115967389879e+00
1.798770473443155993e+00
1.539343209536133905e+00
1.308294515950659598e+00
1.127099560811706258e+00
1.015820767728442320e+00
9.904887346002774207e-01
1.059705742127997175e+00
1.221379801725414271e+00
1.460895545050260536e+00
1.751885680225061748e+00
2.059954932666816507e+00
2.348534897675144340e+00
2.585144149046667561e+00
2.746217680100418779e+00
2.819382760911924635e+00
2.803135303388086808e+00
2.704731411051889634e+00
2.537428548157147024e+00
2.318026234951482856e+00
2.065213117308470014e+00
1.798770474515929862e+00
1.539343210382187799e+00
1.308294516615752245e+00
1.127099561343523737e+00
1.015820768174611199e+00
9.904887350060672668e-01
1.059705742533367578e+00
1.221379802161616901e+00
1.460895545536798457e+00
1.751885680768021647e+00
2.059954933259287468e+00
2.348534898299935225e+00
2.585144149680646208e+00
2.746217680719207355e+00
2.819382761493967049e+00
2.803135303917139609e+00
2.704731411518032758e+00
2.537428548556416530e+00
2.318026235284809111e+00
2.065213117580426250e+00
1.798770474733466074e+00
1.539343210553747010e+00
1.308294516750626801e+00
1.127099561451359033e+00
1.015820768265086826e+00
9.904887350883654351e-01
1.059705742615587143e+00
1.221379802250099234e+00
1.460895545635498394e+00
1.751885680878166873e+00
2.059954933379463782e+00
2.348534898426681394e+00
2.585144149809243785e+00
2.746217680844722064e+00
2.819382761612018840e+00
2.803135304024434671e+00
2.704731411612573133e+00
2.537428548637392201e+00
2.318026235352408815e+00
2.065213117635593232e+00
1.798770474777575457e+00
1.539343210588535182e+00
1.308294516777967820e+00
1.127099561473221101e+00
1.015820768283428821e+00
9.904887351050556399e-01
1.059705742632264913e+00
1.221379802268059533e+00
1.460895545655522820e+00
1.751885680900527431e+00
2.059954933403834954e+00
