1.940943882335046000e+00
1.959477641858713870e+00
1.973726827155465768e+00
1.982496891395213234e+00
1.985073425040355888e+00
1.981245314161231175e+00
1.971312339012351034e+00
1.956079660257062480e+00
1.936834025541670501e+00
1.915289485106556722e+00
1.893485789473499992e+00
1.873623923081581433e+00
1.857834853606076697e+00
1.847901662208084383e+00
1.844985906492877747e+00
1.849429691958547561e+00
1.860696063171609183e+00
1.877467898606834718e+00
1.897870921675115730e+00
1.919751864870505198e+00
1.940943882335075088e+00
1.959477641858707209e+00
1.973726827155461327e+00
1.982496891395227223e+00
1.985073425040342565e+00
1.981245314161224957e+00
1.971312339012353254e+00
1.956079660257056263e+00
1.936834025541671167e+00
1.915289485106555833e+00
1.893485789473494441e+00
1.873623923081600084e+00
1.857834853606060710e+00
1.847901662208089490e+00
1.844985906492877303e+00
1.849429691958547783e+00
1.860696063171608294e+00
1.877467898606851593e+00
1.897870921675122835e+00
1.919751864870494984e+00
1.940943882335046000e+00
1.959477641858713870e+00
1.973726827155467767e+00
1.982496891395214345e+00
1.985073425040355888e+00
1.981245314161232729e+00
1.971312339012349257e+00
1.956079660257062258e+00
1.936834025541665172e+00
1.915289485106557610e+00
1.893485789473500436e+00
1.873623923081581433e+00
1.857834853606058712e+00
1.847901662208089268e+00
1.844985906492877303e+00
1.849429691958547561e+00
1.860696063171608738e+00
1.877467898606834718e+00
1.897870921675115730e+00
1.919751864870492764e+00
1.940943882335070869e+00
1.959477641858706320e+00
1.973726827155461327e+00
1.982496891395227223e+00
1.985073425040342565e+00
1.981245314161245830e+00
1.971312339012333048e+00
1.956079660257059372e+00
1.936834025541671389e+00
1.915289485106557832e+00
1.893485789473512204e+00
1.873623923081602971e+00
1.857834853606061154e+00
1.847901662208090157e+00
1.844985906492877303e+00
1.849429691958547117e+00
1.860696063171608294e+00
1.877467898606833385e+00
1.897870921675134825e+00
1.919751864870494096e+00
1.940943882335056214e+00
1.959477641858709651e+00
1.973726827155467545e+00
1.982496891395212568e+00
1.985073425040355888e+00
1.981245314161232729e+00
1.971312339012349257e+00
1.956079660257062258e+00
1.936834025541670501e+00
1.915289485106557610e+00
1.893485789473500436e+00
1.873623923081581433e+00
1.857834853606076697e+00
1.847901662208084383e+00
1.844985906492877747e+00
1.849429691958547561e+00
1.860696063171608738e+00
1.877467898606824948e+00
1.897870921675141265e+00
1.919751864870496538e+00
