1.971874268498031268e+00
1.996463629016816954e+00
2.013194429660154494e+00
2.020988025611831329e+00
2.019380064157809240e+00
2.008496093914506009e+00
1.989064291741163393e+00
1.962448336788627623e+00
1.930675609385415159e+00
1.896426603032458580e+00
1.862939552080250305e+00
1.833777750199669709e+00
1.812422684018099028e+00
1.801712583048591165e+00
1.803242707568706749e+00
1.816934505602880279e+00
1.840980963706029705e+00
1.872234552339584912e+00
1.906889832421440056e+00
1.941182323682099753e+00
1.971874268498043259e+00
1.996463629016835606e+00
2.013194429660190021e+00
2.020988025611818006e+00
2.019380064157851429e+00
2.008496093914518443e+00
1.989064291741185819e+00
1.962448336788648939e+00
1.930675609385450020e+00
1.896426603032509206e+00
1.862939552080268291e+00
1.833777750199670153e+00
1.812422684018095698e+00
1.801712583048559413e+00
1.803242707568636360e+00
1.816934505602838978e+00
1.840980963705975970e+00
1.872234552339560265e+00
1.906889832421439612e+00
1.941182323682097088e+00
1.971874268498024829e+00
1.996463629016807628e+00
2.013194429660139839e+00
2.020988025611827776e+00
2.019380064157812349e+00
2.008496093914510006e+00
1.989064291741174273e+00
1.962448336788648051e+00
1.930675609385428260e+00
1.896426603032489222e+00
1.862939552080254302e+00
1.833777750199680590e+00
1.812422684018090813e+00
1.801712583048573624e+00
1.803242707568649239e+00
1.816934505602877836e+00
1.840980963706004614e+00
1.872234552339561375e+00
1.906889832421426734e+00
1.941182323682081101e+00
1.971874268498029048e+00
1.996463629016776764e+00
2.013194429660180695e+00
2.020988025611809569e+00
2.019380064157829668e+00
2.008496093914495351e+00
1.989064291741206247e+00
1.962448336788680248e+00
1.930675609385463121e+00
1.896426603032469460e+00
1.862939552080276284e+00
1.833777750199674816e+00
1.812422684018100583e+00
1.801712583048576510e+00
1.803242707568648129e+00
1.816934505602857630e+00
1.840980963706004836e+00
1.872234552339607783e+00
1.906889832421450492e+00
1.941182323682067334e+00
1.971874268498012617e+00
1.996463629016805408e+00
2.013194429660178475e+00
2.020988025611807348e+00
2.019380064157854537e+00
2.008496093914521552e+00
1.989064291741205137e+00
1.962448336788655601e+00
1.930675609385444247e+00
1.896426603032503877e+00
1.862939552080274730e+00
1.833777750199706125e+00
1.812422684018125008e+00
1.801712583048568295e+00
1.803242707568641912e+00
1.816934505602847416e+00
1.840980963705984852e+00
1.872234552339576918e+00
1.906889832421414743e+00
1.941182323682048683e+00
