2.189855401409246838e+00
2.247298681849783542e+00
2.270913838514133865e+00
2.265586646121981129e+00
2.235395561498282557e+00
2.183100467701170722e+00
2.110692087805051909e+00
2.020290303022107992e+00
1.915078920055351519e+00
1.800226442710294084e+00
1.683772867431384546e+00
1.577274613846917140e+00
1.495631080213807085e+00
1.455161639152918074e+00
1.469223276551053115e+00
1.542154660765731489e+00
1.664725042855242920e+00
1.815096785806489033e+00
1.966197716061805600e+00
2.095295551227418507e+00
2.189855401409215752e+00
2.247298681849706714e+00
2.270913838514064587e+00
2.265586646121922509e+00
2.235395561498230155e+00
2.183100467701141412e+00
2.110692087804990180e+00
2.020290303022053813e+00
1.915078920055293787e+00
1.800226442710241237e+00
1.683772867431384768e+00
1.577274613846919360e+00
1.495631080213833286e+00
1.455161639152927400e+00
1.469223276551085311e+00
1.542154660765769680e+00
1.664725042855276449e+00
1.815096785806547208e+00
1.966197716061844014e+00
2.095295551227444708e+00
2.189855401409240621e+00
2.247298681849706714e+00
2.270913838514046823e+00
2.265586646121902969e+00
2.235395561498227934e+00
2.183100467701135194e+00
2.110692087804950212e+00
2.020290303021987643e+00
1.915078920055240275e+00
1.800226442710157082e+00
1.683772867431323705e+00
1.577274613846889384e+00
1.495631080213780217e+00
1.455161639152912079e+00
1.469223276551089086e+00
1.542154660765794105e+00
1.664725042855335291e+00
1.815096785806597168e+00
1.966197716061880429e+00
2.095295551227498443e+00
2.189855401409264601e+00
2.247298681849712931e+00
2.270913838514065475e+00
2.265586646121907410e+00
2.235395561498224382e+00
2.183100467701093450e+00
2.110692087804974637e+00
2.020290303021986755e+00
1.915078920055230505e+00
1.800226442710137098e+00
1.683772867431297726e+00
1.577274613846854745e+00
1.495631080213758901e+00
1.455161639152930508e+00
1.469223276551111290e+00
1.542154660765839624e+00
1.664725042855375481e+00
1.815096785806678437e+00
1.966197716061957035e+00
2.095295551227557507e+00
2.189855401409308566e+00
2.247298681849744462e+00
2.270913838514095673e+00
2.265586646121924730e+00
2.235395561498259909e+00
2.183100467701122316e+00
2.110692087804926231e+00
2.020290303021912148e+00
1.915078920055162781e+00
1.800226442710127106e+00
1.683772867431260867e+00
1.577274613846810114e+00
1.495631080213731590e+00
1.455161639152913633e+00
1.469223276551121060e+00
1.542154660765878704e+00
1.664725042855414783e+00
1.815096785806721513e+00
1.966197716061977685e+00
2.095295551227557063e+00
