1.921572261148825511e+00
1.923583301306709625e+00
1.924994171979240276e+00
1.925670443811269061e+00
1.925548192197592545e+00
1.924639409229847331e+00
1.923030829288866039e+00
1.920876276131065818e+00
1.918382970688077505e+00
1.915792637487536698e+00
1.913358740776303080e+00
1.911321731831582937e+00
1.909884690568733223e+00
1.909192042407412915e+00
1.909313967699372228e+00
1.910238599545450944e+00
1.911873149625861190e+00
1.914053873797476379e+00
1.916563554478839526e+00
1.919154212903601220e+00
1.921572261148817740e+00
1.923583301306656335e+00
1.924994171979231394e+00
1.925670443811267729e+00
1.925548192197600761e+00
1.924639409229846665e+00
1.923030829288866705e+00
1.920876276131067373e+00
1.918382970688077949e+00
1.915792637487548911e+00
1.913358740776311073e+00
1.911321731831610693e+00
1.909884690568770083e+00
1.909192042407456880e+00
1.909313967699372006e+00
1.910238599545450500e+00
1.911873149625856083e+00
1.914053873797469274e+00
1.916563554478843967e+00
1.919154212903604773e+00
1.921572261148831950e+00
1.923583301306686089e+00
1.924994171979252489e+00
1.925670443811322574e+00
1.925548192197572339e+00
1.924639409229865983e+00
1.923030829288882471e+00
1.920876276131050941e+00
1.918382970688096822e+00
1.915792637487546246e+00
1.913358740776323952e+00
1.911321731831578052e+00
1.909884690568710353e+00
1.909192042407425793e+00
1.909313967699420855e+00
1.910238599545484250e+00
1.911873149625865631e+00
1.914053873797474603e+00
1.916563554478835751e+00
1.919154212903587453e+00
1.921572261148826177e+00
1.923583301306680537e+00
1.924994171979225399e+00
1.925670443811302146e+00
1.925548192197589215e+00
1.924639409229874421e+00
1.923030829288892463e+00
1.920876276131092908e+00
1.918382970688115474e+00
1.915792637487547800e+00
1.913358740776326838e+00
1.911321731831575166e+00
1.909884690568703691e+00
1.909192042407404477e+00
1.909313967699367343e+00
1.910238599545451610e+00
1.911873149625822332e+00
1.914053873797416427e+00
1.916563554478822429e+00
1.919154212903614543e+00
1.921572261148783989e+00
1.923583301306658999e+00
1.924994171979234281e+00
1.925670443811280164e+00
1.925548192197561681e+00
1.924639409229861098e+00
1.923030829288905785e+00
1.920876276131059379e+00
1.918382970688074396e+00
1.915792637487553796e+00
1.913358740776315514e+00
1.911321731831625126e+00
1.909884690568751653e+00
1.909192042407451995e+00
1.909313967699387105e+00
1.910238599545465377e+00
1.911873149625857193e+00
1.914053873797445737e+00
1.916563554478824649e+00
1.919154212903611434e+00
