2.201046500687675156e+00
2.359528802210423937e+00
2.470164807667322826e+00
2.523580694458921414e+00
2.517072137415305555e+00
2.453874019922822836e+00
2.341885360962068674e+00
2.192310876212513193e+00
2.018520097082397768e+00
1.835214903978418244e+00
1.657813204991700706e+00
1.501841710739845404e+00
1.382102622454373764e+00
1.311447643359391790e+00
1.299159363700859826e+00
1.349177832398135601e+00
1.458641712872050356e+00
1.617317657495301653e+00
1.808360499625406792e+00
2.010472171274100273e+00
2.201046509874349244e+00
2.359528811291979000e+00
2.470164816415112874e+00
2.523580702666067488e+00
2.517072144922047006e+00
2.453874026628517946e+00
2.341885366825648074e+00
2.192310881245220333e+00
2.018520101336721329e+00
1.835214907536553586e+00
1.657813207955228352e+00
1.501841713221203634e+00
1.382102624569824467e+00
1.311447645222556302e+00
1.299159365416425072e+00
1.349177834055292236e+00
1.458641714538439160e+00
1.617317659212540226e+00
1.808360501407449972e+00
2.010472173109416172e+00
2.201046511731552080e+00
2.359528813127915292e+00
2.470164818183585353e+00
2.523580704325235402e+00
2.517072146439620628e+00
2.453874027984136230e+00
2.341885368011030089e+00
2.192310882262622496e+00
2.018520102196758259e+00
1.835214908255857980e+00
1.657813208554328455e+00
1.501841713722828597e+00
1.382102624997475049e+00
1.311447645599208123e+00
1.299159365763238982e+00
1.349177834390306696e+00
1.458641714875321682e+00
1.617317659559692089e+00
1.808360501767703132e+00
2.010472173480428726e+00
2.201046512106971775e+00
2.359528813499048638e+00
2.470164818541055851e+00
2.523580704660604912e+00
2.517072146746350825e+00
2.453874028258131279e+00
2.341885368250610444e+00
2.192310882468249122e+00
2.018520102370572999e+00
1.835214908401222811e+00
1.657813208675404493e+00
1.501841713824212166e+00
1.382102625083901026e+00
1.311447645675337892e+00
1.299159365833347346e+00
1.349177834458035186e+00
1.458641714943432310e+00
1.617317659629889048e+00
1.808360501840563517e+00
2.010472173555458486e+00
2.201046512182901704e+00
2.359528813574101491e+00
2.470164818613356239e+00
2.523580704728424884e+00
2.517072146808374100e+00
2.453874028313533184e+00
2.341885368299045922e+00
2.192310882509808323e+00
2.018520102405716887e+00
1.835214908430597536e+00
1.657813208699866925e+00
1.501841713844694670e+00
1.382102625101372162e+00
1.311447645690728692e+00
1.299159365847524894e+00
1.349177834471732007e+00
1.458641714957210622e+00
1.617317659644085248e+00
1.808360501855307723e+00
2.010472173570636123e+00
