2.368746942326825700e+00
2.596779431404026894e+00
2.746489429091882428e+00
2.807683436703769075e+00
2.781180009929264951e+00
2.676025817126564732e+00
2.506330989976049750e+00
2.288740613973827998e+00
2.040983970308577700e+00
1.781435198323073399e+00
1.529289273952258332e+00
1.304787484605158365e+00
1.128875208896902738e+00
1.021755993322861267e+00
1.000098448729887401e+00
1.073216228350248880e+00
1.239268793415945646e+00
1.483058103550295437e+00
1.776849451108272415e+00
2.084630210781056370e+00
2.368746943143332118e+00
2.596779432216668404e+00
2.746489429868884002e+00
2.807683437419199901e+00
2.781180010565686533e+00
2.676025817675533602e+00
2.506330990436745232e+00
2.288740614351196356e+00
2.040983970611112586e+00
1.781435198561332367e+00
1.529289274137571208e+00
1.304787484749088566e+00
1.128875209010773650e+00
1.021755993417450270e+00
1.000098448815110341e+00
1.073216228434556330e+00
1.239268793505684307e+00
1.483058103649195214e+00
1.776849451217095144e+00
2.084630210897927771e+00
2.368746943264415705e+00
2.596779432337142701e+00
2.746489429984103392e+00
2.807683437525268833e+00
2.781180010660045721e+00
2.676025817756912506e+00
2.506330990505045708e+00
2.288740614407121399e+00
2.040983970655962931e+00
1.781435198596621472e+00
1.529289274165035462e+00
1.304787484770395967e+00
1.128875209027641713e+00
1.021755993431467058e+00
1.000098448827744013e+00
1.073216228447062326e+00
1.239268793519021195e+00
1.483058103663875027e+00
1.776849451233271759e+00
2.084630210915268123e+00
2.368746943282387551e+00
2.596779432355031503e+00
2.746489430001178178e+00
2.807683437541009130e+00
2.781180010674038972e+00
2.676025817768975301e+00
2.506330990515173163e+00
2.288740614415404995e+00
2.040983970662592739e+00
1.781435198601857284e+00
1.529289274169087554e+00
1.304787484773562101e+00
1.128875209030131499e+00
1.021755993433553833e+00
1.000098448829632947e+00
1.073216228448944820e+00
1.239268793521013157e+00
1.483058103666092364e+00
1.776849451235694710e+00
2.084630210917902460e+00
2.368746943285087614e+00
2.596779432357725348e+00
2.746489430003741905e+00
2.807683437543330829e+00
2.781180010676087555e+00
2.676025817770734783e+00
2.506330990516623558e+00
2.288740614416592489e+00
2.040983970663527103e+00
1.781435198602582481e+00
1.529289274169659318e+00
1.304787484773991535e+00
1.128875209030486548e+00
1.021755993433848708e+00
1.000098448829911835e+00
1.073216228449231702e+00
1.239268793521336232e+00
1.483058103666447636e+00
1.776849451236097721e+00
2.084630210918321236e+00
