2.020885328009587756e+00
2.096562243788109292e+00
2.152262189089438671e+00
2.185669263755118052e+00
2.195524751677412567e+00
2.181416771559591350e+00
2.143724678000418216e+00
2.083723419253057596e+00
2.003868529353634909e+00
1.908293232470945400e+00
1.803527942157260977e+00
1.699318416042837399e+00
1.609003095667353778e+00
1.548150970520044023e+00
1.530007252972069409e+00
1.559012747959955592e+00
1.627958472040198723e+00
1.722221743363820723e+00
1.826584868899157721e+00
1.928978614255207003e+00
2.020885328009585979e+00
2.096562243788123947e+00
2.152262189089432454e+00
2.185669263755117608e+00
2.195524751677414788e+00
2.181416771559591794e+00
2.143724678000454631e+00
2.083723419253053155e+00
2.003868529353633576e+00
1.908293232470960277e+00
1.803527942157254538e+00
1.699318416042840285e+00
1.609003095667349115e+00
1.548150970520043135e+00
1.530007252972069409e+00
1.559012747959974021e+00
1.627958472040216931e+00
1.722221743363824720e+00
1.826584868899161718e+00
1.928978614255193680e+00
2.020885328009587312e+00
2.096562243788107072e+00
2.152262189089432454e+00
2.185669263755120273e+00
2.195524751677412567e+00
2.181416771559588685e+00
2.143724678000462180e+00
2.083723419253087350e+00
2.003868529353632688e+00
1.908293232470942513e+00
1.803527942157249653e+00
1.699318416042824742e+00
1.609003095667334016e+00
1.548150970520043579e+00
1.530007252972051202e+00
1.559012747959957368e+00
1.627958472040198723e+00
1.722221743363805402e+00
1.826584868899145508e+00
1.928978614255179469e+00
2.020885328009613957e+00
2.096562243788101298e+00
2.152262189089438227e+00
2.185669263755118941e+00
2.195524751677412567e+00
2.181416771559590018e+00
2.143724678000454631e+00
2.083723419253054487e+00
2.003868529353641126e+00
1.908293232470956946e+00
1.803527942157265862e+00
1.699318416042870039e+00
1.609003095667352445e+00
1.548150970520043579e+00
1.530007252972079179e+00
1.559012747959952039e+00
1.627958472040228255e+00
1.722221743363801405e+00
1.826584868899157943e+00
1.928978614255181023e+00
2.020885328009586868e+00
2.096562243788107072e+00
2.152262189089432454e+00
2.185669263755115388e+00
2.195524751677412567e+00
2.181416771559588685e+00
2.143724678000462625e+00
2.083723419253088238e+00
2.003868529353642902e+00
1.908293232470943179e+00
1.803527942157251429e+00
1.699318416042822966e+00
1.609003095667365546e+00
1.548150970520052905e+00
1.530007252972051202e+00
1.559012747959957146e+00
1.627958472040198279e+00
1.722221743363781643e+00
1.826584868899136183e+00
1.928978614255186352e+00
