2.440330755568699495e+00
2.582272990790904110e+00
2.642683930750733712e+00
2.629539202609660453e+00
2.556595869661824061e+00
2.437985973200076817e+00
2.285541389047866190e+00
2.108531279212128240e+00
1.914885115302252805e+00
1.713074559643910533e+00
1.514099452373420807e+00
1.333110299448350577e+00
1.189995628176806264e+00
1.107928087928790939e+00
1.108892929320520748e+00
1.206304662790596449e+00
1.397090945441028076e+00
1.657693023393024490e+00
1.947805627595124323e+00
2.221481564225418204e+00
2.440330755568730137e+00
2.582272990790913436e+00
2.642683930750738153e+00
2.629539202609657345e+00
2.556595869661828946e+00
2.437985973200086143e+00
2.285541389047839989e+00
2.108531279212098930e+00
1.914885115302220164e+00
1.713074559643881667e+00
1.514099452373373733e+00
1.333110299448287961e+00
1.189995628176749642e+00
1.107928087928750971e+00
1.108892929320518528e+00
1.206304662790624427e+00
1.397090945441106680e+00
1.657693023393142395e+00
1.947805627595254663e+00
2.221481564225559868e+00
2.440330755568792309e+00
2.582272990790950740e+00
2.642683930750725274e+00
2.629539202609626702e+00
2.556595869661780540e+00
2.437985973199987555e+00
2.285541389047744953e+00
2.108531279211998122e+00
1.914885115302098706e+00
1.713074559643768646e+00
1.514099452373291133e+00
1.333110299448221792e+00
1.189995628176706788e+00
1.107928087928746530e+00
1.108892929320551834e+00
1.206304662790714799e+00
1.397090945441237242e+00
1.657693023393290055e+00
1.947805627595404099e+00
2.221481564225689986e+00
2.440330755568922871e+00
2.582272990791040002e+00
2.642683930750740817e+00
2.629539202609605830e+00
2.556595869661722809e+00
2.437985973199902734e+00
2.285541389047665461e+00
2.108531279211893761e+00
1.914885115301996121e+00
1.713074559643667172e+00
1.514099452373176558e+00
1.333110299448129865e+00
1.189995628176636622e+00
1.107928087928701455e+00
1.108892929320559606e+00
1.206304662790763205e+00
1.397090945441324061e+00
1.657693023393405740e+00
1.947805627595508016e+00
2.221481564225764593e+00
2.440330755568955734e+00
2.582272990791021350e+00
2.642683930750692411e+00
2.629539202609532555e+00
2.556595869661625109e+00
2.437985973199818801e+00
2.285541389047572647e+00
2.108531279211783627e+00
1.914885115301912188e+00
1.713074559643592565e+00
1.514099452373084631e+00
1.333110299448061253e+00
1.189995628176605980e+00
1.107928087928714556e+00
1.108892929320602017e+00
1.206304662790850246e+00
1.397090945441448628e+00
1.657693023393556286e+00
1.947805627595660560e+00
2.221481564225933791e+00
