2.214289288144481116e+00
2.282616304730451517e+00
2.310378998900931347e+00
2.301827470219289573e+00
2.262735315654741175e+00
2.198576682415985584e+00
2.114020792424258222e+00
2.013323786648896885e+00
1.901151824766506238e+00
1.783512333666361638e+00
1.668568004548161232e+00
1.567066457192098694e+00
1.491967513677582291e+00
1.456753957171468050e+00
1.472172235026812936e+00
1.542017801314695680e+00
1.659788306786298406e+00
1.808521435731855531e+00
1.964850939545896402e+00
2.105706990383778177e+00
2.214289288144486445e+00
2.282616304730446632e+00
2.310378998900928682e+00
2.301827470219278915e+00
2.262735315654728296e+00
2.198576682415961603e+00
2.114020792424233353e+00
2.013323786648866243e+00
1.901151824766480258e+00
1.783512333666357641e+00
1.668568004548155459e+00
1.567066457192088924e+00
1.491967513677582291e+00
1.456753957171447178e+00
1.472172235026798948e+00
1.542017801314675696e+00
1.659788306786269763e+00
1.808521435731844207e+00
1.964850939545893960e+00
2.105706990383759081e+00
2.214289288144492662e+00
2.282616304730474610e+00
2.310378998900970426e+00
2.301827470219310445e+00
2.262735315654749169e+00
2.198576682415988248e+00
2.114020792424249340e+00
2.013323786648905767e+00
1.901151824766501797e+00
1.783512333666339433e+00
1.668568004548133255e+00
1.567066457192074491e+00
1.491967513677583401e+00
1.456753957171457614e+00
1.472172235026814047e+00
1.542017801314690795e+00
1.659788306786275758e+00
1.808521435731821558e+00
1.964850939545844222e+00
2.105706990383711119e+00
2.214289288144438927e+00
2.282616304730442192e+00
2.310378998900933567e+00
2.301827470219286909e+00
2.262735315654762935e+00
2.198576682416021555e+00
2.114020792424292861e+00
2.013323786648904878e+00
1.901151824766531773e+00
1.783512333666396943e+00
1.668568004548210748e+00
1.567066457192118678e+00
1.491967513677606272e+00
1.456753957171470493e+00
1.472172235026793619e+00
1.542017801314642389e+00
1.659788306786224021e+00
1.808521435731765603e+00
1.964850939545811359e+00
2.105706990383681365e+00
2.214289288144422940e+00
2.282616304730408441e+00
2.310378998900961101e+00
2.301827470219322436e+00
2.262735315654812229e+00
2.198576682416052641e+00
2.114020792424327500e+00
2.013323786648971048e+00
1.901151824766604159e+00
1.783512333666461336e+00
1.668568004548240502e+00
1.567066457192167750e+00
1.491967513677635804e+00
1.456753957171478930e+00
1.472172235026767861e+00
1.542017801314564895e+00
1.659788306786128542e+00
1.808521435731666127e+00
1.964850939545702113e+00
2.105706990383605870e+00
