2.060219820246293576e+00
2.141432128341982377e+00
2.199518189441810545e+00
2.229156604211334880e+00
2.228104813305507470e+00
2.197162566236865455e+00
2.139831906119295635e+00
2.061803165102793489e+00
1.970374896460332925e+00
1.873867821205821294e+00
1.781042190609809062e+00
1.700493781673795279e+00
1.639997889100821782e+00
1.605796442802774671e+00
1.601874470601856171e+00
1.629331693897791089e+00
1.685997476324590849e+00
1.766435936326297362e+00
1.862428146733427381e+00
1.963909661329067635e+00
2.060219824538621403e+00
2.141432132457991244e+00
2.199518193337534733e+00
2.229156607845961258e+00
2.228104816647409336e+00
2.197162569267176568e+00
2.139831908833001783e+00
2.061803167507947787e+00
1.970374898576095379e+00
1.873867823059823134e+00
1.781042192235387178e+00
1.700493783107346335e+00
1.639997890379307321e+00
1.605796443961518438e+00
1.601874471672602773e+00
1.629331694907019568e+00
1.685997477292327851e+00
1.766435937265482758e+00
1.862428147650011079e+00
1.963909662222851793e+00
2.060219825404668192e+00
2.141432133288453166e+00
2.199518194123557979e+00
2.229156608579301757e+00
2.228104817321683750e+00
2.197162569878583493e+00
2.139831909380519814e+00
2.061803167993210284e+00
1.970374899002966140e+00
1.873867823433877033e+00
1.781042192563358162e+00
1.700493783396567427e+00
1.639997890637244771e+00
1.605796444195301431e+00
1.601874471888631080e+00
1.629331695110647349e+00
1.685997477487581220e+00
1.766435937454987837e+00
1.862428147834957803e+00
1.963909662403202194e+00
2.060219825579416852e+00
2.141432133456031117e+00
2.199518194282154671e+00
2.229156608727266065e+00
2.228104817457741582e+00
2.197162570001945259e+00
2.139831909490992778e+00
2.061803168091128402e+00
1.970374899089091691e+00
1.873867823509351105e+00
1.781042192629529453e+00
1.700493783454923413e+00
1.639997890689288473e+00
1.605796444242476584e+00
1.601874471932228872e+00
1.629331695151748693e+00
1.685997477526999688e+00
1.766435937493241015e+00
1.862428147872300377e+00
1.963909662439610404e+00
2.060219825614694411e+00
2.141432133489852507e+00
2.199518194314170394e+00
2.229156608757124847e+00
2.228104817485178746e+00
2.197162570026828021e+00
2.139831909513275399e+00
2.061803168110869944e+00
1.970374899106467126e+00
1.873867823524566045e+00
1.781042192642869892e+00
1.700493783466688447e+00
1.639997890699784744e+00
1.605796444251992083e+00
1.601874471941022060e+00
1.629331695160034732e+00
1.685997477534948885e+00
1.766435937500951070e+00
1.862428147879827689e+00
1.963909662446949866e+00
