2.186995131402946324e+00
2.407097808946984774e+00
2.577769749531342747e+00
2.682514850904925474e+00
2.711725780166234667e+00
2.663374197045460967e+00
2.542892811901488859e+00
2.362381145517687298e+00
2.139309256891595901e+00
1.894885268010129353e+00
1.652216065705796710e+00
1.434353691933793140e+00
1.262305120166280270e+00
1.153100648166965891e+00
1.118060622910702406e+00
1.161451230232065646e+00
1.279747818357518385e+00
1.461700118883820121e+00
1.689303621199231165e+00
1.939635647333091795e+00
2.187349143770797699e+00
2.407481579338949906e+00
2.578174402950317301e+00
2.682929362979063814e+00
2.712138202363649331e+00
2.663772883149956527e+00
2.543267515090210651e+00
2.362723896330851225e+00
2.139614974623345045e+00
1.895152091378517367e+00
1.652445408831984874e+00
1.434550040412172267e+00
1.262475585248665322e+00
1.153254302114789631e+00
1.118207651086231991e+00
1.161601957083009173e+00
1.279911691259610684e+00
1.461884757221964870e+00
1.689514047525622731e+00
1.939873804787138001e+00
2.187613767532730513e+00
2.407768436321003236e+00
2.578476856236850967e+00
2.683239170393760809e+00
2.712446432815283082e+00
2.664070833489702750e+00
2.543547529784522698e+00
2.362980022998762308e+00
2.139843420153068720e+00
1.895351468277457263e+00
1.652616776500812401e+00
1.434696752486738447e+00
1.262602956472331339e+00
1.153369111876659137e+00
1.118317510072012855e+00
1.161714579625892974e+00
1.280034136072524253e+00
1.462022716771114617e+00
1.689671273440477517e+00
1.940051747269281091e+00
2.187811479484357946e+00
2.407982752810070348e+00
2.578702816721550217e+00
2.683470615853590591e+00
2.712676690708601068e+00
2.664293402820981704e+00
2.543756693270348368e+00
2.363171336377914766e+00
2.140014052403911293e+00
1.895500385154945899e+00
1.652744771013497704e+00
1.434806330699713417e+00
1.262698088688133158e+00
1.153454861935597098e+00
1.118399562441193540e+00
1.161798696010267529e+00
1.280125588328002273e+00
1.462125756081183559e+00
1.689788701089791845e+00
1.940184645317082124e+00
2.187959139271734355e+00
2.408142809233460468e+00
2.578871563888645468e+00
2.683643453354250585e+00
2.712848635370276984e+00
2.664459600373602743e+00
2.543912875381794336e+00
2.363314185794314515e+00
2.140141456679876431e+00
1.895611573396808858e+00
1.652840336412890743e+00
1.434888145157878547e+00
1.262769117034683752e+00
1.153518885218571377e+00
1.118460824921325925e+00
1.161861499505186801e+00
1.280193868810818314e+00
1.462202687312594174e+00
1.689876374100827583e+00
1.940283867319207323e+00
