8.954976424359620268e-03
8.956146814646364154e-03
8.957003695528801060e-03
8.957581126284627770e-03
8.957913586839789943e-03
8.958024626946748184e-03
8.957922210821037817e-03
8.957596672739202848e-03
8.957019818471759209e-03
8.956146570735493487e-03
8.954925324591552285e-03
8.953331202913144757e-03
8.951441284140092616e-03
8.949539901833182196e-03
8.948135604490698239e-03
8.947723020722921083e-03
8.948423082863416270e-03
8.949919143567101540e-03
8.951731838453070092e-03
8.953483836091100795e-03
8.954976424359568227e-03
8.956146814646050169e-03
8.957003695528920756e-03
8.957581126284685016e-03
8.957913586839788209e-03
8.958024626946789817e-03
8.957922210821056899e-03
8.957596672739293053e-03
8.957019818471924008e-03
8.956146570735771043e-03
8.954925324591708410e-03
8.953331202913170778e-03
8.951441284140172414e-03
8.949539901833076377e-03
8.948135604490359968e-03
8.947723020723045984e-03
8.948423082863294839e-03
8.949919143567188276e-03
8.951731838453413567e-03
8.953483836091296819e-03
8.954976424359667106e-03
8.956146814646209764e-03
8.957003695528965859e-03
8.957581126284709302e-03
8.957913586839739636e-03
8.958024626946827981e-03
8.957922210821053430e-03
8.957596672739270502e-03
8.957019818471837272e-03
8.956146570735743287e-03
8.954925324591680655e-03
8.953331202913356393e-03
8.951441284140087412e-03
8.949539901833284544e-03
8.948135604490708647e-03
8.947723020722957513e-03
8.948423082863293104e-03
8.949919143567351340e-03
8.951731838453611326e-03
8.953483836091485903e-03
8.954976424359734760e-03
8.956146814646501197e-03
8.957003695529009227e-03
8.957581126284598280e-03
8.957913586839715350e-03
8.958024626946699612e-03
8.957922210820912917e-03
8.957596672739228869e-03
8.957019818471849415e-03
8.956146570735701654e-03
8.954925324591814229e-03
8.953331202913500375e-03
8.951441284140352825e-03
8.949539901833062500e-03
8.948135604490575074e-03
8.947723020722751081e-03
8.948423082863202899e-03
8.949919143567030416e-03
8.951731838453297341e-03
8.953483836091145898e-03
8.954976424359568227e-03
8.956146814646301704e-03
8.957003695528906878e-03
8.957581126284553177e-03
8.957913586839791678e-03
8.958024626946796756e-03
8.957922210821121084e-03
8.957596672739301727e-03
8.957019818471982989e-03
8.956146570735823084e-03
8.954925324591852392e-03
8.953331202913436190e-03
8.951441284140179352e-03
8.949539901833279340e-03
8.948135604490672218e-03
8.947723020722881185e-03
8.948423082863183817e-03
8.949919143567122357e-03
8.951731838453314688e-03
8.953483836091239573e-03
