8.955041688650321186e-03
8.955062639328067661e-03
8.955086537445505757e-03
8.955111162726608204e-03
8.955134542118735330e-03
8.955154960539259135e-03
8.955170929421558956e-03
8.955181162467917150e-03
8.955184594574904650e-03
8.955180468670149649e-03
8.955168501229052516e-03
8.955149110481874439e-03
8.955123644685158285e-03
8.955094491917333505e-03
8.955064929410597521e-03
8.955038636816554584e-03
8.955018963813010657e-03
8.955008212986004246e-03
8.955007227801053266e-03
8.955015417735894684e-03
8.955031128980816060e-03
8.955052142519501213e-03
8.955076103790333281e-03
8.955100792015788583e-03
8.955124233706894185e-03
8.955144713410587501e-03
8.955160742247073036e-03
8.955171033655813864e-03
8.955174522323344072e-03
8.955170451037150481e-03
8.955158536235763647e-03
8.955139196261471465e-03
8.955113779676379671e-03
8.955084675076522768e-03
8.955055160387652771e-03
8.955028916026208305e-03
8.955009292353486791e-03
8.954998592412383510e-03
8.954997659819453545e-03
8.955005903909629694e-03
8.955021670518037435e-03
8.955042740166124435e-03
8.955066757811406750e-03
8.955091502231194225e-03
8.955114999548751190e-03
8.955135533981474841e-03
8.955151616370598394e-03
8.955161959921156128e-03
8.955165499132049234e-03
8.955161476665238207e-03
8.955149608925482008e-03
8.955130314353923482e-03
8.955104941783758807e-03
8.955075880271204727e-03
8.955046408359135929e-03
8.955020207144951533e-03
8.955000627598862922e-03
8.954989973171133960e-03
8.954989087613449486e-03
8.954997380134029419e-03
8.955013196252010685e-03
8.955034316077107800e-03
8.955058384138339309e-03
8.955083178816141548e-03
8.955106725887800392e-03
8.955127309276528225e-03
8.955143439574396458e-03
8.955153829776832733e-03
8.955157414214929765e-03
8.955153435438135620e-03
8.955141609820605267e-03
8.955122355891286315e-03
8.955097022725127739e-03
8.955067999788917169e-03
8.955038566176449708e-03
8.955012403593299447e-03
8.954992863553652357e-03
8.954982249871852595e-03
8.954981406420557677e-03
8.954989742295077840e-03
8.955005602732416317e-03
8.955026767474550536e-03
8.955050880667662916e-03
8.955075720337414558e-03
8.955099311951830038e-03
8.955119939171038781e-03
8.955136112364169010e-03
8.955146544339091796e-03
8.955150169276603414e-03
8.955146229625317658e-03
8.955134441731855965e-03
8.955115224203495650e-03
8.955089926331170902e-03
8.955060937948797553e-03
8.955031538642918912e-03
8.955005410663078452e-03
8.954985906010168306e-03
8.954975328824362271e-03
8.954974523086710325e-03
8.954982897791565269e-03
