8.960374042992358054e-03
8.960559070599257228e-03
8.960743209873287332e-03
8.960914327147375541e-03
8.961063254302984935e-03
8.961182571509457642e-03
8.961265645534047600e-03
8.961306056406888321e-03
8.961297531622601856e-03
8.961234604558583963e-03
8.961114318539464829e-03
8.960939201771361134e-03
8.960721073896374747e-03
8.960483785680086952e-03
8.960261607956621424e-03
8.960091125206239362e-03
8.959999378405541018e-03
8.959995410796442114e-03
8.960070313464251618e-03
8.960204093910871526e-03
8.960373790124173329e-03
8.960558827825577596e-03
8.960742976811472693e-03
8.960914103366503236e-03
8.961063039346069820e-03
8.961182364906825071e-03
8.961265446810478749e-03
8.961305865085138211e-03
8.961297347226037865e-03
8.961234426616088156e-03
8.961114146596161484e-03
8.960939035408866174e-03
8.960720912763741469e-03
8.960483629529598579e-03
8.960261456668609792e-03
8.960090978783029000e-03
8.959999236927817384e-03
8.959995274358749373e-03
8.960070182119219545e-03
8.960203967641021047e-03
8.960373668840998854e-03
8.960558711384068384e-03
8.960742865028053367e-03
8.960913996034478024e-03
8.961062936246242533e-03
8.961182265813980030e-03
8.961265351496725332e-03
8.961305773321553633e-03
8.961297258783921388e-03
8.961234341269502454e-03
8.961114064126977224e-03
8.960938955616424423e-03
8.960720835479716803e-03
8.960483554635145093e-03
8.960261384106322016e-03
8.960090908554069200e-03
8.959999169070882036e-03
8.959995208919170270e-03
8.960070119122209159e-03
8.960203907078190255e-03
8.960373610669952749e-03
8.960558655535187308e-03
8.960742811413376432e-03
8.960913944554876193e-03
8.961062886796569010e-03
8.961182218286149401e-03
8.961265305781423995e-03
8.961305729308978799e-03
8.961297216364426388e-03
8.961234300334757277e-03
8.961114024572289574e-03
8.960938917345616025e-03
8.960720798412001586e-03
8.960483518713540860e-03
8.960261349303293502e-03
8.960090874870107330e-03
8.959999136524612537e-03
8.959995177532343105e-03
8.960070088906963923e-03
8.960203878030448613e-03
8.960373582769375067e-03
8.960558628748430468e-03
8.960742785698205121e-03
8.960913919863706945e-03
8.961062863079009844e-03
8.961182195490396268e-03
8.961265283855020594e-03
8.961305708199245046e-03
8.961297196018827918e-03
8.961234280701261060e-03
8.961114005600762100e-03
8.960938898989856405e-03
8.960720780633282118e-03
8.960483501484572608e-03
8.960261332610821444e-03
8.960090858714422901e-03
8.959999120914564560e-03
8.959995162478374617e-03
8.960070074414875838e-03
8.960203864098360491e-03
