8.955175239683312374e-03
8.955197146767901462e-03
8.955223410442855053e-03
8.955251521254630614e-03
8.955278914520598682e-03
8.955303151589601510e-03
8.955322072276785186e-03
8.955333931262160485e-03
8.955337528911788345e-03
8.955332338099364353e-03
8.955318614907911354e-03
8.955297465783274014e-03
8.955270832772402670e-03
8.955241360244552140e-03
8.955212127723433113e-03
8.955186272628631872e-03
8.955166569671713095e-03
8.955155058291702427e-03
8.955152799864328494e-03
8.955159805351088631e-03
8.955175122401856994e-03
8.955197032889586697e-03
8.955223299880528398e-03
8.955251413917538275e-03
8.955278810314720381e-03
8.955303050418398150e-03
8.955321974042180708e-03
8.955333835865645145e-03
8.955337436255771805e-03
8.955332248088530497e-03
8.955318527450652905e-03
8.955297380793120210e-03
8.955270750169176328e-03
8.955241279955216196e-03
8.955212049682279712e-03
8.955186196776895521e-03
8.955166495956479525e-03
8.955154986664414993e-03
8.955152730278997941e-03
8.955159737762752661e-03
8.955175056764999933e-03
8.955196969157286010e-03
8.955223238004007130e-03
8.955251353846038417e-03
8.955278751995650321e-03
8.955302993797665742e-03
8.955321919064885422e-03
8.955333782476686960e-03
8.955337384400532952e-03
8.955332197713643944e-03
8.955318478504902674e-03
8.955297333228097109e-03
8.955270703940015203e-03
8.955241235021036555e-03
8.955212006006329703e-03
8.955186154326284786e-03
8.955166454701592865e-03
8.955154946578107455e-03
8.955152691335508883e-03
8.955159699936853998e-03
8.955175020031212046e-03
8.955196933489421515e-03
8.955223203374737193e-03
8.955251320226950001e-03
8.955278719357291292e-03
8.955302962109805073e-03
8.955321888296820243e-03
8.955333752597549601e-03
8.955337355379750647e-03
8.955332169521382918e-03
8.955318451112444580e-03
8.955297306608383731e-03
8.955270678067912132e-03
8.955241209873662789e-03
8.955211981563088869e-03
8.955186130568761060e-03
8.955166431613243924e-03
8.955154924143688550e-03
8.955152669540698135e-03
8.955159678767497800e-03
8.955174999473073522e-03
8.955196913527795413e-03
8.955223183994361416e-03
8.955251301411925810e-03
8.955278701091107588e-03
8.955302944375615956e-03
8.955321871077358276e-03
8.955333735875552550e-03
8.955337339138122812e-03
8.955332153743396362e-03
8.955318435782075662e-03
8.955297291710458824e-03
8.955270663588421609e-03
8.955241195799750614e-03
8.955211967883288521e-03
8.955186117272745730e-03
8.955166418691722433e-03
8.955154911588197181e-03
8.955152657343099301e-03
8.955159666919947081e-03
