8.954387997406219532e-03
8.955096585964167008e-03
8.955722656221253714e-03
8.956234436928948300e-03
8.956613858392787828e-03
8.956850376804274122e-03
8.956936401565503483e-03
8.956864521161544621e-03
8.956626785752376876e-03
8.956216795544107503e-03
8.955635947312983250e-03
8.954905062096804244e-03
8.954079852747168222e-03
8.953261541475264484e-03
8.952586557056866137e-03
8.952186026921247347e-03
8.952133313582006854e-03
8.952417290089805316e-03
8.952958557888801572e-03
8.953649291048351375e-03
8.954387997405929833e-03
8.955096585963934555e-03
8.955722656221149630e-03
8.956234436928911871e-03
8.956613858392838134e-03
8.956850376804324429e-03
8.956936401565461850e-03
8.956864521161582784e-03
8.956626785752416775e-03
8.956216795544031176e-03
8.955635947312981515e-03
8.954905062096890980e-03
8.954079852747294857e-03
8.953261541475576735e-03
8.952586557057147162e-03
8.952186026921415615e-03
8.952133313582097060e-03
8.952417290089784499e-03
8.952958557888947289e-03
8.953649291048668829e-03
8.954387997406066876e-03
8.955096585963941494e-03
8.955722656221182590e-03
8.956234436928910136e-03
8.956613858392819053e-03
8.956850376804277591e-03
8.956936401565501749e-03
8.956864521161626153e-03
8.956626785752494838e-03
8.956216795544046788e-03
8.955635947312997128e-03
8.954905062096830265e-03
8.954079852747334756e-03
8.953261541475545510e-03
8.952586557057022262e-03
8.952186026921457249e-03
8.952133313582143898e-03
8.952417290089977053e-03
8.952958557888952493e-03
8.953649291048486683e-03
8.954387997405967997e-03
8.955096585963964045e-03
8.955722656221229427e-03
8.956234436928911871e-03
8.956613858392841604e-03
8.956850376804397287e-03
8.956936401565531239e-03
8.956864521161561968e-03
8.956626785752286671e-03
8.956216795544017298e-03
8.955635947312939882e-03
8.954905062096877102e-03
8.954079852747272306e-03
8.953261541475493468e-03
8.952586557057081243e-03
8.952186026921604700e-03
8.952133313582187266e-03
8.952417290090058585e-03
8.952958557888987187e-03
8.953649291048549133e-03
8.954387997405990549e-03
8.955096585964035169e-03
8.955722656221158304e-03
8.956234436928901463e-03
8.956613858392786093e-03
8.956850376804310551e-03
8.956936401565473993e-03
8.956864521161593193e-03
8.956626785752350856e-03
8.956216795544050258e-03
8.955635947312958964e-03
8.954905062096686283e-03
8.954079852747208121e-03
8.953261541475349486e-03
8.952586557057167979e-03
8.952186026921488474e-03
8.952133313582145632e-03
8.952417290089824398e-03
8.952958557888829327e-03
8.953649291048441580e-03
