8.953292723394214170e-03
8.954295815265066530e-03
8.955182193537818483e-03
8.955918953589143625e-03
8.956490303468593248e-03
8.956887921286463966e-03
8.957104254415211575e-03
8.957127837749018218e-03
8.956940241521726270e-03
8.956515417425725892e-03
8.955824402233115988e-03
8.954851651549765312e-03
8.953630410573473405e-03
8.952291459699369958e-03
8.951081344133011639e-03
8.950285870979662189e-03
8.950081477606182390e-03
8.950451106456905684e-03
8.951234848756827595e-03
8.952236169208527966e-03
8.953292723394200292e-03
8.954295815265102959e-03
8.955182193537834096e-03
8.955918953589112400e-03
8.956490303468593248e-03
8.956887921286408455e-03
8.957104254415277494e-03
8.957127837749068525e-03
8.956940241521764434e-03
8.956515417425713749e-03
8.955824402233084763e-03
8.954851651549697658e-03
8.953630410573586162e-03
8.952291459699522613e-03
8.951081344133134804e-03
8.950285870979849540e-03
8.950081477606511987e-03
8.950451106457138137e-03
8.951234848757070456e-03
8.952236169208743072e-03
8.953292723394342539e-03
8.954295815265108163e-03
8.955182193537872259e-03
8.955918953589155768e-03
8.956490303468643555e-03
8.956887921286476109e-03
8.957104254415284433e-03
8.957127837749089341e-03
8.956940241521767904e-03
8.956515417425753647e-03
8.955824402233091702e-03
8.954851651549846844e-03
8.953630410573610449e-03
8.952291459699510470e-03
8.951081344132999495e-03
8.950285870979726374e-03
8.950081477606312494e-03
8.950451106456980277e-03
8.951234848756955964e-03
8.952236169208741337e-03
8.953292723394346009e-03
8.954295815265059591e-03
8.955182193537919097e-03
8.955918953589048215e-03
8.956490303468527328e-03
8.956887921286457027e-03
8.957104254415195962e-03
8.957127837749023422e-03
8.956940241521649942e-03
8.956515417425715483e-03
8.955824402233030987e-03
8.954851651549676841e-03
8.953630410573475140e-03
8.952291459699269344e-03
8.951081344133011639e-03
8.950285870979698619e-03
8.950081477606329841e-03
8.950451106457094769e-03
8.951234848757072191e-03
8.952236169208758684e-03
8.953292723394365091e-03
8.954295815265148062e-03
8.955182193537900015e-03
8.955918953589128012e-03
8.956490303468553349e-03
8.956887921286502130e-03
8.957104254415313924e-03
8.957127837749110158e-03
8.956940241521790455e-03
8.956515417425739770e-03
8.955824402233110784e-03
8.954851651549874600e-03
8.953630410573364118e-03
8.952291459699356080e-03
8.951081344132940515e-03
8.950285870979689945e-03
8.950081477606329841e-03
8.950451106457013237e-03
8.951234848757035761e-03
8.952236169208697969e-03
