8.953911090380569510e-03
8.954101234545132348e-03
8.954305162199135276e-03
8.954507743088764571e-03
8.954697083915889172e-03
8.954863374889954555e-03
8.954997806558640319e-03
8.955091714971732952e-03
8.955136083054069523e-03
8.955121649930702921e-03
8.955040112315824224e-03
8.954887086075544178e-03
8.954667137305890104e-03
8.954399480085308352e-03
8.954120010193718573e-03
8.953874552366318171e-03
8.953703940488590141e-03
8.953630083043367938e-03
8.953652267274870083e-03
8.953753634837186351e-03
8.953910816507320777e-03
8.954100972155227406e-03
8.954304910921032784e-03
8.954507502483097237e-03
8.954696853500856632e-03
8.954863154158460709e-03
8.954997594987947063e-03
8.955091512028565473e-03
8.955135888196697966e-03
8.955121462611237426e-03
8.955039931986577897e-03
8.954886912205110502e-03
8.954666969410126839e-03
8.954399317772962497e-03
8.954119853211862240e-03
8.953874400617973378e-03
8.953703794001583588e-03
8.953629941901384420e-03
8.953652131546425974e-03
8.953753504531843446e-03
8.953910691564035892e-03
8.954100852450776193e-03
8.954304796285937965e-03
8.954507392716871614e-03
8.954696748383686455e-03
8.954863053458949479e-03
8.954997498467688263e-03
8.955091419444219034e-03
8.955135799301154262e-03
8.955121377154567908e-03
8.955039849718916464e-03
8.954886832884013936e-03
8.954666892814747495e-03
8.954399243724793858e-03
8.954119781595498359e-03
8.953874331389166663e-03
8.953703727173032215e-03
8.953629877511240162e-03
8.953652069625964161e-03
8.953753445085513643e-03
8.953910634563895174e-03
8.954100797840603906e-03
8.954304743988396667e-03
8.954507342640529236e-03
8.954696700428295061e-03
8.954863007518982371e-03
8.954997454434326237e-03
8.955091377206469277e-03
8.955135758746278832e-03
8.955121338168536491e-03
8.955039812187717829e-03
8.954886796697068135e-03
8.954666857871300054e-03
8.954399209943385632e-03
8.954119748923537736e-03
8.953874299806426768e-03
8.953703696685294880e-03
8.953629848135942829e-03
8.953652041377359316e-03
8.953753417965630915e-03
8.953910608560006895e-03
8.954100772927020557e-03
8.954304720129872136e-03
8.954507319795320872e-03
8.954696678550668615e-03
8.954862986560769775e-03
8.954997434345914400e-03
8.955091357937244173e-03
8.955135740244769479e-03
8.955121320382732411e-03
8.955039795065638034e-03
8.954886780188249518e-03
8.954666841929793258e-03
8.954399194532041556e-03
8.954119734018332194e-03
8.953874285398155317e-03
8.953703682776542258e-03
8.953629834734692233e-03
8.953652028490155859e-03
8.953753405593333284e-03
