8.955767459341238551e-03
8.956559465212281246e-03
8.957123171332927875e-03
8.957478574426041076e-03
8.957643720315169866e-03
8.957628509167132533e-03
8.957432631820246710e-03
8.957045613455422162e-03
8.956448993140750728e-03
8.955622843911407657e-03
8.954561422520173133e-03
8.953304046422213766e-03
8.951979886906531389e-03
8.950836916805773869e-03
8.950188939101386479e-03
8.950253479794674505e-03
8.951002565356854651e-03
8.952188689305654035e-03
8.953509043370354303e-03
8.954739702162236095e-03
8.955767459341281919e-03
8.956559465212147672e-03
8.957123171332870629e-03
8.957478574425905768e-03
8.957643720315069252e-03
8.957628509167030184e-03
8.957432631820116606e-03
8.957045613455184505e-03
8.956448993140462764e-03
8.955622843911253267e-03
8.954561422520062111e-03
8.953304046422153051e-03
8.951979886906354447e-03
8.950836916805912646e-03
8.950188939101384744e-03
8.950253479794716138e-03
8.951002565356719343e-03
8.952188689305607197e-03
8.953509043370269302e-03
8.954739702162414772e-03
8.955767459341264572e-03
8.956559465212151142e-03
8.957123171332874098e-03
8.957478574425923115e-03
8.957643720315246194e-03
8.957628509167224473e-03
8.957432631820298752e-03
8.957045613455281649e-03
8.956448993140717768e-03
8.955622843911185613e-03
8.954561422519918129e-03
8.953304046422029885e-03
8.951979886906219139e-03
8.950836916805765195e-03
8.950188939101459337e-03
8.950253479794783792e-03
8.951002565356953530e-03
8.952188689305891692e-03
8.953509043370536449e-03
8.954739702162288137e-03
8.955767459341335696e-03
8.956559465212145937e-03
8.957123171332868894e-03
8.957478574425917911e-03
8.957643720315164662e-03
8.957628509167073552e-03
8.957432631820300487e-03
8.957045613455380528e-03
8.956448993140722972e-03
8.955622843911274084e-03
8.954561422519843536e-03
8.953304046421887638e-03
8.951979886906260772e-03
8.950836916805666316e-03
8.950188939101388214e-03
8.950253479794705730e-03
8.951002565356764445e-03
8.952188689305697403e-03
8.953509043370288384e-03
8.954739702162217013e-03
8.955767459341379064e-03
8.956559465212289919e-03
8.957123171332870629e-03
8.957478574426188528e-03
8.957643720315461300e-03
8.957628509167276515e-03
8.957432631820435795e-03
8.957045613455264302e-03
8.956448993140665726e-03
8.955622843911350411e-03
8.954561422519885169e-03
8.953304046421986517e-03
8.951979886906418632e-03
8.950836916805713153e-03
8.950188939101509644e-03
8.950253479794676240e-03
8.951002565356927509e-03
8.952188689305742506e-03
8.953509043370395937e-03
8.954739702162310688e-03
