8.959274399571576925e-03
8.959936813423337310e-03
8.960554001353628062e-03
8.961099587935117405e-03
8.961555628849912636e-03
8.961907723031741976e-03
8.962141608549465885e-03
8.962240682995835026e-03
8.962184389544911728e-03
8.961948272671703755e-03
8.961508022588051195e-03
8.960851875146329248e-03
8.960005654977429984e-03
8.959064518143669553e-03
8.958200348850493128e-03
8.957605671950140055e-03
8.957396241300612585e-03
8.957562183100571673e-03
8.958005646842225403e-03
8.958608616157742732e-03
8.959274399571530087e-03
8.959936813423292207e-03
8.960554001353572551e-03
8.961099587935106997e-03
8.961555628849943861e-03
8.961907723031778406e-03
8.962141608549425986e-03
8.962240682995737881e-03
8.962184389544826726e-03
8.961948272671580590e-03
8.961508022587945377e-03
8.960851875146164450e-03
8.960005654977317227e-03
8.959064518143556796e-03
8.958200348850616293e-03
8.957605671950327406e-03
8.957396241300855447e-03
8.957562183100644532e-03
8.958005646842332956e-03
8.958608616157798243e-03
8.959274399571573455e-03
8.959936813423375473e-03
8.960554001353669695e-03
8.961099587935207611e-03
8.961555628849997637e-03
8.961907723031820039e-03
8.962141608549387822e-03
8.962240682995829821e-03
8.962184389544828461e-03
8.961948272671611815e-03
8.961508022587938438e-03
8.960851875146240778e-03
8.960005654977324166e-03
8.959064518143454448e-03
8.958200348850402922e-03
8.957605671950183424e-03
8.957396241300688913e-03
8.957562183100479733e-03
8.958005646842147340e-03
8.958608616157647322e-03
8.959274399571455494e-03
8.959936813423281798e-03
8.960554001353579490e-03
8.961099587935134753e-03
8.961555628849954269e-03
8.961907723031780140e-03
8.962141608549455477e-03
8.962240682995836760e-03
8.962184389544968974e-03
8.961948272671743654e-03
8.961508022588153544e-03
8.960851875146464557e-03
8.960005654977509781e-03
8.959064518143688635e-03
8.958200348850609354e-03
8.957605671950429754e-03
8.957396241300994225e-03
8.957562183100795453e-03
8.958005646842516836e-03
8.958608616158008145e-03
8.959274399571778152e-03
8.959936813423550681e-03
8.960554001353759901e-03
8.961099587935273530e-03
8.961555628850113864e-03
8.961907723031911979e-03
8.962141608549582111e-03
8.962240682995991151e-03
8.962184389545048771e-03
8.961948272671799165e-03
8.961508022588063338e-03
8.960851875146294554e-03
8.960005654977376208e-03
8.959064518143546388e-03
8.958200348850503536e-03
8.957605671950275364e-03
8.957396241300737486e-03
8.957562183100582082e-03
8.958005646842303465e-03
8.958608616157884980e-03
