8.954910851328976018e-03
8.954947484668990265e-03
8.954990048157080232e-03
8.955034748952588053e-03
8.955078128116479227e-03
8.955117063783362558e-03
8.955148726020318098e-03
8.955170556438150908e-03
8.955180327369551690e-03
8.955176325027867923e-03
8.955157684241011121e-03
8.955124855582896268e-03
8.955080089720559786e-03
8.955027696982689397e-03
8.954973776821355258e-03
8.954925251941782405e-03
8.954888411830072906e-03
8.954867535158193836e-03
8.954864177541814463e-03
8.954877323129911693e-03
8.954904135826183276e-03
8.954940856096355040e-03
8.954983506262075357e-03
8.955028292959150288e-03
8.955071756790318124e-03
8.955110775494748779e-03
8.955142518798153012e-03
8.955164428018762626e-03
8.955174275250648436e-03
8.955170346542773788e-03
8.955151776670743080e-03
8.955119016320099018e-03
8.955074316484167365e-03
8.955021988053604720e-03
8.954968131235047785e-03
8.954919669558473322e-03
8.954882893232580729e-03
8.954862081395719223e-03
8.954858789804370778e-03
8.954872002454351831e-03
8.954898882899541002e-03
8.954935671167103470e-03
8.954978389132664182e-03
8.955023243022559865e-03
8.955066773081096776e-03
8.955105856738126285e-03
8.955137663452329699e-03
8.955159634313090630e-03
8.955169541227828850e-03
8.955165670116909185e-03
8.955147155715041662e-03
8.955114448795068946e-03
8.955069800605546665e-03
8.955017522476729427e-03
8.954963715205424210e-03
8.954915302966780927e-03
8.954878576534678822e-03
8.954857815412354052e-03
8.954854575466342920e-03
8.954867840572722573e-03
8.954894774011705125e-03
8.954931615467422862e-03
8.954974386466618350e-03
8.955019292915354992e-03
8.955062874777500181e-03
8.955102009241046671e-03
8.955133865555747405e-03
8.955155884632000698e-03
8.955165838231200770e-03
8.955162012173145322e-03
8.955143541160550877e-03
8.955110876034533610e-03
8.955066268243315822e-03
8.955014029460986458e-03
8.954960260946010983e-03
8.954911887378184249e-03
8.954875199973471103e-03
8.954854478520485328e-03
8.954851278971935613e-03
8.954864585110198019e-03
8.954891560001407638e-03
8.954928443061376669e-03
8.954971255543967001e-03
8.955016203104682049e-03
8.955059825488118422e-03
8.955098999692968909e-03
8.955130894805634484e-03
8.955152951596481378e-03
8.955162941712687882e-03
8.955159150895390663e-03
8.955140713822288059e-03
8.955108081387873689e-03
8.955063505196588641e-03
8.955011297191440428e-03
8.954957558992029248e-03
8.954909215672865463e-03
8.954872558795736251e-03
8.954851868372486548e-03
8.954848700423208643e-03
8.954862038656991735e-03
