8.954551780116309923e-03
8.955018460530237562e-03
8.955457515291311357e-03
8.955838470603345175e-03
8.956139518482373468e-03
8.956345155786232110e-03
8.956444102575518429e-03
8.956428027245874612e-03
8.956291483559582906e-03
8.956033491240526084e-03
8.955661128592988865e-03
8.955194940910174081e-03
8.954674432324831457e-03
8.954159612320447548e-03
8.953723623510817867e-03
8.953435250261423603e-03
8.953338206112810768e-03
8.953438860799019933e-03
8.953708806060677733e-03
8.954098326933451410e-03
8.954551780116466048e-03
8.955018460530331237e-03
8.955457515291410237e-03
8.955838470603457932e-03
8.956139518482413367e-03
8.956345155786296294e-03
8.956444102575501082e-03
8.956428027245801754e-03
8.956291483559428515e-03
8.956033491240229447e-03
8.955661128592746004e-03
8.955194940909917342e-03
8.954674432324833191e-03
8.954159612320327852e-03
8.953723623510736335e-03
8.953435250261362888e-03
8.953338206112659847e-03
8.953438860798797888e-03
8.953708806060547629e-03
8.954098326933255386e-03
8.954551780116320331e-03
8.955018460530211541e-03
8.955457515291267989e-03
8.955838470603254969e-03
8.956139518482317957e-03
8.956345155786216497e-03
8.956444102575546184e-03
8.956428027245803489e-03
8.956291483559468414e-03
8.956033491240486186e-03
8.955661128593013151e-03
8.955194940910174081e-03
8.954674432324923397e-03
8.954159612320411119e-03
8.953723623510691232e-03
8.953435250261373296e-03
8.953338206112776074e-03
8.953438860798844726e-03
8.953708806060641304e-03
8.954098326933328245e-03
8.954551780116387985e-03
8.955018460530225419e-03
8.955457515291356460e-03
8.955838470603326093e-03
8.956139518482437653e-03
8.956345155786317111e-03
8.956444102575476796e-03
8.956428027245826040e-03
8.956291483559588110e-03
8.956033491240442818e-03
8.955661128592824066e-03
8.955194940909997139e-03
8.954674432324774211e-03
8.954159612320279280e-03
8.953723623510602761e-03
8.953435250261303907e-03
8.953338206112774339e-03
8.953438860798858603e-03
8.953708806060629161e-03
8.954098326933274468e-03
8.954551780116308188e-03
8.955018460530166438e-03
8.955457515291278398e-03
8.955838470603339971e-03
8.956139518482364795e-03
8.956345155786216497e-03
8.956444102575488939e-03
8.956428027245775733e-03
8.956291483559397290e-03
8.956033491240298836e-03
8.955661128592815393e-03
8.955194940909908669e-03
8.954674432324772476e-03
8.954159612320343464e-03
8.953723623510583679e-03
8.953435250261173803e-03
8.953338206112651174e-03
8.953438860798842991e-03
8.953708806060547629e-03
8.954098326933251917e-03
