8.954439575171946331e-03
8.954508494486245265e-03
8.954586038860319966e-03
8.954665910965787720e-03
8.954742812994702719e-03
8.954812133255376713e-03
8.954869625293522539e-03
8.954911175005974416e-03
8.954932725085032463e-03
8.954930453780055033e-03
8.954901350180323460e-03
8.954844319837125532e-03
8.954761760867043299e-03
8.954661053221438585e-03
8.954554792553933926e-03
8.954458641098433230e-03
8.954387063206418682e-03
8.954349107479626230e-03
8.954346649740903621e-03
8.954375608633362987e-03
8.954428669720390643e-03
8.954497762955003493e-03
8.954575480598107526e-03
8.954655523927691763e-03
8.954732594021439646e-03
8.954802078271663010e-03
8.954859729428799389e-03
8.954901432661080060e-03
8.954923129979931382e-03
8.954920999034035947e-03
8.954892028499162118e-03
8.954835123901190921e-03
8.954752683995353263e-03
8.954652090277209764e-03
8.954545940844403640e-03
8.954449900835279377e-03
8.954378437173704172e-03
8.954340599967377731e-03
8.954338265223628704e-03
8.954367350727810912e-03
8.954420540665994008e-03
8.954489763542846509e-03
8.954567610342805892e-03
8.954647781304867632e-03
8.954724976676160797e-03
8.954794583166152816e-03
8.954852352932486312e-03
8.954894170600273193e-03
8.954915977673413505e-03
8.954913951352852508e-03
8.954885080006125958e-03
8.954828269140109251e-03
8.954745917986181927e-03
8.954645409190940472e-03
8.954539342673805205e-03
8.954443385738147451e-03
8.954372007225302327e-03
8.954334258365552468e-03
8.954332015303720707e-03
8.954361195185804242e-03
8.954414481171159290e-03
8.954483800684932479e-03
8.954561743759914538e-03
8.954642009860749874e-03
8.954719298615432602e-03
8.954788996224389425e-03
8.954846854403446244e-03
8.954888757372859998e-03
8.954910646258164991e-03
8.954908697926578648e-03
8.954879900515872598e-03
8.954823159518818937e-03
8.954740874521636626e-03
8.954640429028954546e-03
8.954534424318167513e-03
8.954438529306451428e-03
8.954367214264510183e-03
8.954329531259354671e-03
8.954327356538345495e-03
8.954356606770859373e-03
8.954409964350937626e-03
8.954479355898992132e-03
8.954557370738558050e-03
8.954637707757003712e-03
8.954715066120768827e-03
8.954784831650929033e-03
8.954842755733884510e-03
8.954884722288117965e-03
8.954906672157210423e-03
8.954904781959557511e-03
8.954876039661654671e-03
8.954819350745761575e-03
8.954737115062611288e-03
8.954636716756397483e-03
8.954530758116814593e-03
8.954434909263942616e-03
8.954363641533968216e-03
8.954326007617634253e-03
8.954323883838653450e-03
8.954353186511202281e-03
