9.515345815743821156e-02
9.743057575359674594e-02
9.881020940872049796e-02
9.918448213013388026e-02
9.855379181308994430e-02
9.701269331721269762e-02
9.472885605114372831e-02
9.192104606149749391e-02
8.883979082965276497e-02
8.575163953845836573e-02
8.292559881041251801e-02
8.061896606826964018e-02
7.905975147940608183e-02
7.842435565324050450e-02
7.881201661876567621e-02
8.022101422441482721e-02
8.253424497626210554e-02
8.552177639907353190e-02
8.886436323100026236e-02
9.219553223309787104e-02
9.515345816323254879e-02
9.743057575896885147e-02
9.881020941364287991e-02
9.918448213460785701e-02
9.855379181710258174e-02
9.701269332077945562e-02
9.472885605429443023e-02
9.192104606425369195e-02
8.883979083205796601e-02
8.575163954055170512e-02
8.292559881224847995e-02
8.061896606987474512e-02
7.905975148082976245e-02
7.842435565451055801e-02
7.881201661992733032e-02
8.022101422548233440e-02
8.253424497725507514e-02
8.552177640000102610e-02
8.886436323187316133e-02
9.219553223392748520e-02
9.515345816400287704e-02
9.743057575969005235e-02
9.881020941431907512e-02
9.918448213522590429e-02
9.855379181765459851e-02
9.701269332127092360e-02
9.472885605472376735e-02
9.192104606462947469e-02
8.883979083238728591e-02
8.575163954084104312e-02
8.292559881250580189e-02
8.061896607010714255e-02
7.905975148103243366e-02
7.842435565470018410e-02
7.881201662009765241e-02
8.022101422563887585e-02
8.253424497739611509e-02
8.552177640014321791e-02
8.886436323200344600e-02
9.219553223404182429e-02
9.515345816411956148e-02
9.743057575979408025e-02
9.881020941441115424e-02
9.918448213530613178e-02
9.855379181772855324e-02
9.701269332133868883e-02
9.472885605477084081e-02
9.192104606467266237e-02
8.883979083242157793e-02
8.575163954087619556e-02
8.292559881252362097e-02
8.061896607012641880e-02
7.905975148104679717e-02
7.842435565471220227e-02
7.881201662010685338e-02
8.022101422564904827e-02
8.253424497741645993e-02
8.552177640016281335e-02
8.886436323202871745e-02
9.219553223406273812e-02
9.515345816412786040e-02
9.743057575979523210e-02
9.881020941441029382e-02
9.918448213530631219e-02
9.855379181773045449e-02
9.701269332134915269e-02
9.472885605478462145e-02
9.192104606469274353e-02
8.883979083243678798e-02
8.575163954087822171e-02
8.292559881252828391e-02
8.061896607011607985e-02
7.905975148104442407e-02
7.842435565471475578e-02
7.881201662011286246e-02
8.022101422565189321e-02
8.253424497741171373e-02
8.552177640014950455e-02
8.886436323200810894e-02
9.219553223405040077e-02
