8.884530267086492017e-02
8.884543398352988397e-02
8.884395535032416080e-02
8.884102255019891980e-02
8.883691948325518617e-02
8.883203170917511327e-02
8.882681473478354350e-02
8.882175794398315671e-02
8.881734464533412587e-02
8.881400925651632139e-02
8.881209407903875586e-02
8.881180998286822281e-02
8.881320687931451574e-02
8.881616021802116179e-02
8.882037826485442156e-02
8.882543154006698749e-02
8.883080130947570985e-02
8.883593982066430306e-02
8.884033255906820248e-02
8.884355297097119852e-02
8.884530267082907384e-02
8.884543398352331978e-02
8.884395535033656754e-02
8.884102255018287708e-02
8.883691948324833054e-02
8.883203170917484959e-02
8.882681473477531398e-02
8.882175794391564128e-02
8.881734464532503592e-02
8.881400925653536171e-02
8.881209407904673558e-02
8.881180998287481476e-02
8.881320687927414526e-02
8.881616021804812633e-02
8.882037826485499055e-02
8.882543154007932484e-02
8.883080130945254782e-02
8.883593982065467187e-02
8.884033255906635673e-02
8.884355297096059589e-02
8.884530267083246002e-02
8.884543398351306409e-02
8.884395535032549307e-02
8.884102255018884453e-02
8.883691948324833054e-02
8.883203170917663982e-02
8.882681473480226464e-02
8.882175794389673973e-02
8.881734464531669537e-02
8.881400925654604761e-02
8.881209407904007425e-02
8.881180998285660710e-02
8.881320687928558055e-02
8.881616021805849304e-02
8.882037826486056942e-02
8.882543154005914654e-02
8.883080130944198682e-02
8.883593982064783012e-02
8.884033255906688409e-02
8.884355297098094073e-02
8.884530267082668686e-02
8.884543398349840915e-02
8.884395535032761637e-02
8.884102255017833905e-02
8.883691948324833054e-02
8.883203170918349545e-02
8.882681473480184831e-02
8.882175794390054224e-02
8.881734464534418727e-02
8.881400925654045486e-02
8.881209407903922770e-02
8.881180998283222383e-02
8.881320687931325286e-02
8.881616021801221061e-02
8.882037826484687204e-02
8.882543154007005448e-02
8.883080130942228037e-02
8.883593982062866490e-02
8.884033255904461024e-02
8.884355297095852810e-02
8.884530267083202981e-02
8.884543398352413857e-02
8.884395535032896252e-02
8.884102255019959982e-02
8.883691948325277143e-02
8.883203170919833080e-02
8.882681473482240131e-02
8.882175794390237411e-02
8.881734464533302953e-02
8.881400925654310552e-02
8.881209407906114073e-02
8.881180998288769335e-02
8.881320687930573110e-02
8.881616021802718475e-02
8.882037826484340259e-02
8.882543154005706487e-02
8.883080130943286912e-02
8.883593982064347250e-02
8.884033255904862092e-02
8.884355297095079818e-02
