8.907026022474122395e-02
8.905674704238668304e-02
8.902628682625983447e-02
8.898281083699656480e-02
8.892942315909775630e-02
8.886866184904398946e-02
8.880301642167046094e-02
8.873554725506999086e-02
8.867049731539529411e-02
8.861373742568887102e-02
8.857275766192787558e-02
8.855579514405056973e-02
8.856978024259964943e-02
8.861735580456678307e-02
8.869424172498169279e-02
8.878887933716915482e-02
8.888541743195534084e-02
8.896878754555845314e-02
8.902896608718258165e-02
8.906232485542725508e-02
8.907026022471968563e-02
8.905674704237079298e-02
8.902628682625578216e-02
8.898281083698086902e-02
8.892942315910713769e-02
8.886866184905183041e-02
8.880301642166706089e-02
8.873554725505503060e-02
8.867049731540221913e-02
8.861373742570378964e-02
8.857275766189932897e-02
8.855579514405094443e-02
8.856978024261889793e-02
8.861735580457917594e-02
8.869424172498560632e-02
8.878887933715638725e-02
8.888541743195607636e-02
8.896878754560455516e-02
8.902896608718340044e-02
8.906232485543989774e-02
8.907026022470763971e-02
8.905674704233854100e-02
8.902628682621692435e-02
8.898281083692710647e-02
8.892942315907259587e-02
8.886866184904833321e-02
8.880301642167508225e-02
8.873554725506629937e-02
8.867049731541348789e-02
8.861373742568950940e-02
8.857275766191120836e-02
8.855579514404071650e-02
8.856978024260121762e-02
8.861735580459834116e-02
8.869424172499164316e-02
8.878887933715071124e-02
8.888541743198299927e-02
8.896878754561168834e-02
8.902896608718913196e-02
8.906232485545688415e-02
8.907026022474587301e-02
8.905674704238134010e-02
8.902628682622822087e-02
8.898281083696969740e-02
8.892942315910658257e-02
8.886866184906037913e-02
8.880301642169108334e-02
8.873554725505541918e-02
8.867049731536245927e-02
8.861373742569472745e-02
8.857275766188976718e-02
8.855579514403212615e-02
8.856978024255179882e-02
8.861735580458691974e-02
8.869424172498560632e-02
8.878887933712409364e-02
8.888541743196534672e-02
8.896878754557949187e-02
8.902896608720639593e-02
8.906232485546537736e-02
8.907026022477128324e-02
8.905674704237237505e-02
8.902628682622265588e-02
8.898281083695573634e-02
8.892942315910647155e-02
8.886866184905500843e-02
8.880301642170457255e-02
8.873554725505941598e-02
8.867049731538599600e-02
8.861373742574531198e-02
8.857275766189659505e-02
8.855579514402690811e-02
8.856978024255068860e-02
8.861735580458458827e-02
8.869424172498560632e-02
8.878887933715080838e-02
8.888541743194464106e-02
8.896878754558462665e-02
8.902896608719008953e-02
8.906232485544744726e-02
