8.887644811676440049e-02
8.887407660600936399e-02
8.886734148530339716e-02
8.885693416284226598e-02
8.884386432184540605e-02
8.882936493135513978e-02
8.881478904176917655e-02
8.880150198204801726e-02
8.879077063534467074e-02
8.878365232313978339e-02
8.878088925039848145e-02
8.878281917468469620e-02
8.878931686554963898e-02
8.879978162044928347e-02
8.881318184924301418e-02
8.882815838845750656e-02
8.884317590511577045e-02
8.885670036311155151e-02
8.886737421724455466e-02
8.887416213621852912e-02
8.887644811676584378e-02
8.887407660600608883e-02
8.886734148531304223e-02
8.885693416284576318e-02
8.884386432182861393e-02
8.882936493135537570e-02
8.881478904174396061e-02
8.880150198206857026e-02
8.879077063533329095e-02
8.878365232314583411e-02
8.878088925037488921e-02
8.878281917467675810e-02
8.878931686553211133e-02
8.879978162040935707e-02
8.881318184922741554e-02
8.882815838843514944e-02
8.884317590509922813e-02
8.885670036309563369e-02
8.886737421726190189e-02
8.887416213620097372e-02
8.887644811677455903e-02
8.887407660602260340e-02
8.886734148532635102e-02
8.885693416283295398e-02
8.884386432184690485e-02
8.882936493137010003e-02
8.881478904172880606e-02
8.880150198205843948e-02
8.879077063536122694e-02
8.878365232316588751e-02
8.878088925038993273e-02
8.878281917468301698e-02
8.878931686555434355e-02
8.879978162044488421e-02
8.881318184923302217e-02
8.882815838845853351e-02
8.884317590511404961e-02
8.885670036309951947e-02
8.886737421727605724e-02
8.887416213622337247e-02
8.887644811676692624e-02
8.887407660600570025e-02
8.886734148528736832e-02
8.885693416284537460e-02
8.884386432182861393e-02
8.882936493135511202e-02
8.881478904174418265e-02
8.880150198203892731e-02
8.879077063535194270e-02
8.878365232314805455e-02
8.878088925040245050e-02
8.878281917467771567e-02
8.878931686555507907e-02
8.879978162040431944e-02
8.881318184924825998e-02
8.882815838845979639e-02
8.884317590511933704e-02
8.885670036309786801e-02
8.886737421726534358e-02
8.887416213620225047e-02
8.887644811676344292e-02
8.887407660602546222e-02
8.886734148529468191e-02
8.885693416283803325e-02
8.884386432184690485e-02
8.882936493136622813e-02
8.881478904177840528e-02
8.880150198205022383e-02
8.879077063536452985e-02
8.878365232316647038e-02
8.878088925038885026e-02
8.878281917465474793e-02
8.878931686556190694e-02
8.879978162043795920e-02
8.881318184923223114e-02
8.882815838844716760e-02
8.884317590511565943e-02
8.885670036309549491e-02
8.886737421728671538e-02
8.887416213620925876e-02
