8.920684965139490108e-02
8.921968619810506651e-02
8.922448661603346598e-02
8.922169751805310300e-02
8.921134061876906385e-02
8.919321430459976885e-02
8.916709710107949272e-02
8.913301017537911264e-02
8.909162717560212275e-02
8.904491241380467492e-02
8.899696609302215622e-02
8.895472973085619128e-02
8.892760296056356761e-02
8.892467264448505881e-02
8.894963035066953683e-02
8.899694545116100530e-02
8.905400317901412954e-02
8.910821655695781718e-02
8.915241759273882793e-02
8.918493643851652108e-02
8.920684965142165745e-02
8.921968619807552070e-02
8.922448661602661035e-02
8.922169751808710358e-02
8.921134061877773747e-02
8.919321430463224287e-02
8.916709710110483356e-02
8.913301017540216364e-02
8.909162717560173417e-02
8.904491241376751021e-02
8.899696609300593309e-02
8.895472973083633217e-02
8.892760296055318703e-02
8.892467264448984665e-02
8.894963035066953683e-02
8.899694545117274591e-02
8.905400317897320395e-02
8.910821655699874277e-02
8.915241759276275324e-02
8.918493643856181818e-02
8.920684965141520428e-02
8.921968619810506651e-02
8.922448661603171738e-02
8.922169751806523219e-02
8.921134061876906385e-02
8.919321430460623590e-02
8.916709710109370357e-02
8.913301017538394211e-02
8.909162717557284061e-02
8.904491241380510513e-02
8.899696609305247919e-02
8.895472973085619128e-02
8.892760296052248936e-02
8.892467264447527497e-02
8.894963035066953683e-02
8.899694545117310673e-02
8.905400317897876894e-02
8.910821655694521615e-02
8.915241759275646660e-02
8.918493643848893204e-02
8.920684965139624722e-02
8.921968619807660317e-02
8.922448661602661035e-02
8.922169751806503790e-02
8.921134061876906385e-02
8.919321430461614464e-02
8.916709710110483356e-02
8.913301017541254423e-02
8.909162717559793165e-02
8.904491241382460343e-02
8.899696609304234840e-02
8.895472973083964896e-02
8.892760296055318703e-02
8.892467264449320508e-02
8.894963035066953683e-02
8.899694545118193301e-02
8.905400317897640972e-02
8.910821655695674859e-02
8.915241759274346312e-02
8.918493643848780794e-02
8.920684965141520428e-02
8.921968619810505263e-02
8.922448661604177877e-02
8.922169751805310300e-02
8.921134061876906385e-02
8.919321430460623590e-02
8.916709710108750020e-02
8.913301017538377558e-02
8.909162717563100242e-02
8.904491241380263489e-02
8.899696609304545702e-02
8.895472973084575519e-02
8.892760296056362312e-02
8.892467264448505881e-02
8.894963035066953683e-02
8.899694545117310673e-02
8.905400317897697871e-02
8.910821655695416732e-02
8.915241759271179400e-02
8.918493643851610475e-02
