8.912863084216403331e-02
8.913322620702024413e-02
8.910805345332827032e-02
8.905587332907025089e-02
8.898196074371889086e-02
8.889352658017492248e-02
8.879902243228918191e-02
8.870739118644963006e-02
8.862730739504157129e-02
8.856643906351785445e-02
8.853076217721650432e-02
8.852397040521342575e-02
8.854703860905410728e-02
8.859800987092442126e-02
8.867207104666842421e-02
8.876195454634590309e-02
8.885865518849915545e-02
8.895239105705186888e-02
8.903368366877770224e-02
8.909440331108660349e-02
8.912863084215519316e-02
8.913322620702347765e-02
8.910805345334242566e-02
8.905587332908104781e-02
8.898196074368487640e-02
8.889352658017991848e-02
8.879902243227186243e-02
8.870739118643164445e-02
8.862730739503385524e-02
8.856643906350772366e-02
8.853076217720999563e-02
8.852397040520892935e-02
8.854703860906966428e-02
8.859800987093002789e-02
8.867207104667676476e-02
8.876195454634049076e-02
8.885865518848824751e-02
8.895239105704924598e-02
8.903368366877700835e-02
8.909440331109055866e-02
8.912863084215991161e-02
8.913322620702114618e-02
8.910805345334806005e-02
8.905587332907832776e-02
8.898196074370688657e-02
8.889352658018477571e-02
8.879902243226042713e-02
8.870739118646323029e-02
8.862730739505578215e-02
8.856643906352747175e-02
8.853076217720770580e-02
8.852397040519512095e-02
8.854703860907989221e-02
8.859800987092969482e-02
8.867207104669161399e-02
8.876195454635089910e-02
8.885865518850141753e-02
8.895239105705851634e-02
8.903368366879685358e-02
8.909440331110871081e-02
8.912863084217004239e-02
8.913322620702014698e-02
8.910805345334751881e-02
8.905587332907215214e-02
8.898196074371672593e-02
8.889352658020346909e-02
8.879902243228045278e-02
8.870739118646113475e-02
8.862730739505333966e-02
8.856643906353023343e-02
8.853076217721723984e-02
8.852397040519807692e-02
8.854703860907162105e-02
8.859800987093489899e-02
8.867207104666903483e-02
8.876195454634845661e-02
8.885865518848784506e-02
8.895239105704322302e-02
8.903368366875522022e-02
8.909440331108926803e-02
8.912863084216807175e-02
8.913322620701977228e-02
8.910805345333973337e-02
8.905587332905777476e-02
8.898196074369976727e-02
8.889352658020367726e-02
8.879902243228568470e-02
8.870739118646171761e-02
8.862730739504552646e-02
8.856643906352520967e-02
8.853076217720572128e-02
8.852397040519249805e-02
8.854703860906480706e-02
8.859800987093083280e-02
8.867207104666742501e-02
8.876195454634092097e-02
8.885865518850505351e-02
8.895239105707247740e-02
8.903368366875617779e-02
8.909440331109202971e-02
