8.891321013368436166e-02
8.890878067240565175e-02
8.889663244851531143e-02
8.887801922149186906e-02
8.885475802127856815e-02
8.882905396323818870e-02
8.880331165448525355e-02
8.877994140155832936e-02
8.876116411194150124e-02
8.874881919690026655e-02
8.874418477788365012e-02
8.874782706688109923e-02
8.875950249210384779e-02
8.877813789950748935e-02
8.880190783238432750e-02
8.882841287255650864e-02
8.885494242904912188e-02
8.887878545552928278e-02
8.889754047399917036e-02
8.890937662506433192e-02
8.891321013367939341e-02
8.890878067240338967e-02
8.889663244850025403e-02
8.887801922149043965e-02
8.885475802127856815e-02
8.882905396323818870e-02
8.880331165448739072e-02
8.877994140156382497e-02
8.876116411194369393e-02
8.874881919690687238e-02
8.874418477788344195e-02
8.874782706686881739e-02
8.875950249213518384e-02
8.877813789948975354e-02
8.880190783238557650e-02
8.882841287255745233e-02
8.885494242903417550e-02
8.887878545553463960e-02
8.889754047400665049e-02
8.890937662507737704e-02
8.891321013369429815e-02
8.890878067239910143e-02
8.889663244850473656e-02
8.887801922146000566e-02
8.885475802126477363e-02
8.882905396323456659e-02
8.880331165447062636e-02
8.877994140155022473e-02
8.876116411192430666e-02
8.874881919691739174e-02
8.874418477788201254e-02
8.874782706687747713e-02
8.875950249214696608e-02
8.877813789949766388e-02
8.880190783235955565e-02
8.882841287254299167e-02
8.885494242903697881e-02
8.887878545551840259e-02
8.889754047398198966e-02
8.890937662507314432e-02
8.891321013367291248e-02
8.890878067240554072e-02
8.889663244850588841e-02
8.887801922146210121e-02
8.885475802127007494e-02
8.882905396323341474e-02
8.880331165447089004e-02
8.877994140156544867e-02
8.876116411192366829e-02
8.874881919692347021e-02
8.874418477788230397e-02
8.874782706686755451e-02
8.875950249213189480e-02
8.877813789948163503e-02
8.880190783238502139e-02
8.882841287255738294e-02
8.885494242904061479e-02
8.887878545552155285e-02
8.889754047399525683e-02
8.890937662507882033e-02
8.891321013369199444e-02
8.890878067239346705e-02
8.889663244851427060e-02
8.887801922145630029e-02
8.885475802124440103e-02
8.882905396322908487e-02
8.880331165449154018e-02
8.877994140154506220e-02
8.876116411193188394e-02
8.874881919692245713e-02
8.874418477787349158e-02
8.874782706688515155e-02
8.875950249214373255e-02
8.877813789951349843e-02
8.880190783237271179e-02
8.882841287253216700e-02
8.885494242900181250e-02
8.887878545552227449e-02
8.889754047400459658e-02
8.890937662507658601e-02
