9.237790422187268369e-02
9.246607767254913512e-02
9.219442799487595486e-02
9.161836752536069162e-02
9.081239036671129305e-02
8.985719123982661982e-02
8.883216679674667271e-02
8.781307367880468451e-02
8.687300265986860892e-02
8.608413159215970445e-02
8.551765431369449943e-02
8.523970794255364414e-02
8.530219113281854726e-02
8.572933090211690144e-02
8.650355444309518194e-02
8.755657543256512021e-02
8.877176654523309673e-02
9.000053667573140737e-02
9.108945016813217721e-02
9.190951598142731160e-02
9.237790422185825079e-02
9.246607767252154608e-02
9.219442799485129403e-02
9.161836752534256723e-02
9.081239036670642195e-02
8.985719123981832090e-02
8.883216679671171456e-02
8.781307367879784276e-02
8.687300265989680859e-02
8.608413159215894117e-02
8.551765431365720982e-02
8.523970794250046445e-02
8.530219113280264331e-02
8.572933090213390173e-02
8.650355444310282860e-02
8.755657543257086561e-02
8.877176654527141331e-02
9.000053667578587768e-02
9.108945016815046813e-02
9.190951598144936341e-02
9.237790422188335571e-02
9.246607767253790799e-02
9.219442799488682116e-02
9.161836752536649253e-02
9.081239036671762133e-02
8.985719123982763290e-02
8.883216679670544180e-02
8.781307367880264447e-02
8.687300265990227643e-02
8.608413159215969057e-02
8.551765431367455705e-02
8.523970794249473293e-02
8.530219113281019283e-02
8.572933090215396901e-02
8.650355444311318143e-02
8.755657543258216213e-02
8.877176654524726596e-02
9.000053667575647065e-02
9.108945016814527784e-02
9.190951598141768042e-02
9.237790422185389316e-02
9.246607767254746979e-02
9.219442799486955720e-02
9.161836752533492056e-02
9.081239036672278386e-02
8.985719123980623335e-02
8.883216679673361371e-02
8.781307367882851267e-02
8.687300265989392201e-02
8.608413159214456378e-02
8.551765431367842896e-02
8.523970794250788907e-02
8.530219113279770282e-02
8.572933090214390761e-02
8.650355444310782460e-02
8.755657543257681918e-02
8.877176654526369726e-02
9.000053667580112937e-02
9.108945016816140383e-02
9.190951598145009893e-02
9.237790422189015582e-02
9.246607767256236066e-02
9.219442799488604401e-02
9.161836752535940098e-02
9.081239036673245668e-02
8.985719123981268652e-02
8.883216679671440685e-02
8.781307367876377279e-02
8.687300265985012371e-02
8.608413159217605248e-02
8.551765431369763582e-02
8.523970794250713967e-02
8.530219113280573806e-02
8.572933090213616381e-02
8.650355444309348885e-02
8.755657543258189845e-02
8.877176654526706956e-02
9.000053667576805860e-02
9.108945016815406248e-02
9.190951598146583634e-02
