9.945713652933918514e-02
9.918688199559796970e-02
9.792192111897914109e-02
9.599634102238421840e-02
9.370159289624746535e-02
9.124605381560799144e-02
8.875914001376770945e-02
8.631970604393313096e-02
8.399302138381938010e-02
8.186768926139922908e-02
8.008710680279049199e-02
7.886728875904694402e-02
7.848567676031908968e-02
7.922125737302659898e-02
8.123925445063248652e-02
8.445446362315249533e-02
8.845586493440679710e-02
9.257372439982855528e-02
9.608568111245471832e-02
9.845298969996359173e-02
9.945713652937382410e-02
9.918688199557386398e-02
9.792192111893155415e-02
9.599634102237972200e-02
9.370159289625629162e-02
9.124605381563399842e-02
8.875914001380796892e-02
8.631970604397866398e-02
8.399302138378951510e-02
8.186768926136626934e-02
8.008710680278556537e-02
7.886728875907897396e-02
7.848567676037435104e-02
7.922125737305153736e-02
8.123925445064442141e-02
8.445446362315561784e-02
8.845586493439953901e-02
9.257372439984128121e-02
9.608568111244007726e-02
9.845298969992986871e-02
9.945713652933931004e-02
9.918688199559164143e-02
9.792192111898564977e-02
9.599634102238249755e-02
9.370159289625148991e-02
9.124605381559794393e-02
8.875914001377602225e-02
8.631970604393487956e-02
8.399302138379376170e-02
8.186768926137649727e-02
8.008710680277754401e-02
7.886728875909314318e-02
7.848567676034728935e-02
7.922125737301803639e-02
8.123925445062359085e-02
8.445446362313556443e-02
8.845586493438861719e-02
9.257372439982404499e-02
9.608568111243775967e-02
9.845298969990770588e-02
9.945713652933058091e-02
9.918688199556099927e-02
9.792192111894842954e-02
9.599634102235482525e-02
9.370159289623991583e-02
9.124605381562221618e-02
8.875914001381880747e-02
8.631970604394821611e-02
8.399302138378723914e-02
8.186768926134818658e-02
8.008710680275915594e-02
7.886728875904804037e-02
7.848567676034379215e-02
7.922125737302068704e-02
8.123925445061384865e-02
8.445446362314788791e-02
8.845586493439509812e-02
9.257372439981656487e-02
9.608568111241209964e-02
9.845298969991182758e-02
9.945713652933142745e-02
9.918688199557827712e-02
9.792192111898419260e-02
9.599634102240375833e-02
9.370159289626836530e-02
9.124605381559824924e-02
8.875914001382241569e-02
8.631970604394134661e-02
8.399302138376602000e-02
8.186768926136141211e-02
8.008710680275997473e-02
7.886728875905733849e-02
7.848567676033965657e-02
7.922125737303389870e-02
8.123925445064525408e-02
8.445446362316710864e-02
8.845586493438141462e-02
9.257372439980375567e-02
9.608568111243048770e-02
9.845298969992405391e-02
