8.935095595342985864e-02
8.933570313660744999e-02
8.931315644918798313e-02
8.928450229273615646e-02
8.924898617281128155e-02
8.920497807310422134e-02
8.915053941431433371e-02
8.908389915586467644e-02
8.900424258904714170e-02
8.891328900075320951e-02
8.881812939022132314e-02
8.873507028441737776e-02
8.869152000919311440e-02
8.871848006995040892e-02
8.882823087405818108e-02
8.899273026162077271e-02
8.915531684545786872e-02
8.927179723637318487e-02
8.933324902305871118e-02
8.935388054685136638e-02
8.935095595322990747e-02
8.933570313671998497e-02
8.931315644937090625e-02
8.928450229267187455e-02
8.924898617280163649e-02
8.920497807316171701e-02
8.915053941415762573e-02
8.908389915601154507e-02
8.900424258886273365e-02
8.891328900094493115e-02
8.881812939032121546e-02
8.873507028455558665e-02
8.869152000931185276e-02
8.871848007002174075e-02
8.882823087406264972e-02
8.899273026154147503e-02
8.915531684535139834e-02
8.927179723652142740e-02
8.933324902315273319e-02
8.935388054696379034e-02
8.935095595331307705e-02
8.933570313657404616e-02
8.931315644925442998e-02
8.928450229263697191e-02
8.924898617279797275e-02
8.920497807318410188e-02
8.915053941402337201e-02
8.908389915593740993e-02
8.900424258883393724e-02
8.891328900085637699e-02
8.881812939020486408e-02
8.873507028439805988e-02
8.869152000917623901e-02
8.871848006976813805e-02
8.882823087408166229e-02
8.899273026146287124e-02
8.915531684550467850e-02
8.927179723639641629e-02
8.933324902304720649e-02
8.935388054684725856e-02
8.935095595314822281e-02
8.933570313665104012e-02
8.931315644913948026e-02
8.928450229287722417e-02
8.924898617280557778e-02
8.920497807326950579e-02
8.915053941405423621e-02
8.908389915605292864e-02
8.900424258901434849e-02
8.891328900082660913e-02
8.881812939021649367e-02
8.873507028452383427e-02
8.869152000926189272e-02
8.871848006983559798e-02
8.882823087407047680e-02
8.899273026142502652e-02
8.915531684538771651e-02
8.927179723651759713e-02
8.933324902308606430e-02
8.935388054695550530e-02
8.935095595326415785e-02
8.933570313652894335e-02
8.931315644933561504e-02
8.928450229279022432e-02
8.924898617280542512e-02
8.920497807330904361e-02
8.915053941413117466e-02
8.908389915594858155e-02
8.900424258916224407e-02
8.891328900092794474e-02
8.881812939037164734e-02
8.873507028442190192e-02
8.869152000908912814e-02
8.871848006988510005e-02
8.882823087407377971e-02
8.899273026138028453e-02
8.915531684556161907e-02
8.927179723634931507e-02
8.933324902294866032e-02
8.935388054699129612e-02
