1.034620056319831838e-01
1.027321458890994021e-01
1.007183373833057394e-01
9.797194858844079923e-02
9.491099568324383451e-02
9.178403674184307248e-02
8.870258334331132533e-02
8.569945889764862823e-02
8.278941616484476740e-02
8.002566706933365859e-02
7.755297352497850238e-02
7.565224705153962559e-02
7.475306509420315271e-02
7.536693795154714159e-02
7.789636333288245396e-02
8.235085352268971259e-02
8.813938100221430094e-02
9.415581397306488354e-02
9.918389926266636680e-02
1.023699105847061946e-01
1.034620056319993930e-01
1.027321458890888412e-01
1.007183373832850615e-01
9.797194858841082321e-02
9.491099568322144964e-02
9.178403674180035665e-02
8.870258334331351802e-02
8.569945889762463354e-02
8.278941616482700383e-02
8.002566706933388063e-02
7.755297352498249919e-02
7.565224705152392981e-02
7.475306509421693335e-02
7.536693795153885655e-02
7.789636333286126257e-02
8.235085352269921888e-02
8.813938100222594441e-02
9.415581397304406686e-02
9.918389926266532597e-02
1.023699105846705704e-01
1.034620056319779102e-01
1.027321458890960437e-01
1.007183373832827855e-01
9.797194858843109866e-02
9.491099568322937385e-02
9.178403674182236682e-02
8.870258334329912675e-02
8.569945889766587832e-02
8.278941616485124833e-02
8.002566706935308749e-02
7.755297352500134522e-02
7.565224705153354712e-02
7.475306509419431256e-02
7.536693795154628117e-02
7.789636333286398262e-02
8.235085352269672088e-02
8.813938100224391614e-02
9.415581397303027233e-02
9.918389926263958267e-02
1.023699105846721386e-01
1.034620056319971726e-01
1.027321458890959327e-01
1.007183373832855333e-01
9.797194858843588650e-02
9.491099568321248459e-02
9.178403674179595739e-02
8.870258334329488015e-02
8.569945889766232561e-02
8.278941616484523924e-02
8.002566706936149743e-02
7.755297352499637697e-02
7.565224705154079132e-02
7.475306509420906464e-02
7.536693795154317255e-02
7.789636333288486869e-02
8.235085352272154824e-02
8.813938100222841465e-02
9.415581397304577382e-02
9.918389926264149781e-02
1.023699105846760798e-01
1.034620056319924958e-01
1.027321458891014977e-01
1.007183373832808426e-01
9.797194858840876930e-02
9.491099568320233992e-02
9.178403674179071159e-02
8.870258334330753669e-02
8.569945889765585856e-02
8.278941616485155364e-02
8.002566706935872187e-02
7.755297352500131747e-02
7.565224705157939933e-02
7.475306509421900114e-02
7.536693795154722486e-02
7.789636333286643899e-02
8.235085352270556103e-02
8.813938100222955263e-02
9.415581397304942368e-02
9.918389926262353995e-02
1.023699105846752888e-01
