1.196634408005618627e-01
1.213782380578995873e-01
1.193442190980539969e-01
1.147055373674505663e-01
1.085694185405433054e-01
1.017638970771145707e-01
9.478441128532719140e-02
8.785723587889983366e-02
8.105362317643192982e-02
7.441787073162484112e-02
6.809895481876948597e-02
6.248355790417510491e-02
5.830752476428988779e-02
5.666717297104503781e-02
5.879091629384109591e-02
6.547970347679220315e-02
7.640740559057671022e-02
8.981512598972526962e-02
1.030173087897878342e-01
1.134688832091866190e-01
1.196634408006186368e-01
1.213782380579592896e-01
1.193442190980508327e-01
1.147055373674371465e-01
1.085694185405360196e-01
1.017638970770950030e-01
9.478441128533086901e-02
8.785723587889719688e-02
8.105362317644394798e-02
7.441787073161518218e-02
6.809895481872890732e-02
6.248355790417135791e-02
5.830752476429816589e-02
5.666717297104033324e-02
5.879091629384295553e-02
6.547970347680592829e-02
7.640740559060506254e-02
8.981512598974440709e-02
1.030173087898214740e-01
1.134688832091912403e-01
1.196634408005929351e-01
1.213782380579367381e-01
1.193442190980417844e-01
1.147055373674150530e-01
1.085694185405339102e-01
1.017638970771100604e-01
9.478441128531778226e-02
8.785723587887200869e-02
8.105362317641662262e-02
7.441787073160316401e-02
6.809895481876719614e-02
6.248355790420482420e-02
5.830752476433966047e-02
5.666717297108637280e-02
5.879091629386287016e-02
6.547970347682650905e-02
7.640740559061728887e-02
8.981512598976579276e-02
1.030173087898195450e-01
1.134688832092006355e-01
1.196634408006095884e-01
1.213782380579336573e-01
1.193442190980556761e-01
1.147055373674286394e-01
1.085694185405285117e-01
1.017638970770890217e-01
9.478441128529206672e-02
8.785723587886876129e-02
8.105362317643416414e-02
7.441787073158954990e-02
6.809895481871089395e-02
6.248355790417040034e-02
5.830752476430691583e-02
5.666717297105956092e-02
5.879091629384463474e-02
6.547970347682416370e-02
7.640740559059679138e-02
8.981512598976008899e-02
1.030173087898207940e-01
1.134688832091947652e-01
1.196634408005803202e-01
1.213782380579365716e-01
1.193442190980394668e-01
1.147055373674380485e-01
1.085694185405417928e-01
1.017638970770765039e-01
9.478441128532533178e-02
8.785723587885820030e-02
8.105362317643108327e-02
7.441787073160126276e-02
6.809895481876344914e-02
6.248355790418271688e-02
5.830752476431079467e-02
5.666717297106201034e-02
5.879091629385978235e-02
6.547970347681213166e-02
7.640740559060367476e-02
8.981512598974709938e-02
1.030173087898054035e-01
1.134688832091921146e-01
