8.938509787356423153e-02
8.935955791160998807e-02
8.931708664211225612e-02
8.926270963855736928e-02
8.919995212878062407e-02
8.913133356970896759e-02
8.905911903742513847e-02
8.898615099101346571e-02
8.891666528449158891e-02
8.885693212953972575e-02
8.881537510706430383e-02
8.880161455660154357e-02
8.882393943636889000e-02
8.888544187724395362e-02
8.898047657059386661e-02
8.909413750061880022e-02
8.920630984891131376e-02
8.929855979171175129e-02
8.935972848091229548e-02
8.938731244367177642e-02
8.938509787350326641e-02
8.935955791158897710e-02
8.931708664210900872e-02
8.926270963857411977e-02
8.919995212877979140e-02
8.913133356972441357e-02
8.905911903725333145e-02
8.898615099082501922e-02
8.891666528452837892e-02
8.885693212962141041e-02
8.881537510707329663e-02
8.880161455660834369e-02
8.882393943617412913e-02
8.888544187725644363e-02
8.898047657060868809e-02
8.909413750058030323e-02
8.920630984884972414e-02
8.929855979166967384e-02
8.935972848086121134e-02
8.938731244363114226e-02
8.938509787349641078e-02
8.935955791153726846e-02
8.931708664224556615e-02
8.926270963855603702e-02
8.919995212879097690e-02
8.913133356974128896e-02
8.905911903727793677e-02
8.898615099087352209e-02
8.891666528456623753e-02
8.885693212966662424e-02
8.881537510714360151e-02
8.880161455664228876e-02
8.882393943594872610e-02
8.888544187727116797e-02
8.898047657058817672e-02
8.909413750058593762e-02
8.920630984885334624e-02
8.929855979163804636e-02
8.935972848077923525e-02
8.938731244356475092e-02
8.938509787362239334e-02
8.935955791147480454e-02
8.931708664221160721e-02
8.926270963854281149e-02
8.919995212879094915e-02
8.913133356975043442e-02
8.905911903735075352e-02
8.898615099091458647e-02
8.891666528463212926e-02
8.885693212953740816e-02
8.881537510695333704e-02
8.880161455667502646e-02
8.882393943599392605e-02
8.888544187728275592e-02
8.898047657060044469e-02
8.909413750055149295e-02
8.920630984878961944e-02
8.929855979155486290e-02
8.935972848074012764e-02
8.938731244396919129e-02
8.938509787359308345e-02
8.935955791146016347e-02
8.931708664215533278e-02
8.926270963852438178e-02
8.919995212877611379e-02
8.913133356975543042e-02
8.905911903736733748e-02
8.898615099094904501e-02
8.891666528469512054e-02
8.885693212955718401e-02
8.881537510702115779e-02
8.880161455671130299e-02
8.882393943602671926e-02
8.888544187729091606e-02
8.898047657061280979e-02
8.909413750056711934e-02
8.920630984875460578e-02
8.929855979153503154e-02
8.935972848066772722e-02
8.938731244388505026e-02
