1.081561840654606810e-01
1.145655422094998405e-01
1.180085359057783528e-01
1.183948052962318781e-01
1.159873156878046402e-01
1.112658770713234602e-01
1.048041192324681015e-01
9.718737686134054643e-02
8.897790628734351948e-02
8.071959595060330950e-02
7.296607996608307778e-02
6.631107347812766062e-02
6.139593912619809718e-02
5.886864631297371309e-02
5.927697325982315968e-02
6.290504592371205794e-02
6.960416226318294486e-02
7.870249896336094231e-02
8.906712541191844079e-02
9.932387914941646911e-02
1.081561840859191492e-01
1.145655422290748904e-01
1.180085359239613635e-01
1.183948053126563371e-01
1.159873157022745516e-01
1.112658770837827577e-01
1.048041192430275020e-01
9.718737687013755122e-02
8.897790629459205458e-02
8.071959595652793140e-02
7.296607997092378894e-02
6.631107348212425534e-02
6.139593912957200944e-02
5.886864631591987723e-02
5.927697326253154181e-02
6.290504592634106606e-02
6.960416226583715504e-02
7.870249896609665674e-02
8.906712541472872058e-02
9.932387915226204012e-02
1.081561840887195480e-01
1.145655422317597150e-01
1.180085359264609890e-01
1.183948053148979745e-01
1.159873157042496522e-01
1.112658770854874080e-01
1.048041192444635339e-01
9.718737687133048586e-02
8.897790629558219311e-02
8.071959595733634030e-02
7.296607997157912584e-02
6.631107348266514212e-02
6.139593913002833192e-02
5.886864631631449907e-02
5.927697326289409901e-02
6.290504592669235451e-02
6.960416226618966473e-02
7.870249896646015764e-02
8.906712541510101999e-02
9.932387915264334621e-02
1.081561840890957610e-01
1.145655422321171651e-01
1.180085359267818990e-01
1.183948053152030916e-01
1.159873157045185482e-01
1.112658770857339330e-01
1.048041192446740599e-01
9.718737687149915649e-02
8.897790629572152610e-02
8.071959595745359373e-02
7.296607997167472992e-02
6.631107348274407898e-02
6.139593913008213610e-02
5.886864631636834488e-02
5.927697326294371905e-02
6.290504592674453499e-02
6.960416226624560609e-02
7.870249896651242139e-02
8.906712541516020876e-02
9.932387915270214640e-02
1.081561840891567816e-01
1.145655422321797678e-01
1.180085359268448902e-01
1.183948053152581448e-01
1.159873157045683695e-01
1.112658770857572893e-01
1.048041192447004277e-01
9.718737687152470550e-02
8.897790629574965637e-02
8.071959595747978111e-02
7.296607997169987647e-02
6.631107348276180091e-02
6.139593913010657489e-02
5.886864631638893258e-02
5.927697326295863767e-02
6.290504592675474904e-02
6.960416226625137925e-02
7.870249896651956845e-02
8.906712541517060322e-02
9.932387915271288781e-02
