8.940368617958888153e-02
8.937692273755665218e-02
8.934694492839344304e-02
8.931324925329058029e-02
8.927349179970177351e-02
8.922463186336493379e-02
8.916326157552650900e-02
8.908577625965062585e-02
8.898890997348724019e-02
8.887140011539867990e-02
8.873807571300405816e-02
8.860770737247378182e-02
8.852228723617694417e-02
8.854280011330104005e-02
8.870668789693351985e-02
8.896737530947976258e-02
8.921178496923093393e-02
8.936184145249269350e-02
8.941941279814731580e-02
8.942287424091456549e-02
8.940368617994283451e-02
8.937692273741948412e-02
8.934694492829879653e-02
8.931324925324317376e-02
8.927349179969902571e-02
8.922463186343940200e-02
8.916326157568117694e-02
8.908577625951868972e-02
8.898890997343172904e-02
8.887140011534019890e-02
8.873807571287081752e-02
8.860770737235494632e-02
8.852228723631831719e-02
8.854280011315326937e-02
8.870668789691237011e-02
8.896737530937327831e-02
8.921178496912915423e-02
8.936184145233561082e-02
8.941941279820911359e-02
8.942287424099398807e-02
8.940368617972554999e-02
8.937692273747341321e-02
8.934694492837380597e-02
8.931324925353663347e-02
8.927349179967894455e-02
8.922463186348750241e-02
8.916326157555579113e-02
8.908577625948342626e-02
8.898890997341134257e-02
8.887140011534717943e-02
8.873807571287958829e-02
8.860770737222395388e-02
8.852228723613977945e-02
8.854280011319318189e-02
8.870668789691896206e-02
8.896737530929860194e-02
8.921178496930273760e-02
8.936184145246775512e-02
8.941941279833626188e-02
8.942287424117426053e-02
8.940368617978253218e-02
8.937692273752535776e-02
8.934694492854319825e-02
8.931324925345913990e-02
8.927349179968542547e-02
8.922463186336095087e-02
8.916326157567386335e-02
8.908577625964630986e-02
8.898890997363727295e-02
8.887140011534216955e-02
8.873807571309370867e-02
8.860770737245556028e-02
8.852228723624691598e-02
8.854280011328916067e-02
8.870668789692787159e-02
8.896737530928022775e-02
8.921178496913319267e-02
8.936184145251416244e-02
8.941941279806125964e-02
8.942287424112975447e-02
8.940368617986912958e-02
8.937692273773720220e-02
8.934694492839934110e-02
8.931324925337504050e-02
8.927349179968313564e-02
8.922463186341762775e-02
8.916326157578029210e-02
8.908577625956622115e-02
8.898890997352000565e-02
8.887140011546912355e-02
8.873807571300433572e-02
8.860770737242583406e-02
8.852228723614123662e-02
8.854280011334653144e-02
8.870668789693850198e-02
8.896737530950336870e-02
8.921178496899681565e-02
8.936184145262526801e-02
8.941941279841354728e-02
8.942287424117388583e-02
