9.878620361106173198e-02
1.003731121975053597e-01
1.007282268638954315e-01
9.992351856375350505e-02
9.814712786207242801e-02
9.564460818434245004e-02
9.267237831441815787e-02
8.947255280024322965e-02
8.626837365931815105e-02
8.327314764662195612e-02
8.070283519094423319e-02
7.878200475714476625e-02
7.773418946622449865e-02
7.775149077233967088e-02
7.894569555821717710e-02
8.129362471626258579e-02
8.459874312724127710e-02
8.849230130092333724e-02
9.248555857471194019e-02
9.606297128898175219e-02
9.878620361104994974e-02
1.003731121975008911e-01
1.007282268638879236e-01
9.992351856374698249e-02
9.814712786206727935e-02
9.564460818434028511e-02
9.267237831441915707e-02
8.947255280024397905e-02
8.626837365932180091e-02
8.327314764662616109e-02
8.070283519095557134e-02
7.878200475715034512e-02
7.773418946622982773e-02
7.775149077234370931e-02
7.894569555822042450e-02
8.129362471626427888e-02
8.459874312724249834e-02
8.849230130092142210e-02
9.248555857471232877e-02
9.606297128898187709e-02
9.878620361104906156e-02
1.003731121974926338e-01
1.007282268638807904e-01
9.992351856374091790e-02
9.814712786206548911e-02
9.564460818434115941e-02
9.267237831442413920e-02
8.947255280025805113e-02
8.626837365933220925e-02
8.327314764663794333e-02
8.070283519097115610e-02
7.878200475717193896e-02
7.773418946625294812e-02
7.775149077236345740e-02
7.894569555823442719e-02
8.129362471627619990e-02
8.459874312724745271e-02
8.849230130092644586e-02
9.248555857471350838e-02
9.606297128897213489e-02
9.878620361103962466e-02
1.003731121974810458e-01
1.007282268638817341e-01
9.992351856374180608e-02
9.814712786206296335e-02
9.564460818433979938e-02
9.267237831442409757e-02
8.947255280025466495e-02
8.626837365932893409e-02
8.327314764664178748e-02
8.070283519097420921e-02
7.878200475717908602e-02
7.773418946625738901e-02
7.775149077236789830e-02
7.894569555823555129e-02
8.129362471627862852e-02
8.459874312725174095e-02
8.849230130091986779e-02
9.248555857470810992e-02
9.606297128896365556e-02
9.878620361109631542e-02
1.003731121975280777e-01
1.007282268639430323e-01
9.992351856379427799e-02
9.814712786210122442e-02
9.564460818436842926e-02
9.267237831444900820e-02
8.947255280027958946e-02
8.626837365935242918e-02
8.327314764663081015e-02
8.070283519093496283e-02
7.878200475714917939e-02
7.773418946623689152e-02
7.775149077235124495e-02
7.894569555822637807e-02
8.129362471626867814e-02
8.459874312724038892e-02
8.849230130090741941e-02
9.248555857468915287e-02
9.606297128893707959e-02
