8.924936487997833789e-02
8.926202008864955739e-02
8.926609378750230417e-02
8.926190014688326069e-02
8.924896051141494036e-02
8.922636029593039586e-02
8.919291436597941158e-02
8.914734494917797569e-02
8.908869088516446766e-02
8.901727271760917493e-02
8.893666833635617552e-02
8.885691298265778471e-02
8.879739701289171561e-02
8.878378612142376336e-02
8.883216899642384923e-02
8.892945062810610202e-02
8.903829869833788935e-02
8.912735241634710259e-02
8.918808889119347882e-02
8.922625203163400687e-02
8.924936487999110546e-02
8.926202008864239645e-02
8.926609378749618406e-02
8.926190014689060204e-02
8.924896051141494036e-02
8.922636029593036811e-02
8.919291436602169720e-02
8.914734494917639362e-02
8.908869088515097845e-02
8.901727271756897097e-02
8.893666833632928037e-02
8.885691298266719385e-02
8.879739701285216391e-02
8.878378612139585513e-02
8.883216899641403763e-02
8.892945062814047730e-02
8.903829869833060351e-02
8.912735241635337535e-02
8.918808889100843240e-02
8.922625203162687368e-02
8.924936487997423007e-02
8.926202008865229132e-02
8.926609378750424706e-02
8.926190014687461483e-02
8.924896051141494036e-02
8.922636029593902784e-02
8.919291436600615408e-02
8.914734494917807284e-02
8.908869088514015377e-02
8.901727271760112581e-02
8.893666833635929803e-02
8.885691298265041560e-02
8.879739701284167230e-02
8.878378612139567472e-02
8.883216899641403763e-02
8.892945062810610202e-02
8.903829869833788935e-02
8.912735241632886718e-02
8.918808889121065953e-02
8.922625203155157281e-02
8.924936487994843126e-02
8.926202008861207349e-02
8.926609378750025026e-02
8.926190014689060204e-02
8.924896051141494036e-02
8.922636029596921203e-02
8.919291436601481382e-02
8.914734494918342966e-02
8.908869088516056800e-02
8.901727271763244798e-02
8.893666833615325451e-02
8.885691298265648019e-02
8.879739701285524478e-02
8.878378612142964754e-02
8.883216899641283026e-02
8.892945062810413137e-02
8.903829869832799448e-02
8.912735241632091521e-02
8.918808889117249561e-02
8.922625203155810925e-02
8.924936487997515988e-02
8.926202008865229132e-02
8.926609378750424706e-02
8.926190014688135943e-02
8.924896051141494036e-02
8.922636029593371265e-02
8.919291436600615408e-02
8.914734494918408192e-02
8.908869088518660273e-02
8.901727271761897264e-02
8.893666833636051927e-02
8.885691298265685489e-02
8.879739701288523468e-02
8.878378612143469906e-02
8.883216899641283026e-02
8.892945062810610202e-02
8.903829869833160271e-02
8.912735241628272354e-02
8.918808889113380434e-02
8.922625203161609064e-02
