9.396899650818278660e-02
9.331625699212899028e-02
9.237743246595540858e-02
9.130844559832600182e-02
9.019970586128778223e-02
8.909131203742888527e-02
8.799571222693265693e-02
8.691887156129780856e-02
8.587881873009588218e-02
8.492311830646277759e-02
8.414498307129134047e-02
8.369177111341399855e-02
8.375078373346667160e-02
8.449307035722072867e-02
8.597323462013185813e-02
8.803139089609475498e-02
9.028506704645365699e-02
9.225931086624861166e-02
9.358482046177545033e-02
9.412600698684396583e-02
9.396899650818682503e-02
9.331625699213122460e-02
9.237743246597979185e-02
9.130844559833885266e-02
9.019970586130025836e-02
8.909131203742920446e-02
8.799571222691628114e-02
8.691887156131004877e-02
8.587881873013583633e-02
8.492311830647888971e-02
8.414498307129399113e-02
8.369177111344731912e-02
8.375078373348295024e-02
8.449307035724376580e-02
8.597323462012813888e-02
8.803139089610728663e-02
9.028506704647511205e-02
9.225931086625470401e-02
9.358482046179525393e-02
9.412600698687811906e-02
9.396899650816550875e-02
9.331625699215698178e-02
9.237743246597791835e-02
9.130844559834742913e-02
9.019970586127436241e-02
8.909131203740608407e-02
8.799571222693339245e-02
8.691887156128716430e-02
8.587881873011721234e-02
8.492311830646266657e-02
8.414498307127468713e-02
8.369177111345880993e-02
8.375078373346918348e-02
8.449307035722629367e-02
8.597323462014026807e-02
8.803139089611858314e-02
9.028506704645844483e-02
9.225931086624346300e-02
9.358482046178140390e-02
9.412600698685422151e-02
9.396899650814283245e-02
9.331625699212216241e-02
9.237743246597304725e-02
9.130844559834636054e-02
9.019970586129735790e-02
8.909131203738393512e-02
8.799571222691054961e-02
8.691887156130972958e-02
8.587881873011084244e-02
8.492311830645350723e-02
8.414498307127390997e-02
8.369177111346762232e-02
8.375078373350695882e-02
8.449307035723452319e-02
8.597323462013387041e-02
8.803139089612924129e-02
9.028506704644746750e-02
9.225931086625148436e-02
9.358482046179561475e-02
9.412600698686626743e-02
9.396899650814657945e-02
9.331625699210557845e-02
9.237743246594123936e-02
9.130844559837371366e-02
9.019970586128057966e-02
8.909131203737637172e-02
8.799571222692767480e-02
8.691887156132470371e-02
8.587881873010995426e-02
8.492311830641566250e-02
8.414498307124913812e-02
8.369177111343309439e-02
8.375078373347577543e-02
8.449307035722126991e-02
8.597323462014687390e-02
8.803139089613708224e-02
9.028506704640600067e-02
9.225931086624329647e-02
9.358482046179568414e-02
9.412600698686811318e-02
