2.033798272255627371e+00
2.084185306074008537e+00
2.133153231749816303e+00
2.175908727538270249e+00
2.208266587616553700e+00
2.227059399189743605e+00
2.230447590923835044e+00
2.218099503004967943e+00
2.191223852312824238e+00
2.152451414790833795e+00
2.105577506767092100e+00
2.055190472948702940e+00
2.006222547272895174e+00
1.963467051484445447e+00
1.931109191406179315e+00
1.912316379833005842e+00
1.908928188098920398e+00
1.921276276017790163e+00
1.948151926709923432e+00
1.986924364231906992e+00
2.033798272255626927e+00
2.084185306074019195e+00
2.133153231749824741e+00
2.175908727538282683e+00
2.208266587616565690e+00
2.227059399189748046e+00
2.230447590923824386e+00
2.218099503004943962e+00
2.191223852312797593e+00
2.152451414790813367e+00
2.105577506767073892e+00
2.055190472948680291e+00
2.006222547272872081e+00
1.963467051484433901e+00
1.931109191406153114e+00
1.912316379832972091e+00
1.908928188098887979e+00
1.921276276017758411e+00
1.948151926709918325e+00
1.986924364231907880e+00
2.033798272255651796e+00
2.084185306074046284e+00
2.133153231749832734e+00
2.175908727538290233e+00
2.208266587616575904e+00
2.227059399189748490e+00
2.230447590923823942e+00
2.218099503004964390e+00
2.191223852312804699e+00
2.152451414790818696e+00
2.105577506767070339e+00
2.055190472948699387e+00
2.006222547272904499e+00
1.963467051484445669e+00
1.931109191406178649e+00
1.912316379833005842e+00
1.908928188098914402e+00
1.921276276017794160e+00
1.948151926709927428e+00
1.986924364231897222e+00
2.033798272255632700e+00
2.084185306074036070e+00
2.133153231749822520e+00
2.175908727538272913e+00
2.208266587616558585e+00
2.227059399189737832e+00
2.230447590923824386e+00
2.218099503004942186e+00
2.191223852312809584e+00
2.152451414790820472e+00
2.105577506767084106e+00
2.055190472948702496e+00
2.006222547272899615e+00
1.963467051484467873e+00
1.931109191406159331e+00
1.912316379832979196e+00
1.908928188098892420e+00
1.921276276017765294e+00
1.948151926709903892e+00
1.986924364231882123e+00
2.033798272255622042e+00
2.084185306074012090e+00
2.133153231749796763e+00
2.175908727538260035e+00
2.208266587616543042e+00
2.227059399189732947e+00
2.230447590923809287e+00
2.218099503004956397e+00
2.191223852312830456e+00
2.152451414790831130e+00
2.105577506767118745e+00
2.055190472948714042e+00
2.006222547272920931e+00
1.963467051484477421e+00
1.931109191406195746e+00
1.912316379832998958e+00
1.908928188098907519e+00
1.921276276017753970e+00
1.948151926709869919e+00
1.986924364231857032e+00
