2.204759409221646038e+00
2.453273205342405117e+00
2.664238998153543481e+00
2.817005985969667670e+00
2.896620271633112864e+00
2.895288654157810004e+00
2.813141481540099686e+00
2.658219891388889256e+00
2.445688688350354134e+00
2.196351907369842316e+00
1.934616369801260616e+00
1.686102573680532180e+00
1.475136780869358510e+00
1.322369793053242537e+00
1.242755507389804226e+00
1.244087124865135063e+00
1.326234297482798974e+00
1.481155887633999857e+00
1.693687090672527429e+00
1.943023871653043022e+00
2.204759409221612731e+00
2.453273205342371810e+00
2.664238998153534155e+00
2.817005985969625925e+00
2.896620271633076893e+00
2.895288654157754937e+00
2.813141481540102795e+00
2.658219891388926115e+00
2.445688688350390994e+00
2.196351907369892498e+00
1.934616369801305247e+00
1.686102573680530181e+00
1.475136780869388486e+00
1.322369793053251641e+00
1.242755507389821101e+00
1.244087124865119964e+00
1.326234297482807856e+00
1.481155887633988533e+00
1.693687090672511886e+00
1.943023871653003054e+00
2.204759409221586974e+00
2.453273205342318519e+00
2.664238998153489302e+00
2.817005985969627702e+00
2.896620271633070676e+00
2.895288654157752273e+00
2.813141481540114341e+00
2.658219891388930556e+00
2.445688688350392770e+00
2.196351907369893386e+00
1.934616369801327229e+00
1.686102573680595462e+00
1.475136780869433561e+00
1.322369793053284948e+00
1.242755507389836866e+00
1.244087124865124183e+00
1.326234297482780544e+00
1.481155887633944346e+00
1.693687090672454820e+00
1.943023871652964196e+00
2.204759409221554112e+00
2.453273205342308749e+00
2.664238998153502180e+00
2.817005985969624593e+00
2.896620271633077781e+00
2.895288654157781139e+00
2.813141481540119671e+00
2.658219891388966083e+00
2.445688688350430517e+00
2.196351907369946233e+00
1.934616369801375857e+00
1.686102573680627437e+00
1.475136780869447772e+00
1.322369793053307818e+00
1.242755507389825098e+00
1.244087124865109750e+00
1.326234297482758340e+00
1.481155887633921031e+00
1.693687090672428841e+00
1.943023871652938217e+00
2.204759409221519917e+00
2.453273205342252794e+00
2.664238998153421800e+00
2.817005985969582849e+00
2.896620271633087551e+00
2.895288654157780694e+00
2.813141481540179623e+00
2.658219891389010936e+00
2.445688688350489137e+00
2.196351907369974210e+00
1.934616369801397617e+00
1.686102573680648753e+00
1.475136780869472863e+00
1.322369793053301601e+00
1.242755507389818881e+00
1.244087124865095983e+00
1.326234297482731694e+00
1.481155887633901713e+00
1.693687090672400419e+00
1.943023871652903578e+00
