1.779330003725561049e+00
1.985970255082301295e+00
2.200805371792002418e+00
2.402805795786855381e+00
2.572198318146550200e+00
2.692401618555397835e+00
2.751649360463721550e+00
2.744141962090271392e+00
2.670614299894959132e+00
2.538263773750811136e+00
2.360045775297142878e+00
2.153405523940406407e+00
1.938570407230699510e+00
1.736569983235846770e+00
1.567177460876160167e+00
1.446974160467328296e+00
1.387726418558989261e+00
1.395233816932437199e+00
1.468761479127748570e+00
1.601112005271909444e+00
1.779330003725594800e+00
1.985970255082333491e+00
2.200805371792038834e+00
2.402805795786906451e+00
2.572198318146580398e+00
2.692401618555400944e+00
2.751649360463723770e+00
2.744141962090252740e+00
2.670614299894914723e+00
2.538263773750748964e+00
2.360045775297058057e+00
2.153405523940316701e+00
1.938570407230607362e+00
1.736569983235760617e+00
1.567177460876090223e+00
1.446974160467284776e+00
1.387726418558976604e+00
1.395233816932446524e+00
1.468761479127793201e+00
1.601112005271988936e+00
1.779330003725679399e+00
1.985970255082434077e+00
2.200805371792132537e+00
2.402805795786972620e+00
2.572198318146643015e+00
2.692401618555430254e+00
2.751649360463713556e+00
2.744141962090226539e+00
2.670614299894863652e+00
2.538263773750664143e+00
2.360045775296961246e+00
2.153405523940222110e+00
1.938570407230520987e+00
1.736569983235664694e+00
1.567177460876019168e+00
1.446974160467230375e+00
1.387726418558955510e+00
1.395233816932467175e+00
1.468761479127846936e+00
1.601112005272060212e+00
1.779330003725770659e+00
1.985970255082518676e+00
2.200805371792229792e+00
2.402805795787064991e+00
2.572198318146706519e+00
2.692401618555480436e+00
2.751649360463736649e+00
2.744141962090216325e+00
2.670614299894814803e+00
2.538263773750605967e+00
2.360045775296877757e+00
2.153405523940120414e+00
1.938570407230415737e+00
1.736569983235580317e+00
1.567177460875954775e+00
1.446974160467188408e+00
1.387726418558949293e+00
1.395233816932482940e+00
1.468761479127888459e+00
1.601112005272133931e+00
1.779330003725860143e+00
1.985970255082627256e+00
2.200805371792319942e+00
2.402805795787133825e+00
2.572198318146756701e+00
2.692401618555512854e+00
2.751649360463738869e+00
2.744141962090199893e+00
2.670614299894771726e+00
2.538263773750511376e+00
2.360045775296784942e+00
2.153405523940012500e+00
1.938570407230308046e+00
1.736569983235487946e+00
1.567177460875873507e+00
1.446974160467138892e+00
1.387726418558915764e+00
1.395233816932487825e+00
1.468761479127919989e+00
1.601112005272186112e+00
