2.287794515121901462e+00
2.533773503219735268e+00
2.734324557973192960e+00
2.869816344821642939e+00
2.926985983641568367e+00
2.900237311860991429e+00
2.792188675842701251e+00
2.613416628899359662e+00
2.381420624563781896e+00
2.118910048151649850e+00
1.851581263900839991e+00
1.605602275803015511e+00
1.405051221049555599e+00
1.269559434201102732e+00
1.212389795381157542e+00
1.239138467161754464e+00
1.347187103180013334e+00
1.525959150123366914e+00
1.757955154458897606e+00
2.020465730871039423e+00
2.287794515121875261e+00
2.533773503219716172e+00
2.734324557973155212e+00
2.869816344821638499e+00
2.926985983641563926e+00
2.900237311860997202e+00
2.792188675842723899e+00
2.613416628899363658e+00
2.381420624563856059e+00
2.118910048151682268e+00
1.851581263900862639e+00
1.605602275803041268e+00
1.405051221049577137e+00
1.269559434201119164e+00
1.212389795381174862e+00
1.239138467161757351e+00
1.347187103179992018e+00
1.525959150123354480e+00
1.757955154458881841e+00
2.020465730871022991e+00
2.287794515121824190e+00
2.533773503219704182e+00
2.734324557973164094e+00
2.869816344821633169e+00
2.926985983641568367e+00
2.900237311861001643e+00
2.792188675842769641e+00
2.613416628899403626e+00
2.381420624563837851e+00
2.118910048151717351e+00
1.851581263900915486e+00
1.605602275803086565e+00
1.405051221049599341e+00
1.269559434201131598e+00
1.212389795381170643e+00
1.239138467161752466e+00
1.347187103179973588e+00
1.525959150123322505e+00
1.757955154458879177e+00
2.020465730871021215e+00
2.287794515121812644e+00
2.533773503219665546e+00
2.734324557973102809e+00
2.869816344821595422e+00
2.926985983641543498e+00
2.900237311861006528e+00
2.792188675842766532e+00
2.613416628899435157e+00
2.381420624563892030e+00
2.118910048151755987e+00
1.851581263900935470e+00
1.605602275803079459e+00
1.405051221049611332e+00
1.269559434201126047e+00
1.212389795381165092e+00
1.239138467161730262e+00
1.347187103179972922e+00
1.525959150123299413e+00
1.757955154458814118e+00
2.020465730870966592e+00
2.287794515121782890e+00
2.533773503219602485e+00
2.734324557973121017e+00
2.869816344821584320e+00
2.926985983641568811e+00
2.900237311860991873e+00
2.792188675842795842e+00
2.613416628899442262e+00
2.381420624563928001e+00
2.118910048151769754e+00
1.851581263900946350e+00
1.605602275803125201e+00
1.405051221049628651e+00
1.269559434201148029e+00
1.212389795381195068e+00
1.239138467161727597e+00
1.347187103179945833e+00
1.525959150123276986e+00
1.757955154458788360e+00
2.020465730870945276e+00
