2.002252671480380108e+00
2.025856298756289142e+00
2.053760814037051130e+00
2.083234398991421710e+00
2.111391654340719182e+00
2.135476042508177574e+00
2.153129716397767179e+00
2.162624321581303910e+00
2.163030179367368522e+00
2.154307289934107583e+00
2.137309247504963317e+00
2.113699684322317029e+00
2.085789422464806808e+00
2.056310274222777679e+00
2.028147633026844865e+00
2.004058030792422507e+00
1.986399309134931235e+00
1.976899817176889673e+00
1.976489228473432780e+00
1.985207537874080108e+00
2.002201146341770599e+00
2.025806416974151869e+00
2.053712523181352445e+00
2.083187648305788731e+00
2.111346394688984329e+00
2.135432226322588445e+00
2.153087297628880847e+00
2.162583255649492830e+00
2.162990423115844774e+00
2.154268801583490767e+00
2.137271986609263319e+00
2.113663611726359637e+00
2.085754500262995581e+00
2.056276465719178326e+00
2.028114902696563693e+00
2.004026344244216329e+00
1.986368633074975243e+00
1.976870119373764112e+00
1.976460477724187870e+00
1.985179703971391874e+00
2.002174200042158070e+00
2.025780329967197257e+00
2.053687268059920523e+00
2.083163198537179017e+00
2.111322724587017419e+00
2.135409311020594281e+00
2.153065113053523216e+00
2.162561778495448728e+00
2.162969630821299116e+00
2.154248672306387391e+00
2.137252499204349121e+00
2.113644745722932594e+00
2.085736235843375752e+00
2.056258783697881398e+00
2.028097784500110023e+00
2.004009771891595015e+00
1.986352589158760340e+00
1.976854587041783962e+00
1.976445440661816377e+00
1.985165146384396895e+00
2.002160106640097581e+00
2.025766685947345547e+00
2.053674059091693760e+00
2.083150410747086845e+00
2.111310344544058193e+00
2.135397325722157902e+00
2.153053509911712737e+00
2.162550545323848716e+00
2.162958755822171675e+00
2.154238144058263416e+00
2.137242306650032564e+00
2.113634878157875541e+00
2.085726682904429641e+00
2.056249535352395075e+00
2.028088831035404382e+00
2.004001103904742731e+00
1.986344197546711543e+00
1.976846462991795672e+00
1.976437575642194577e+00
1.985157532135538583e+00
2.002152735165796393e+00
2.025759549506395363e+00
2.053667150189762758e+00
2.083143722128831588e+00
2.111303869185514603e+00
2.135391056823345401e+00
2.153047440889504394e+00
2.162544669805047004e+00
2.162953067636801840e+00
2.154232637233119974e+00
2.137236975402372341e+00
2.113629716889365184e+00
2.085721686195258329e+00
2.056244697955576850e+00
2.028084147871266563e+00
2.003996570055593285e+00
1.986339808251669004e+00
1.976842213641795354e+00
1.976433461775141120e+00
1.985153549431617259e+00
