2.217018192903930096e+00
2.383176184864030489e+00
2.518647758273640402e+00
2.610172011641474388e+00
2.648789913360907633e+00
2.630721274144893318e+00
2.557734778291476552e+00
2.436974852541658354e+00
2.280262319811713567e+00
2.102937294685599756e+00
1.922357586118845996e+00
1.756199594158712074e+00
1.620728020749085951e+00
1.529203767381249079e+00
1.490585865661826714e+00
1.508654504877859459e+00
1.581641000731270230e+00
1.702400926481070442e+00
1.859113459211036101e+00
2.036438484337136590e+00
2.217018192903902563e+00
2.383176184864040259e+00
2.518647758273655946e+00
2.610172011641473944e+00
2.648789913360901416e+00
2.630721274144867117e+00
2.557734778291510302e+00
2.436974852541702763e+00
2.280262319811720673e+00
2.102937294685619740e+00
1.922357586118842887e+00
1.756199594158745159e+00
1.620728020749098164e+00
1.529203767381275725e+00
1.490585865661831821e+00
1.508654504877848357e+00
1.581641000731233371e+00
1.702400926481054011e+00
1.859113459211009678e+00
2.036438484337095733e+00
2.217018192903883911e+00
2.383176184864021607e+00
2.518647758273656834e+00
2.610172011641455736e+00
2.648789913360876103e+00
2.630721274144884436e+00
2.557734778291497868e+00
2.436974852541696102e+00
2.280262319811715788e+00
2.102937294685632175e+00
1.922357586118882633e+00
1.756199594158734945e+00
1.620728020749101272e+00
1.529203767381280610e+00
1.490585865661843590e+00
1.508654504877852798e+00
1.581641000731222269e+00
1.702400926481024701e+00
1.859113459210998354e+00
2.036438484337084631e+00
2.217018192903825291e+00
2.383176184863994962e+00
2.518647758273595993e+00
2.610172011641451295e+00
2.648789913360875659e+00
2.630721274144911970e+00
2.557734778291499644e+00
2.436974852541688552e+00
2.280262319811775740e+00
2.102937294685649494e+00
1.922357586118876860e+00
1.756199594158764032e+00
1.620728020749146348e+00
1.529203767381266621e+00
1.490585865661825826e+00
1.508654504877834368e+00
1.581641000731218938e+00
1.702400926480993393e+00
1.859113459210988806e+00
2.036438484337061094e+00
2.217018192903857710e+00
2.383176184863965208e+00
2.518647758273599990e+00
2.610172011641461509e+00
2.648789913360875659e+00
2.630721274144895983e+00
2.557734778291524957e+00
2.436974852541738734e+00
2.280262319811798388e+00
2.102937294685709002e+00
1.922357586118899730e+00
1.756199594158785571e+00
1.620728020749136356e+00
1.529203767381277279e+00
1.490585865661847365e+00
1.508654504877822600e+00
1.581641000731192293e+00
1.702400926481009380e+00
1.859113459210939956e+00
2.036438484337039334e+00
