2.047150506152425997e+00
2.091483192477835207e+00
2.142071300719766036e+00
2.193962543171566359e+00
2.242077083115810776e+00
2.281704784318301815e+00
2.308966271672203252e+00
2.321192671163842203e+00
2.317186857566142955e+00
2.297340637115137696e+00
2.263596394512324750e+00
2.219256958511339306e+00
2.168662297769819780e+00
2.116764694228810306e+00
2.068643979009095801e+00
2.029010282912201646e+00
2.001742975771459765e+00
1.989510926481519615e+00
1.993511255300359553e+00
2.013352151168363413e+00
2.047091224701694134e+00
2.091425642601467683e+00
2.142015431797854141e+00
2.193908306066765679e+00
2.242024430129747614e+00
2.281653669149237285e+00
2.308916649374014973e+00
2.321144498106153087e+00
2.317140091395670787e+00
2.297295236718197131e+00
2.263552319978416438e+00
2.219214171097811494e+00
2.168620759867611270e+00
2.116724369329170852e+00
2.068604831671292832e+00
2.028972278732215972e+00
2.001706081351561028e+00
1.989475109400761665e+00
1.993476484085936029e+00
2.013318395267825966e+00
2.047058454455972676e+00
2.091393829218692879e+00
2.141984547327930866e+00
2.193878323376729167e+00
2.241995322879824837e+00
2.281625411769619305e+00
2.308889217042295883e+00
2.321117866725449730e+00
2.317114237573402846e+00
2.297270137745440088e+00
2.263527953809886917e+00
2.219190516332484986e+00
2.168597795729818145e+00
2.116702075650333192e+00
2.068583188872148870e+00
2.028951267805574776e+00
2.001685683845569219e+00
1.989455307402670403e+00
1.993457260206316750e+00
2.013299732625277283e+00
2.047040336662256710e+00
2.091376240364303474e+00
2.141967471968122094e+00
2.193861746517907552e+00
2.241979229966353682e+00
2.281609788671031147e+00
2.308874050040846893e+00
2.321103142504076455e+00
2.317099943203987600e+00
2.297256260677435158e+00
2.263514481859322469e+00
2.219177437671210562e+00
2.168585098875133621e+00
2.116689749454876424e+00
2.068571222514104857e+00
2.028939650779164161e+00
2.001674405951804125e+00
1.989444358740403596e+00
1.993446631163526384e+00
2.013289413870627431e+00
2.047030319136901255e+00
2.091366515273923365e+00
2.141958030775187094e+00
2.193852580934186225e+00
2.241970331945625006e+00
2.281601150402019940e+00
2.308865663940358637e+00
2.321095001210323527e+00
2.317092039570132211e+00
2.297248587765329919e+00
2.263507032933380181e+00
2.219170206192509820e+00
2.168578078495670081e+00
2.116682934011986816e+00
2.068564606025055319e+00
2.028933227435892217e+00
2.001668170115821432e+00
1.989438304937842350e+00
1.993440754080341160e+00
2.013283708347913592e+00
