1.873926340843778293e+00
2.148764707125895512e+00
2.415862483539318539e+00
2.649074278749053324e+00
2.825571697357858181e+00
2.928077942302506287e+00
2.946558988124766909e+00
2.879205781294554178e+00
2.732611322973801826e+00
2.521125300126581426e+00
2.265449438178940511e+00
1.990611071896803752e+00
1.723513295483380281e+00
1.490301500273629287e+00
1.313804081664814660e+00
1.211297836720192755e+00
1.192816790897952339e+00
1.260169997728179725e+00
1.406764456048949397e+00
1.618250478896169353e+00
1.873926340843797833e+00
2.148764707125935924e+00
2.415862483539362060e+00
2.649074278749098177e+00
2.825571697357919909e+00
2.928077942302535153e+00
2.946558988124804657e+00
2.879205781294580380e+00
2.732611322973817813e+00
2.521125300126583646e+00
2.265449438178940955e+00
1.990611071896797757e+00
1.723513295483346530e+00
1.490301500273599311e+00
1.313804081664790457e+00
1.211297836720166110e+00
1.192816790897919477e+00
1.260169997728165070e+00
1.406764456048936518e+00
1.618250478896170685e+00
1.873926340843814042e+00
2.148764707125941698e+00
2.415862483539378935e+00
2.649074278749124822e+00
2.825571697357929235e+00
2.928077942302545367e+00
2.946558988124801548e+00
2.879205781294564837e+00
2.732611322973772960e+00
2.521125300126542790e+00
2.265449438178898767e+00
1.990611071896769335e+00
1.723513295483352525e+00
1.490301500273605750e+00
1.313804081664796453e+00
1.211297836720181875e+00
1.192816790897930801e+00
1.260169997728165514e+00
1.406764456048925638e+00
1.618250478896150035e+00
1.873926340843784732e+00
2.148764707125889739e+00
2.415862483539306993e+00
2.649074278749063094e+00
2.825571697357892376e+00
2.928077942302530712e+00
2.946558988124793554e+00
2.879205781294607469e+00
2.732611322973862222e+00
2.521125300126643154e+00
2.265449438179018671e+00
1.990611071896913886e+00
1.723513295483486418e+00
1.490301500273714330e+00
1.313804081664871504e+00
1.211297836720212073e+00
1.192816790897913926e+00
1.260169997728091129e+00
1.406764456048825274e+00
1.618250478895990607e+00
1.873926340843606431e+00
2.148764707125719653e+00
2.415862483539170213e+00
2.649074278748959177e+00
2.825571697357842638e+00
2.928077942302540482e+00
2.946558988124856615e+00
2.879205781294695843e+00
2.732611322973969692e+00
2.521125300126786151e+00
2.265449438179177211e+00
1.990611071897028905e+00
1.723513295483572350e+00
1.490301500273788493e+00
1.313804081664930790e+00
1.211297836720231391e+00
1.192816790897903712e+00
1.260169997728035174e+00
1.406764456048728906e+00
1.618250478895888023e+00
