2.075632475854199743e+00
2.082137937871440858e+00
2.087424702410632715e+00
2.090975264123592581e+00
2.092442069291669871e+00
2.091681536805148234e+00
2.088768112882760875e+00
2.083986983757088574e+00
2.077806159658960983e+00
2.070830662715479331e+00
2.063743303168601884e+00
2.057237841151364321e+00
2.051951076612184455e+00
2.048400514899202385e+00
2.046933709731125539e+00
2.047694242217664495e+00
2.050607666140046970e+00
2.055388795265747248e+00
2.061569619363861516e+00
2.068545116307344944e+00
2.075632475854178427e+00
2.082137937871459954e+00
2.087424702410634492e+00
2.090975264123593469e+00
2.092442069291669871e+00
2.091681536805148678e+00
2.088768112882776418e+00
2.083986983757053935e+00
2.077806159658943219e+00
2.070830662715451354e+00
2.063743303168614318e+00
2.057237841151359437e+00
2.051951076612181346e+00
2.048400514899204161e+00
2.046933709731124207e+00
2.047694242217673821e+00
2.050607666140048746e+00
2.055388795265765900e+00
2.061569619363865957e+00
2.068545116307334286e+00
2.075632475854183312e+00
2.082137937871451516e+00
2.087424702410638044e+00
2.090975264123593025e+00
2.092442069291669871e+00
2.091681536805152231e+00
2.088768112882744887e+00
2.083986983757054823e+00
2.077806159658956986e+00
2.070830662715470893e+00
2.063743303168614762e+00
2.057237841151362989e+00
2.051951076612170688e+00
2.048400514899218816e+00
2.046933709731144191e+00
2.047694242217676042e+00
2.050607666140050966e+00
2.055388795265758350e+00
2.061569619363869954e+00
2.068545116307340948e+00
2.075632475854200187e+00
2.082137937871435085e+00
2.087424702410616728e+00
2.090975264123589472e+00
2.092442069291671203e+00
2.091681536805155783e+00
2.088768112882751993e+00
2.083986983757045941e+00
2.077806159658944551e+00
2.070830662715489989e+00
2.063743303168640075e+00
2.057237841151368318e+00
2.051951076612157809e+00
2.048400514899218372e+00
2.046933709731142859e+00
2.047694242217680483e+00
2.050607666140047414e+00
2.055388795265744584e+00
2.061569619363854411e+00
2.068545116307329845e+00
2.075632475854192638e+00
2.082137937871437305e+00
2.087424702410622057e+00
2.090975264123589028e+00
2.092442069291671203e+00
2.091681536805151342e+00
2.088768112882752881e+00
2.083986983757058820e+00
2.077806159658951213e+00
2.070830662715497095e+00
2.063743303168608989e+00
2.057237841151362545e+00
2.051951076612191560e+00
2.048400514899209490e+00
2.046933709731124207e+00
2.047694242217687588e+00
2.050607666140054075e+00
2.055388795265744140e+00
2.061569619363841532e+00
2.068545116307319631e+00
