2.018610719418596045e+00
2.036488714335498162e+00
2.057624312543206990e+00
2.079948364513597436e+00
2.101275394555389475e+00
2.119517530147571716e+00
2.132888877202552713e+00
2.140080335584150006e+00
2.140387742719143116e+00
2.133780801712759967e+00
2.120906046803560319e+00
2.103023555878091422e+00
2.081883605065228071e+00
2.059555339317552303e+00
2.038224229896867801e+00
2.019978145036144479e+00
2.006602974671806816e+00
1.999407814921404292e+00
1.999096824467797795e+00
2.005700296439572927e+00
2.018571692952229046e+00
2.036450932589627172e+00
2.057587735805972429e+00
2.079912954340818132e+00
2.101241113730067056e+00
2.119484342640661989e+00
2.132856748135038227e+00
2.140049231190252588e+00
2.140357630310807835e+00
2.133751649645211579e+00
2.120877824441958825e+00
2.102996233565303186e+00
2.081857154090577033e+00
2.059529731886596604e+00
2.038199439102142296e+00
2.019954144828828291e+00
2.006579739834305709e+00
1.999385321040816121e+00
1.999075047910198411e+00
2.005679214325159165e+00
2.018551283131232665e+00
2.036431173619011048e+00
2.057568606926865495e+00
2.079894435456667967e+00
2.101223185385508785e+00
2.119466986001036446e+00
2.132839944966572698e+00
2.140032963840899694e+00
2.140341881691667059e+00
2.133736403212550758e+00
2.120863064179820956e+00
2.102981943968648793e+00
2.081843320148989207e+00
2.059516339068493185e+00
2.038186473339488991e+00
2.019941592502343841e+00
2.006567587759158222e+00
1.999373556452734180e+00
1.999063658452064018e+00
2.005668188034017696e+00
2.018540608425712701e+00
2.036420839287143902e+00
2.057558602114300861e+00
2.079884749655266596e+00
2.101213808422282892e+00
2.119457908027476911e+00
2.132831156448277365e+00
2.140024455547572924e+00
2.140333644687389736e+00
2.133728428846410452e+00
2.120855344076812088e+00
2.102974470020872122e+00
2.081836084507122653e+00
2.059509334133553082e+00
2.038179691754842260e+00
2.019935027145975504e+00
2.006561231736176509e+00
1.999367403088144535e+00
1.999057701283745603e+00
2.005662420805929713e+00
2.018535025081322765e+00
2.036415433963064459e+00
2.057553369134129007e+00
2.079879683523622180e+00
2.101208903819033580e+00
2.119453159802143105e+00
2.132826559614630302e+00
2.140020005278383763e+00
2.140329336309365171e+00
2.133724257835287741e+00
2.120851306052594420e+00
2.102970560743236739e+00
2.081832299870967962e+00
2.059505670164673674e+00
2.038176144605762019e+00
2.019931593091909061e+00
2.006557907171115929e+00
1.999364184521060350e+00
1.999054585334930856e+00
2.005659404203446794e+00
