8.911846505858046774e-02
8.912641968957264738e-02
8.912603871128101096e-02
8.911809116464153302e-02
8.910308056916396713e-02
8.908138355401970521e-02
8.905347487643196225e-02
8.902021834653195409e-02
8.898322357848330311e-02
8.894523345325849872e-02
8.891040347508469277e-02
8.888417203122377097e-02
8.887231685157404026e-02
8.887903386708397024e-02
8.890468720392952218e-02
8.894477869467325160e-02
8.899136816435578023e-02
8.903625674787948863e-02
8.907370466360105266e-02
8.910117560594305042e-02
8.911846505859379042e-02
8.912641968958619210e-02
8.912603871128101096e-02
8.911809116463023650e-02
8.910308056916396713e-02
8.908138355400464781e-02
8.905347487641337989e-02
8.902021834650583609e-02
8.898322357850589615e-02
8.894523345326517394e-02
8.891040347505993480e-02
8.888417203121493082e-02
8.887231685156689320e-02
8.887903386704279485e-02
8.890468720393497615e-02
8.894477869467133646e-02
8.899136816433887709e-02
8.903625674788649691e-02
8.907370466362204975e-02
8.910117560595587349e-02
8.911846505858313228e-02
8.912641968957729643e-02
8.912603871130064803e-02
8.911809116462374170e-02
8.910308056916396713e-02
8.908138355400532782e-02
8.905347487643515414e-02
8.902021834652767973e-02
8.898322357848691133e-02
8.894523345325849872e-02
8.891040347508469277e-02
8.888417203120907439e-02
8.887231685157366556e-02
8.887903386703663311e-02
8.890468720393497615e-02
8.894477869467325160e-02
8.899136816435479491e-02
8.903625674788095967e-02
8.907370466361494432e-02
8.910117560593600050e-02
8.911846505856770018e-02
8.912641968958320837e-02
8.912603871128101096e-02
8.911809116462057756e-02
8.910308056916396713e-02
8.908138355398664832e-02
8.905347487642371884e-02
8.902021834650583609e-02
8.898322357852944675e-02
8.894523345324807651e-02
8.891040347505614616e-02
8.888417203121493082e-02
8.887231685156689320e-02
8.887903386706302866e-02
8.890468720392578905e-02
8.894477869467312670e-02
8.899136816435022912e-02
8.903625674788998023e-02
8.907370466359457173e-02
8.910117560596833575e-02
8.911846505857203005e-02
8.912641968956264149e-02
8.912603871128547961e-02
8.911809116464153302e-02
8.910308056916396713e-02
8.908138355400532782e-02
8.905347487643515414e-02
8.902021834652767973e-02
8.898322357848330311e-02
8.894523345322227770e-02
8.891040347508186170e-02
8.888417203121491694e-02
8.887231685157236105e-02
8.887903386707432518e-02
8.890468720392578905e-02
8.894477869467325160e-02
8.899136816435479491e-02
8.903625674787901678e-02
8.907370466362177219e-02
8.910117560594305042e-02
