8.924949481613785041e-02
8.924551053700315040e-02
8.921950311542545253e-02
8.917425973536732831e-02
8.911430582231531783e-02
8.904542735625620153e-02
8.897413712458135393e-02
8.890712387751799339e-02
8.885070601913852562e-02
8.881030368386949592e-02
8.878994759544801829e-02
8.879185750213777761e-02
8.881614017005576289e-02
8.886066717519774949e-02
8.892118676267669886e-02
8.899169694644190609e-02
8.906506167669188401e-02
8.913379975231804087e-02
8.919093390580669356e-02
8.923077044237127942e-02
8.924949481613782265e-02
8.924551053700739700e-02
8.921950311544130097e-02
8.917425973536491357e-02
8.911430582231157083e-02
8.904542735626669314e-02
8.897413712458142332e-02
8.890712387752951196e-02
8.885070601913035160e-02
8.881030368385110785e-02
8.878994759543470949e-02
8.879185750214807493e-02
8.881614017004929584e-02
8.886066717520034464e-02
8.892118676267293798e-02
8.899169694644995521e-02
8.906506167669082930e-02
8.913379975231319752e-02
8.919093390578275438e-02
8.923077044237778810e-02
8.924949481615988833e-02
8.924551053700638392e-02
8.921950311543400125e-02
8.917425973536925732e-02
8.911430582231368025e-02
8.904542735625974037e-02
8.897413712458425439e-02
8.890712387751099899e-02
8.885070601914328570e-02
8.881030368383600881e-02
8.878994759543572257e-02
8.879185750213555717e-02
8.881614017003315598e-02
8.886066717519028324e-02
8.892118676267939115e-02
8.899169694646127948e-02
8.906506167669300811e-02
8.913379975234786423e-02
8.919093390582975844e-02
8.923077044239037525e-02
8.924949481616148428e-02
8.924551053702274583e-02
8.921950311543140610e-02
8.917425973536537154e-02
8.911430582231240349e-02
8.904542735625886607e-02
8.897413712458154822e-02
8.890712387751961709e-02
8.885070601913880317e-02
8.881030368383763252e-02
8.878994759542890858e-02
8.879185750212952033e-02
8.881614017004092754e-02
8.886066717519863767e-02
8.892118676268823130e-02
8.899169694645359119e-02
8.906506167670262542e-02
8.913379975233441666e-02
8.919093390582326364e-02
8.923077044238700295e-02
8.924949481617081015e-02
8.924551053700602310e-02
8.921950311543926093e-02
8.917425973537194961e-02
8.911430582229956654e-02
8.904542735624346173e-02
8.897413712464781466e-02
8.890712387753049728e-02
8.885070601918655664e-02
8.881030368385060825e-02
8.878994759543962223e-02
8.879185750212910400e-02
8.881614017001988881e-02
8.886066717519069957e-02
8.892118676267879440e-02
8.899169694645331363e-02
8.906506167670889818e-02
8.913379975235448394e-02
8.919093390583851533e-02
8.923077044241146949e-02
