8.907276576592539075e-02
8.907881532921932410e-02
8.907959599576038834e-02
8.907534484757158311e-02
8.906644191691387435e-02
8.905340903181357959e-02
8.903696661809391844e-02
8.901812086007174218e-02
8.899824887703630671e-02
8.897913710857389968e-02
8.896291250723972754e-02
8.895180498381979883e-02
8.894772079807139464e-02
8.895170740002546206e-02
8.896351550071987524e-02
8.898150901642683241e-02
8.900304006353607078e-02
8.902514348458538673e-02
8.904522099949993552e-02
8.906143698086393945e-02
8.907276576592502992e-02
8.907881532921960166e-02
8.907959599576038834e-02
8.907534484757158311e-02
8.906644191691387435e-02
8.905340903183497914e-02
8.903696661808600810e-02
8.901812086004876057e-02
8.899824887704886611e-02
8.897913710855441527e-02
8.896291250723815935e-02
8.895180498381387302e-02
8.894772079805876586e-02
8.895170740004189336e-02
8.896351550072098546e-02
8.898150901642633281e-02
8.900304006352967312e-02
8.902514348455879689e-02
8.904522099951280023e-02
8.906143698088181404e-02
8.907276576591788286e-02
8.907881532921932410e-02
8.907959599579109988e-02
8.907534484757351212e-02
8.906644191691387435e-02
8.905340903184148782e-02
8.903696661812479651e-02
8.901812086007195035e-02
8.899824887706171694e-02
8.897913710854031544e-02
8.896291250724448763e-02
8.895180498381979883e-02
8.894772079808076215e-02
8.895170740004772203e-02
8.896351550072220671e-02
8.898150901642683241e-02
8.900304006353568220e-02
8.902514348458538673e-02
8.904522099949993552e-02
8.906143698090319971e-02
8.907276576592475237e-02
8.907881532927312829e-02
8.907959599578026133e-02
8.907534484757177740e-02
8.906644191691387435e-02
8.905340903184148782e-02
8.903696661808600810e-02
8.901812086004876057e-02
8.899824887703194909e-02
8.897913710853552760e-02
8.896291250722539179e-02
8.895180498381387302e-02
8.894772079806127774e-02
8.895170740003882637e-02
8.896351550071987524e-02
8.898150901640344834e-02
8.900304006352736941e-02
8.902514348456717908e-02
8.904522099950872016e-02
8.906143698087122529e-02
8.907276576592539075e-02
8.907881532921932410e-02
8.907959599579109988e-02
8.907534484757173576e-02
8.906644191691387435e-02
8.905340903184148782e-02
8.903696661812479651e-02
8.901812086007195035e-02
8.899824887703630671e-02
8.897913710854031544e-02
8.896291250724448763e-02
8.895180498381979883e-02
8.894772079807139464e-02
8.895170740002546206e-02
8.896351550071987524e-02
8.898150901642683241e-02
8.900304006353568220e-02
8.902514348456212756e-02
8.904522099951686642e-02
8.906143698086455007e-02
