8.985563891600921449e-02
8.971115574058058373e-02
8.957233414254946180e-02
8.944092307018874921e-02
8.931180848249144211e-02
8.917749788347147100e-02
8.902990346115918774e-02
8.886135502198062863e-02
8.866632825563203202e-02
8.844558738512080243e-02
8.821489611521371454e-02
8.801908973147927473e-02
8.794362874869447733e-02
8.809586848271515336e-02
8.852421761571108161e-02
8.912218462698599797e-02
8.966341283943769780e-02
8.997840933318068668e-02
9.005741302337777476e-02
8.998752836996656845e-02
8.985563891629885780e-02
8.971115574054606967e-02
8.957233414270951433e-02
8.944092307016962562e-02
8.931180848247878556e-02
8.917749788350558260e-02
8.902990346125247423e-02
8.886135502186906510e-02
8.866632825570194831e-02
8.844558738503235928e-02
8.821489611487248750e-02
8.801908973133493186e-02
8.794362874856335999e-02
8.809586848273054382e-02
8.852421761568993186e-02
8.912218462695285781e-02
8.966341283936382633e-02
8.997840933306834599e-02
9.005741302318820418e-02
8.998752836981122050e-02
8.985563891625231170e-02
8.971115574088717182e-02
8.957233414282154971e-02
8.944092307011962395e-02
8.931180848248047865e-02
8.917749788359348451e-02
8.902990346132501343e-02
8.886135502192366031e-02
8.866632825588328937e-02
8.844558738513465246e-02
8.821489611478790238e-02
8.801908973123284685e-02
8.794362874840835897e-02
8.809586848277140003e-02
8.852421761571693803e-02
8.912218462734858293e-02
8.966341283976456134e-02
8.997840933297351906e-02
9.005741302303804652e-02
8.998752836965001611e-02
8.985563891626580091e-02
8.971115574091875766e-02
8.957233414275790617e-02
8.944092307006244746e-02
8.931180848248250481e-02
8.917749788361538366e-02
8.902990346121528176e-02
8.886135502209892290e-02
8.866632825601954149e-02
8.844558738530654274e-02
8.821489611493982252e-02
8.801908973112508583e-02
8.794362874847144740e-02
8.809586848283258720e-02
8.852421761572125403e-02
8.912218462729348811e-02
8.966341283965459374e-02
8.997840933283912657e-02
9.005741302312669783e-02
8.998752836952039758e-02
8.985563891610115483e-02
8.971115574080475163e-02
8.957233414264262339e-02
8.944092307025776345e-02
8.931180848248573834e-02
8.917749788321659155e-02
8.902990346105171815e-02
8.886135502216307991e-02
8.866632825594925049e-02
8.844558738546780263e-02
8.821489611510545392e-02
8.801908973127363367e-02
8.794362874855650436e-02
8.809586848287991045e-02
8.852421761571495351e-02
8.912218462725934875e-02
8.966341283982606769e-02
8.997840933277202746e-02
9.005741302323920505e-02
8.998752837003609617e-02
