1.031546556931657171e-01
1.040779044005916004e-01
1.033451281857970250e-01
1.013076572706542028e-01
9.837907956496516615e-02
9.493044256594014574e-02
9.124513890921473469e-02
8.752377498104323139e-02
8.391896014258824754e-02
8.058158585689806364e-02
7.770443318792674692e-02
7.554994234298122169e-02
7.444629089130061494e-02
7.473498396995215121e-02
7.666378385299836562e-02
8.024805643598036109e-02
8.516206997455774697e-02
9.073717679087098253e-02
9.610400302842975195e-02
1.004320188160126720e-01
1.031546556931597081e-01
1.040779044006056447e-01
1.033451281858100285e-01
1.013076572706500672e-01
9.837907956495789419e-02
9.493044256595115082e-02
9.124513890921440162e-02
8.752377498102874298e-02
8.391896014259908609e-02
8.058158585689816078e-02
7.770443318792148724e-02
7.554994234299239331e-02
7.444629089130466726e-02
7.473498396994902870e-02
7.666378385300046117e-02
8.024805643598791061e-02
8.516206997455896821e-02
9.073717679087139887e-02
9.610400302844986087e-02
1.004320188160334332e-01
1.031546556931648706e-01
1.040779044005887000e-01
1.033451281858173421e-01
1.013076572706489570e-01
9.837907956495373085e-02
9.493044256593879959e-02
9.124513890924376702e-02
8.752377498104030318e-02
8.391896014259568604e-02
8.058158585687923148e-02
7.770443318789799214e-02
7.554994234297500444e-02
7.444629089128437793e-02
7.473498396994635029e-02
7.666378385298865117e-02
8.024805643598524607e-02
8.516206997457106964e-02
9.073717679088433297e-02
9.610400302845951981e-02
1.004320188160116312e-01
1.031546556931415004e-01
1.040779044005981646e-01
1.033451281857977189e-01
1.013076572706503725e-01
9.837907956494854056e-02
9.493044256593294317e-02
9.124513890922250625e-02
8.752377498101687747e-02
8.391896014257341219e-02
8.058158585687688613e-02
7.770443318789772846e-02
7.554994234297654487e-02
7.444629089128797228e-02
7.473498396995248427e-02
7.666378385299174592e-02
8.024805643598262317e-02
8.516206997457446970e-02
9.073717679085664678e-02
9.610400302844457343e-02
1.004320188159981142e-01
1.031546556931411396e-01
1.040779044006125420e-01
1.033451281857912796e-01
1.013076572706343437e-01
9.837907956495811623e-02
9.493044256596037955e-02
9.124513890923126314e-02
8.752377498102882625e-02
8.391896014258068415e-02
8.058158585689717546e-02
7.770443318794319210e-02
7.554994234299859668e-02
7.444629089130000432e-02
7.473498396997783899e-02
7.666378385302037579e-02
8.024805643598866001e-02
8.516206997458122818e-02
9.073717679086776289e-02
9.610400302843022380e-02
1.004320188159914945e-01
