9.397144409302927992e-02
9.301558332434468890e-02
9.196846513177392435e-02
9.094864308138107811e-02
8.998507142193949704e-02
8.906163443029527227e-02
8.814671678395692711e-02
8.721086512723141837e-02
8.624104605728312445e-02
8.525917176442190937e-02
8.434924577337471474e-02
8.368852142830023044e-02
8.355711338150616230e-02
8.427240592118390161e-02
8.600424260949392219e-02
8.854392064518668004e-02
9.126030818613098394e-02
9.339799921951667805e-02
9.450199489718329182e-02
9.458690300115531191e-02
9.397144409305464852e-02
9.301558332436238308e-02
9.196846513173460858e-02
9.094864308137680375e-02
8.998507142193638841e-02
8.906163443030661042e-02
8.814671678397442700e-02
8.721086512726293483e-02
8.624104605730546769e-02
8.525917176439763712e-02
8.434924577337706009e-02
8.368852142831170737e-02
8.355711338149915401e-02
8.427240592119340790e-02
8.600424260948873190e-02
8.854392064520362482e-02
9.126030818616506779e-02
9.339799921951305595e-02
9.450199489717518719e-02
9.458690300116490146e-02
9.397144409301705359e-02
9.301558332436954402e-02
9.196846513171939852e-02
9.094864308138757292e-02
8.998507142193969133e-02
8.906163443029890825e-02
8.814671678398046384e-02
8.721086512726763940e-02
8.624104605730725792e-02
8.525917176442640577e-02
8.434924577336723461e-02
8.368852142827531981e-02
8.355711338148702483e-02
8.427240592119976392e-02
8.600424260948816291e-02
8.854392064518785965e-02
9.126030818615825380e-02
9.339799921954299033e-02
9.450199489715889467e-02
9.458690300116937011e-02
9.397144409302025936e-02
9.301558332435570786e-02
9.196846513173069504e-02
9.094864308139234688e-02
8.998507142194682451e-02
8.906163443028453086e-02
8.814671678397788257e-02
8.721086512724803008e-02
8.624104605727916928e-02
8.525917176440606093e-02
8.434924577339099339e-02
8.368852142830492113e-02
8.355711338149103551e-02
8.427240592120197049e-02
8.600424260950585709e-02
8.854392064521347805e-02
9.126030818618832696e-02
9.339799921949488992e-02
9.450199489720144397e-02
9.458690300111276261e-02
9.397144409299158785e-02
9.301558332438696064e-02
9.196846513177284188e-02
9.094864308139320730e-02
8.998507142194688002e-02
8.906163443028432269e-02
8.814671678393781740e-02
8.721086512721830386e-02
8.624104605730112394e-02
8.525917176442411594e-02
8.434924577341494645e-02
8.368852142835479790e-02
8.355711338150025036e-02
8.427240592117128670e-02
8.600424260947742150e-02
8.854392064519850392e-02
9.126030818619551566e-02
9.339799921946742578e-02
9.450199489715505052e-02
9.458690300115303595e-02
