8.974308993646544497e-02
8.965776617982564034e-02
8.954247280620536431e-02
8.940988362538514200e-02
8.926707034193998025e-02
8.911759349294552657e-02
8.896378518540858094e-02
8.880897244385677070e-02
8.865971305336819985e-02
8.852796631995953069e-02
8.843251499308436847e-02
8.839798150398610332e-02
8.844912390314772777e-02
8.859946976481605785e-02
8.883825790553619151e-02
8.912544991351885326e-02
8.940305623587546657e-02
8.961847373130964189e-02
8.974384439921610779e-02
8.977937178944747632e-02
8.974308993651772259e-02
8.965776617986796759e-02
8.954247280620510063e-02
8.940988362538752898e-02
8.926707034193998025e-02
8.911759349297759814e-02
8.896378518538444746e-02
8.880897244382986166e-02
8.865971305332270846e-02
8.852796631993996301e-02
8.843251499323673270e-02
8.839798150398629761e-02
8.844912390328113494e-02
8.859946976481662684e-02
8.883825790553817603e-02
8.912544991350283830e-02
8.940305623589654693e-02
8.961847373134003425e-02
8.974384439924940060e-02
8.977937178931046092e-02
8.974308993654699085e-02
8.965776617971812912e-02
8.954247280620018790e-02
8.940988362542480472e-02
8.926707034193215318e-02
8.911759349310796607e-02
8.896378518535888458e-02
8.880897244377153332e-02
8.865971305330655472e-02
8.852796632011197819e-02
8.843251499322107856e-02
8.839798150413016864e-02
8.844912390326928331e-02
8.859946976479270153e-02
8.883825790554322754e-02
8.912544991352056023e-02
8.940305623592537110e-02
8.961847373137650508e-02
8.974384439927740598e-02
8.977937178937618612e-02
8.974308993642166055e-02
8.965776617972016915e-02
8.954247280624803851e-02
8.940988362544451118e-02
8.926707034194485135e-02
8.911759349309716915e-02
8.896378518534442392e-02
8.880897244388638589e-02
8.865971305339569175e-02
8.852796632004100719e-02
8.843251499314051800e-02
8.839798150407773836e-02
8.844912390321633955e-02
8.859946976478405567e-02
8.883825790553934176e-02
8.912544991355167423e-02
8.940305623595630469e-02
8.961847373124755267e-02
8.974384439914416534e-02
8.977937178941185203e-02
8.974308993646004651e-02
8.965776617976235763e-02
8.954247280627089522e-02
8.940988362528447253e-02
8.926707034193041845e-02
8.911759349308207012e-02
8.896378518534502067e-02
8.880897244385412004e-02
8.865971305334520436e-02
8.852796631998079147e-02
8.843251499310982033e-02
8.839798150420000167e-02
8.844912390321006679e-02
8.859946976477260649e-02
8.883825790555475999e-02
8.912544991356896595e-02
8.940305623600916518e-02
8.961847373126731464e-02
8.974384439916550937e-02
8.977937178944149499e-02
