9.535824621540195389e-02
9.458029109869667272e-02
9.342935635226629065e-02
9.211573153798460756e-02
9.076233746989073592e-02
8.942189159869891324e-02
8.810698648884217332e-02
8.681866408218984199e-02
8.557080614412386488e-02
8.441234603046865459e-02
8.344760893856867368e-02
8.284807565958150766e-02
8.283848077740246785e-02
8.363470855537259718e-02
8.532842635975039502e-02
8.776511131016460909e-02
9.051355290474537296e-02
9.299664638139085171e-02
9.472701969006411260e-02
9.548935506708230991e-02
9.535824621531904799e-02
9.458029109867324702e-02
9.342935635229279723e-02
9.211573153801524971e-02
9.076233746989632867e-02
8.942189159870836401e-02
8.810698648885299800e-02
8.681866408223924692e-02
8.557080614406800678e-02
8.441234603041630757e-02
8.344760893858352291e-02
8.284807565955837338e-02
8.283848077740026128e-02
8.363470855534746451e-02
8.532842635972846812e-02
8.776511131019178180e-02
9.051355290474848159e-02
9.299664638143785578e-02
9.472701969007929490e-02
9.548935506707194321e-02
9.535824621540379964e-02
9.458029109870393081e-02
9.342935635226969071e-02
9.211573153801701219e-02
9.076233746987238948e-02
8.942189159868459136e-02
8.810698648877264560e-02
8.681866408218570641e-02
8.557080614412029829e-02
8.441234603046275653e-02
8.344760893855991679e-02
8.284807565961065101e-02
8.283848077739189297e-02
8.363470855530472092e-02
8.532842635972714973e-02
8.776511131020058032e-02
9.051355290471123360e-02
9.299664638135979322e-02
9.472701969007574219e-02
9.548935506705255594e-02
9.535824621534921830e-02
9.458029109865076500e-02
9.342935635224899893e-02
9.211573153793246871e-02
9.076233746986157869e-02
8.942189159867737491e-02
8.810698648885892381e-02
8.681866408226168730e-02
8.557080614419947107e-02
8.441234603039060591e-02
8.344760893858173267e-02
8.284807565967380882e-02
8.283848077743991012e-02
8.363470855531850157e-02
8.532842635973031387e-02
8.776511131013677025e-02
9.051355290473413195e-02
9.299664638143580186e-02
9.472701969012169154e-02
9.548935506705039100e-02
9.535824621535468615e-02
9.458029109868201778e-02
9.342935635230459335e-02
9.211573153795998836e-02
9.076233746987531770e-02
8.942189159867663939e-02
8.810698648883716344e-02
8.681866408216153130e-02
8.557080614410100816e-02
8.441234603038877404e-02
8.344760893861487283e-02
8.284807565961112286e-02
8.283848077739294768e-02
8.363470855538854276e-02
8.532842635974681456e-02
8.776511131014887168e-02
9.051355290471373161e-02
9.299664638138065154e-02
9.472701969007264744e-02
9.548935506702249665e-02
