1.028872962169681132e-01
1.067894193407581960e-01
1.086885928390296935e-01
1.085403546842319822e-01
1.065391819515543598e-01
1.030300614889122640e-01
9.842395914134023649e-02
9.313961475675011648e-02
8.757820885079410644e-02
8.212500998281109521e-02
7.716490658793896673e-02
7.309569272171737020e-02
7.032301436649253390e-02
6.922458340965229051e-02
7.008059215293784006e-02
7.298292834543304575e-02
7.775358150515247757e-02
8.391223059475934332e-02
9.072333987489676621e-02
9.732277816206506837e-02
1.028872962169632144e-01
1.067894193407443182e-01
1.086885928390226991e-01
1.085403546842276107e-01
1.065391819515523614e-01
1.030300614889138600e-01
9.842395914134266510e-02
9.313961475675409940e-02
8.757820885079391215e-02
8.212500998281502262e-02
7.716490658794290802e-02
7.309569272172056209e-02
7.032301436650104098e-02
6.922458340966231027e-02
7.008059215294572264e-02
7.298292834544610475e-02
7.775358150516264999e-02
8.391223059476796142e-02
9.072333987490166507e-02
9.732277816206616472e-02
1.028872962169573857e-01
1.067894193407337572e-01
1.086885928390104172e-01
1.085403546842174244e-01
1.065391819515442706e-01
1.030300614889047423e-01
9.842395914133754420e-02
9.313961475675017199e-02
8.757820885079545259e-02
8.212500998281739573e-02
7.716490658794723789e-02
7.309569272171524690e-02
7.032301436649697479e-02
6.922458340965553791e-02
7.008059215293746536e-02
7.298292834543769481e-02
7.775358150516575861e-02
8.391223059476952961e-02
9.072333987490181773e-02
9.732277816206121035e-02
1.028872962169502386e-01
1.067894193407418896e-01
1.086885928390195905e-01
1.085403546842255706e-01
1.065391819515509181e-01
1.030300614889141236e-01
9.842395914134301205e-02
9.313961475674699397e-02
8.757820885078274054e-02
8.212500998281047071e-02
7.716490658794281088e-02
7.309569272170843290e-02
7.032301436649114612e-02
6.922458340964605938e-02
7.008059215292745947e-02
7.298292834542556562e-02
7.775358150514696809e-02
8.391223059474317569e-02
9.072333987487804507e-02
9.732277816204698562e-02
1.028872962169389005e-01
1.067894193407389614e-01
1.086885928390100009e-01
1.085403546842184513e-01
1.065391819515439237e-01
1.030300614889097799e-01
9.842395914134492718e-02
9.313961475675723578e-02
8.757820885079525830e-02
8.212500998280816700e-02
7.716490658794361579e-02
7.309569272170955700e-02
7.032301436649550375e-02
6.922458340965127743e-02
7.008059215293729882e-02
7.298292834543382290e-02
7.775358150515623845e-02
8.391223059475493018e-02
9.072333987488663543e-02
9.732277816204785992e-02
