1.107311554459179392e-01
1.162125733588110221e-01
1.184405165042747426e-01
1.175490483238543493e-01
1.140389664248125101e-01
1.085713402338610162e-01
1.018045698383115982e-01
9.430897404571830789e-02
8.655601772811881423e-02
7.895984236375484799e-02
7.194307813366832005e-02
6.599824328138224894e-02
6.171472883104572871e-02
5.974111250227374242e-02
6.066256383926389717e-02
6.480408913634136403e-02
7.202057092167764296e-02
8.157679078370494441e-02
9.221165990653396038e-02
1.024018135439408311e-01
1.107311554459093628e-01
1.162125733588015714e-01
1.184405165042615449e-01
1.175490483238497419e-01
1.140389664248093460e-01
1.085713402338622374e-01
1.018045698383177045e-01
9.430897404572111120e-02
8.655601772811404027e-02
7.895984236374800624e-02
7.194307813366185300e-02
6.599824328139286544e-02
6.171472883104905244e-02
5.974111250227351344e-02
6.066256383926210694e-02
6.480408913632636214e-02
7.202057092166282148e-02
8.157679078368597347e-02
9.221165990651820910e-02
1.024018135439292293e-01
1.107311554459050051e-01
1.162125733588052906e-01
1.184405165042696079e-01
1.175490483238540856e-01
1.140389664248130375e-01
1.085713402338728401e-01
1.018045698383192865e-01
9.430897404571572662e-02
8.655601772810896100e-02
7.895984236374697929e-02
7.194307813367324667e-02
6.599824328138295670e-02
6.171472883104434787e-02
5.974111250227445019e-02
6.066256383925754114e-02
6.480408913633178836e-02
7.202057092166862240e-02
8.157679078370135006e-02
9.221165990652949174e-02
1.024018135439375560e-01
1.107311554459065178e-01
1.162125733588067478e-01
1.184405165042769353e-01
1.175490483238650768e-01
1.140389664248201151e-01
1.085713402338702310e-01
1.018045698383027026e-01
9.430897404571766951e-02
8.655601772812122896e-02
7.895984236375824805e-02
7.194307813368312765e-02
6.599824328140083129e-02
6.171472883105950935e-02
5.974111250227741310e-02
6.066256383926067058e-02
6.480408913633432799e-02
7.202057092166053165e-02
8.157679078368713921e-02
9.221165990652260835e-02
1.024018135439262456e-01
1.107311554458833142e-01
1.162125733587819343e-01
1.184405165042415747e-01
1.175490483238237627e-01
1.140389664247964258e-01
1.085713402338382289e-01
1.018045698382876868e-01
9.430897404570910691e-02
8.655601772811458150e-02
7.895984236374299636e-02
7.194307813368421012e-02
6.599824328139601570e-02
6.171472883105464519e-02
5.974111250227552572e-02
6.066256383926002527e-02
6.480408913633553536e-02
7.202057092166172514e-02
8.157679078368652859e-02
9.221165990652316347e-02
1.024018135439275778e-01
