9.197528818009416407e-02
9.118947286361918370e-02
9.053266812562264787e-02
8.998335517805435002e-02
8.949846733745284166e-02
8.903417384856138206e-02
8.854925581803023416e-02
8.800409259506716819e-02
8.736146625304380686e-02
8.659534894041387432e-02
8.571883294501721207e-02
8.484818156042217563e-02
8.430357429576909589e-02
8.464530941766723604e-02
8.636692488914865518e-02
8.919281928788111435e-02
9.189909899494136392e-02
9.336071168713895585e-02
9.347445506461576903e-02
9.282674578699744161e-02
9.197528818009514939e-02
9.118947286356776649e-02
9.053266812562538179e-02
8.998335517803672523e-02
8.949846733747471306e-02
8.903417384858698658e-02
8.854925581799821810e-02
8.800409259504377024e-02
8.736146625303695123e-02
8.659534894043700859e-02
8.571883294501521366e-02
8.484818156042935045e-02
8.430357429573547001e-02
8.464530941775565143e-02
8.636692488914832211e-02
8.919281928788930225e-02
9.189909899492805512e-02
9.336071168712102575e-02
9.347445506459174658e-02
9.282674578692980127e-02
9.197528818007245921e-02
9.118947286359180282e-02
9.053266812559195020e-02
8.998335517806355099e-02
8.949846733748233196e-02
8.903417384854191152e-02
8.854925581796327383e-02
8.800409259500896475e-02
8.736146625305289681e-02
8.659534894042238140e-02
8.571883294503082618e-02
8.484818156044242332e-02
8.430357429571264105e-02
8.464530941771600259e-02
8.636692488915614918e-02
8.919281928788742875e-02
9.189909899483804379e-02
9.336071168703673206e-02
9.347445506465923426e-02
9.282674578695740419e-02
9.197528818004438445e-02
9.118947286362395765e-02
9.053266812555677001e-02
8.998335517804631478e-02
8.949846733747407468e-02
8.903417384854450667e-02
8.854925581799320822e-02
8.800409259513107540e-02
8.736146625304783142e-02
8.659534894044497444e-02
8.571883294505446005e-02
8.484818156046652904e-02
8.430357429569167171e-02
8.464530941769334016e-02
8.636692488916393462e-02
8.919281928785513514e-02
9.189909899483832134e-02
9.336071168704448975e-02
9.347445506464462095e-02
9.282674578700408907e-02
9.197528818009115259e-02
9.118947286360934434e-02
9.053266812557851650e-02
8.998335517808780937e-02
8.949846733747654492e-02
8.903417384850112470e-02
8.854925581803922696e-02
8.800409259509209270e-02
8.736146625302640412e-02
8.659534894044547404e-02
8.571883294510512785e-02
8.484818156046380899e-02
8.430357429574418526e-02
8.464530941770771755e-02
8.636692488913538801e-02
8.919281928782255009e-02
9.189909899485257383e-02
9.336071168707174572e-02
9.347445506457613407e-02
9.282674578691565981e-02
