1.078437184843113184e-01
1.129632966171420644e-01
1.152781076935864429e-01
1.148185333688651333e-01
1.119454771953228983e-01
1.071935377496132796e-01
1.011363809420973842e-01
9.430663201482138158e-02
8.717408274648034971e-02
8.016788504586305764e-02
7.372051481671991480e-02
6.830878044993694831e-02
6.446645771719547446e-02
6.274540713628873334e-02
6.361301741069114168e-02
6.729904608102380004e-02
7.364058706722063918e-02
8.200028495350945856e-02
9.132273750909415677e-02
1.003376781656508260e-01
1.078437184843359931e-01
1.129632966171750519e-01
1.152781076936141569e-01
1.148185333689029225e-01
1.119454771953579258e-01
1.071935377496410768e-01
1.011363809421193111e-01
9.430663201483591163e-02
8.717408274648723310e-02
8.016788504587411823e-02
7.372051481673409790e-02
6.830878044994151410e-02
6.446645771719132501e-02
6.274540713628223854e-02
6.361301741068486892e-02
6.729904608101601460e-02
7.364058706721431091e-02
8.200028495349567792e-02
9.132273750908079246e-02
1.003376781656484806e-01
1.078437184843199087e-01
1.129632966171762593e-01
1.152781076936267857e-01
1.148185333689087512e-01
1.119454771953556221e-01
1.071935377496377045e-01
1.011363809421161747e-01
9.430663201483921454e-02
8.717408274648243138e-02
8.016788504586373765e-02
7.372051481672779738e-02
6.830878044993113352e-02
6.446645771718431672e-02
6.274540713626994282e-02
6.361301741067240667e-02
6.729904608100883978e-02
7.364058706721905712e-02
8.200028495350233926e-02
9.132273750909222776e-02
1.003376781656531991e-01
1.078437184843215463e-01
1.129632966171655595e-01
1.152781076936146426e-01
1.148185333689184379e-01
1.119454771953641015e-01
1.071935377496441577e-01
1.011363809421101934e-01
9.430663201483135971e-02
8.717408274648305588e-02
8.016788504586339070e-02
7.372051481672832474e-02
6.830878044994206921e-02
6.446645771719675122e-02
6.274540713628080912e-02
6.361301741068331461e-02
6.729904608101376640e-02
7.364058706721306191e-02
8.200028495349574731e-02
9.132273750908087573e-02
1.003376781656609706e-01
1.078437184843287627e-01
1.129632966171771058e-01
1.152781076936188615e-01
1.148185333689174803e-01
1.119454771953655309e-01
1.071935377496430059e-01
1.011363809421109566e-01
9.430663201484230929e-02
8.717408274649930677e-02
8.016788504586885855e-02
7.372051481673584650e-02
6.830878044994342924e-02
6.446645771718563511e-02
6.274540713627313471e-02
6.361301741067851290e-02
6.729904608101204555e-02
7.364058706721271497e-02
8.200028495349337421e-02
9.132273750907249354e-02
1.003376781656536709e-01
