8.946661707928370288e-02
8.941626284020491588e-02
8.934233109623003488e-02
8.925313079023267093e-02
8.915362998823490870e-02
8.904668691568763672e-02
8.893450206502151456e-02
8.882010944461272983e-02
8.870890463925507063e-02
8.861009265104778654e-02
8.853752822419794222e-02
8.850879683077181315e-02
8.854104145909659496e-02
8.864312083566312783e-02
8.880704568095242057e-02
8.900524571982683375e-02
8.919866011742912104e-02
8.935215328947167246e-02
8.944673663269941954e-02
8.948139766979643084e-02
8.946661707927734686e-02
8.941626284018520943e-02
8.934233109623894442e-02
8.925313079024867202e-02
8.915362998824132024e-02
8.904668691572457939e-02
8.893450206505178202e-02
8.882010944465743019e-02
8.870890463930725112e-02
8.861009265099245580e-02
8.853752822418192725e-02
8.850879683079128368e-02
8.854104145911177726e-02
8.864312083568802458e-02
8.880704568095630635e-02
8.900524571985379829e-02
8.919866011741803269e-02
8.935215328947757052e-02
8.944673663271444919e-02
8.948139766978704945e-02
8.946661707928632579e-02
8.941626284016980508e-02
8.934233109619371671e-02
8.925313079025615215e-02
8.915362998824215290e-02
8.904668691566114402e-02
8.893450206503662747e-02
8.882010944469953539e-02
8.870890463929198555e-02
8.861009265099484278e-02
8.853752822421186164e-02
8.850879683076305626e-02
8.854104145908732459e-02
8.864312083569922396e-02
8.880704568095640350e-02
8.900524571983620126e-02
8.919866011744501111e-02
8.935215328950314728e-02
8.944673663266836106e-02
8.948139766980441057e-02
8.946661707930929353e-02
8.941626284015910531e-02
8.934233109618333613e-02
8.925313079026135632e-02
8.915362998824309659e-02
8.904668691566589023e-02
8.893450206507232114e-02
8.882010944466990632e-02
8.870890463931693781e-02
8.861009265093715281e-02
8.853752822418690938e-02
8.850879683075366100e-02
8.854104145907691625e-02
8.864312083566472378e-02
8.880704568093454598e-02
8.900524571982341981e-02
8.919866011742114131e-02
8.935215328944651203e-02
8.944673663265542696e-02
8.948139766981551280e-02
8.946661707930253504e-02
8.941626284017720194e-02
8.934233109619865720e-02
8.925313079028518448e-02
8.915362998821815821e-02
8.904668691568194683e-02
8.893450206503766831e-02
8.882010944463197832e-02
8.870890463927438851e-02
8.861009265098493404e-02
8.853752822417594592e-02
8.850879683075302262e-02
8.854104145907812362e-02
8.864312083567579825e-02
8.880704568096328688e-02
8.900524571981682787e-02
8.919866011744743972e-02
8.935215328946542745e-02
8.944673663268325192e-02
8.948139766987626975e-02
