9.217684661738770324e-02
9.195290593510761779e-02
9.147667465039170664e-02
9.082930236978468963e-02
9.008120383642051476e-02
8.928693855181181471e-02
8.848841963194807592e-02
8.772224111296149374e-02
8.702783713201850402e-02
8.645404702913210560e-02
8.606170575473612305e-02
8.591943207058756748e-02
8.609007767825113677e-02
8.660803712370361562e-02
8.745356034910696519e-02
8.853682746624505495e-02
8.970550307973701454e-02
9.077962578728299148e-02
9.160095793669895126e-02
9.207342921997148377e-02
9.217684661738967389e-02
9.195290593511112887e-02
9.147667465038669676e-02
9.082930236978582761e-02
9.008120383642793938e-02
8.928693855180222516e-02
8.848841963192267956e-02
8.772224111294348037e-02
8.702783713201552029e-02
8.645404702908550398e-02
8.606170575470727113e-02
8.591943207064210719e-02
8.609007767826906687e-02
8.660803712374605390e-02
8.745356034912697696e-02
8.853682746623373068e-02
8.970550307970318049e-02
9.077962578721861242e-02
9.160095793666700459e-02
9.207342921999829566e-02
9.217684661736161300e-02
9.195290593513541499e-02
9.147667465042523538e-02
9.082930236981895389e-02
9.008120383644976914e-02
8.928693855178429506e-02
8.848841963188980309e-02
8.772224111299622984e-02
8.702783713205476668e-02
8.645404702906162031e-02
8.606170575475452500e-02
8.591943207064028920e-02
8.609007767827656088e-02
8.660803712374771923e-02
8.745356034912109278e-02
8.853682746625257671e-02
8.970550307972870174e-02
9.077962578723497433e-02
9.160095793671128861e-02
9.207342921994934870e-02
9.217684661741008811e-02
9.195290593519801770e-02
9.147667465044467816e-02
9.082930236983753625e-02
9.008120383643397622e-02
8.928693855183891803e-02
8.848841963200423932e-02
8.772224111302624749e-02
8.702783713198845861e-02
8.645404702912631856e-02
8.606170575472212037e-02
8.591943207059027365e-02
8.609007767826638846e-02
8.660803712375260421e-02
8.745356034914585075e-02
8.853682746627182520e-02
8.970550307975287685e-02
9.077962578727351295e-02
9.160095793666830910e-02
9.207342921997435647e-02
9.217684661735714435e-02
9.195290593513956445e-02
9.147667465040328072e-02
9.082930236983750849e-02
9.008120383642517770e-02
8.928693855181586703e-02
8.848841963196042715e-02
8.772224111297308169e-02
8.702783713203547655e-02
8.645404702907678873e-02
8.606170575468267969e-02
8.591943207058280740e-02
8.609007767825337110e-02
8.660803712378489783e-02
8.745356034914594789e-02
8.853682746628960265e-02
8.970550307979203997e-02
9.077962578725111420e-02
9.160095793669428832e-02
9.207342921994565721e-02
