9.374613855173986876e-02
9.516699860645884412e-02
9.595218476487944737e-02
9.604161910873185160e-02
9.544949135484279146e-02
9.425404813858187514e-02
9.258246337532591297e-02
9.059489218450914039e-02
8.847029744360558612e-02
8.639472264377461019e-02
8.455108121986415481e-02
8.310870615399107431e-02
8.221106594944785351e-02
8.196118549369882378e-02
8.240613488826939448e-02
8.352387574029761230e-02
8.521693345000298792e-02
8.731697199815487143e-02
8.960206314244956172e-02
9.182483407223257510e-02
9.374613855173824506e-02
9.516699860646127274e-02
9.595218476488436010e-02
9.604161910873391939e-02
9.544949135484560865e-02
9.425404813857772568e-02
9.258246337532431702e-02
9.059489218450537951e-02
8.847029744360626613e-02
8.639472264377508204e-02
8.455108121986129599e-02
8.310870615398760486e-02
8.221106594944863066e-02
8.196118549369701967e-02
8.240613488826656341e-02
8.352387574029457307e-02
8.521693344999949071e-02
8.731697199815192934e-02
8.960206314244631431e-02
9.182483407222942484e-02
9.374613855173216659e-02
9.516699860644954601e-02
9.595218476486583326e-02
9.604161910872308083e-02
9.544949135483160596e-02
9.425404813857134190e-02
9.258246337532093084e-02
9.059489218450256232e-02
8.847029744360412895e-02
8.639472264377451305e-02
8.455108121986330827e-02
8.310870615399126859e-02
8.221106594944849189e-02
8.196118549370190465e-02
8.240613488827036592e-02
8.352387574029783435e-02
8.521693345000390385e-02
8.731697199815538490e-02
8.960206314244907599e-02
9.182483407223120120e-02
9.374613855173323518e-02
9.516699860644729780e-02
9.595218476487797632e-02
9.604161910873179608e-02
9.544949135484022407e-02
9.425404813857743425e-02
9.258246337532585746e-02
9.059489218450825221e-02
8.847029744360077053e-02
8.639472264377327793e-02
8.455108121985645264e-02
8.310870615398718853e-02
8.221106594944403712e-02
8.196118549369543760e-02
8.240613488826509236e-02
8.352387574029246364e-02
8.521693344999767272e-02
8.731697199814933419e-02
8.960206314244434367e-02
9.182483407224086014e-02
9.374613855174766808e-02
9.516699860646259113e-02
9.595218476489135451e-02
9.604161910874234320e-02
9.544949135484799563e-02
9.425404813858677400e-02
9.258246337533126979e-02
9.059489218451234616e-02
8.847029744360300485e-02
8.639472264378085520e-02
8.455108121986659730e-02
8.310870615399383599e-02
8.221106594944928292e-02
8.196118549367750750e-02
8.240613488825232480e-02
8.352387574028481698e-02
8.521693344999056730e-02
8.731697199814315857e-02
8.960206314245264259e-02
9.182483407224510674e-02
