8.915950803881647624e-02
8.915319039727519213e-02
8.913391434864542662e-02
8.910369728297844183e-02
8.906551548975080723e-02
8.902300731313961268e-02
8.898015503436941531e-02
8.894096198234172079e-02
8.890913200866937260e-02
8.888775686291382205e-02
8.887902359481998638e-02
8.888396608339779736e-02
8.890229669342568364e-02
8.893235915422648130e-02
8.897123628978381715e-02
8.901502420175953778e-02
8.905925176047135849e-02
8.909939026335779444e-02
8.913137472255357185e-02
8.915205443987206380e-02
8.915950803880756670e-02
8.915319039728372696e-02
8.913391434864406659e-02
8.910369728297815040e-02
8.906551548975050192e-02
8.902300731313961268e-02
8.898015503436941531e-02
8.894096198234088813e-02
8.890913200866912280e-02
8.888775686291200406e-02
8.887902359480864822e-02
8.888396608342016836e-02
8.890229669342375463e-02
8.893235915423274018e-02
8.897123628977460230e-02
8.901502420175626262e-02
8.905925176047417569e-02
8.909939026336081980e-02
8.913137472255182325e-02
8.915205443987195277e-02
8.915950803880692832e-02
8.915319039728376860e-02
8.913391434864106899e-02
8.910369728298346559e-02
8.906551548974782351e-02
8.902300731314773119e-02
8.898015503440202811e-02
8.894096198235421080e-02
8.890913200866798483e-02
8.888775686291160161e-02
8.887902359480516490e-02
8.888396608340937144e-02
8.890229669344854035e-02
8.893235915422785520e-02
8.897123628977252063e-02
8.901502420175197439e-02
8.905925176049350744e-02
8.909939026336796686e-02
8.913137472254843707e-02
8.915205443986047584e-02
8.915950803880377806e-02
8.915319039728213102e-02
8.913391434864620377e-02
8.910369728297852510e-02
8.906551548975080723e-02
8.902300731313171622e-02
8.898015503436715323e-02
8.894096198236436934e-02
8.890913200868054422e-02
8.888775686291737477e-02
8.887902359480659431e-02
8.888396608340318195e-02
8.890229669342641916e-02
8.893235915421203452e-02
8.897123628977124388e-02
8.901502420174864372e-02
8.905925176047271852e-02
8.909939026338099810e-02
8.913137472251289606e-02
8.915205443984690337e-02
8.915950803880630382e-02
8.915319039727727379e-02
8.913391434867187768e-02
8.910369728298873915e-02
8.906551548974718513e-02
8.902300731312209892e-02
8.898015503437961549e-02
8.894096198235806883e-02
8.890913200868573452e-02
8.888775686291343348e-02
8.887902359481132664e-02
8.888396608339593774e-02
8.890229669342371299e-02
8.893235915420892590e-02
8.897123628976993936e-02
8.901502420175180785e-02
8.905925176045315084e-02
8.909939026336408108e-02
8.913137472253022942e-02
8.915205443986198852e-02
