8.950476273978632061e-03
8.950495153586649627e-03
8.950518638841624755e-03
8.950544461171171945e-03
8.950570238315832053e-03
8.950593652618528406e-03
8.950612604260657287e-03
8.950625348487189006e-03
8.950630625319829989e-03
8.950627783581157487e-03
8.950616889648202110e-03
8.950598797978775653e-03
8.950575150251299794e-03
8.950548270164998890e-03
8.950520937718862632e-03
8.950496059607853869e-03
8.950476290089978693e-03
8.950463680812965547e-03
8.950459434056555474e-03
8.950463802021340481e-03
8.950476131074110511e-03
8.950495014629548593e-03
8.950518503736288115e-03
8.950544329818451578e-03
8.950570110613106922e-03
8.950593528460408857e-03
8.950612483539815978e-03
8.950625231095557868e-03
8.950630511149871779e-03
8.950627672527302139e-03
8.950616781608401046e-03
8.950598692855953747e-03
8.950575047954784785e-03
8.950548170611340171e-03
8.950520840832323910e-03
8.950495965320054079e-03
8.950476198339059331e-03
8.950463591542136971e-03
8.950459347212185238e-03
8.950463717551378207e-03
8.950476048926455513e-03
8.950494934750995168e-03
8.950518426071907979e-03
8.950544254311222636e-03
8.950570037204093679e-03
8.950593457088974053e-03
8.950612414144284990e-03
8.950625163613810248e-03
8.950630445520047287e-03
8.950627608688751374e-03
8.950616719502419230e-03
8.950598632426804216e-03
8.950574989150311342e-03
8.950548113383569038e-03
8.950520785137680568e-03
8.950495911119288675e-03
8.950476145596627381e-03
8.950463540225312917e-03
8.950459297290224575e-03
8.950463668994306649e-03
8.950476001704380305e-03
8.950494888833338339e-03
8.950518381427038581e-03
8.950544210906380416e-03
8.950569995005402957e-03
8.950593416061570357e-03
8.950612374252748735e-03
8.950625124822348885e-03
8.950630407793170110e-03
8.950627571991566153e-03
8.950616683801228962e-03
8.950598597689533864e-03
8.950574955346927639e-03
8.950548080486524574e-03
8.950520753121945020e-03
8.950495879962284615e-03
8.950476115277909359e-03
8.950463510726109490e-03
8.950459268592808604e-03
8.950463641081507840e-03
8.950475974558990203e-03
8.950494862437792867e-03
8.950518355763154368e-03
8.950544185955288876e-03
8.950569970747630083e-03
8.950593392477125196e-03
8.950612351321206653e-03
8.950625102523184634e-03
8.950630386105997219e-03
8.950627550896277443e-03
8.950616663278473592e-03
8.950598577720830090e-03
8.950574935915124250e-03
8.950548061575729769e-03
8.950520734717777940e-03
8.950495862051746979e-03
8.950476097849279639e-03
8.950463493768561277e-03
8.950459252096212848e-03
8.950463625035950596e-03
