8.950119250800716436e-03
8.950198061622968368e-03
8.950289676840497005e-03
8.950385771615517946e-03
8.950478654665057834e-03
8.950561417223107732e-03
8.950627934716022527e-03
8.950672867050781661e-03
8.950691780310450138e-03
8.950681491168729215e-03
8.950640693673708043e-03
8.950570826502518909e-03
8.950476947202731792e-03
8.950368143081302227e-03
8.950256911548687411e-03
8.950157236757102022e-03
8.950081786196212655e-03
8.950039289498725251e-03
8.950033148281515138e-03
8.950061621591419436e-03
8.950119136781967133e-03
8.950197951995340212e-03
8.950289571466957250e-03
8.950385670346359956e-03
8.950478557340853583e-03
8.950561323677800815e-03
8.950627844779616982e-03
8.950672780551702928e-03
8.950691697077791525e-03
8.950681411034798474e-03
8.950640616477012826e-03
8.950570752091501631e-03
8.950476875440205315e-03
8.950368073848703407e-03
8.950256844748802343e-03
8.950157172313982779e-03
8.950081724051477117e-03
8.950039229605412719e-03
8.950033090596803964e-03
8.950061566070841718e-03
8.950119083375403239e-03
8.950197900645613658e-03
8.950289522109881532e-03
8.950385622911756836e-03
8.950478511754074440e-03
8.950561279861050240e-03
8.950627802653276371e-03
8.950672740035390401e-03
8.950691658091517247e-03
8.950681373499963858e-03
8.950640580317978726e-03
8.950570717237258875e-03
8.950476841826527502e-03
8.950368041420015200e-03
8.950256813459605415e-03
8.950157142128663257e-03
8.950081694942742597e-03
8.950039201551207926e-03
8.950033063577124068e-03
8.950061540064859628e-03
8.950119058359672433e-03
8.950197876593318780e-03
8.950289498990932069e-03
8.950385600693307533e-03
8.950478490401125517e-03
8.950561259337200259e-03
8.950627782921216635e-03
8.950672721057494757e-03
8.950691639830298321e-03
8.950681355918621226e-03
8.950640563381094539e-03
8.950570700911569810e-03
8.950476826081885801e-03
8.950368026230452051e-03
8.950256798803799332e-03
8.950157127989908853e-03
8.950081681308254961e-03
8.950039188410698413e-03
8.950033050921207822e-03
8.950061527883723320e-03
8.950119046642321385e-03
8.950197865327240432e-03
8.950289488162042201e-03
8.950385590286184453e-03
8.950478480399414252e-03
8.950561249723818988e-03
8.950627773678719243e-03
8.950672712168235637e-03
8.950691631276690846e-03
8.950681347683500308e-03
8.950640555447773872e-03
8.950570693264508007e-03
8.950476818707015988e-03
8.950368019115591267e-03
8.950256791938920875e-03
8.950157121367251570e-03
8.950081674921801095e-03
8.950039182255621964e-03
8.950033044993086981e-03
8.950061522177964538e-03
