8.949825516314456261e-03
8.950279463335706828e-03
8.950710029081149557e-03
8.951086897142336574e-03
8.951388090488284627e-03
8.951597759695020806e-03
8.951704205574451123e-03
8.951698655699051599e-03
8.951575192531919037e-03
8.951332256506521964e-03
8.950976091532952469e-03
8.950525968642096195e-03
8.950019560622947401e-03
8.949514626877047227e-03
8.949082188892624329e-03
8.948789867016603006e-03
8.948681780620665327e-03
8.948766202079986784e-03
8.949017420060427497e-03
8.949388378728377613e-03
8.949825516314416363e-03
8.950279463335635705e-03
8.950710029081095781e-03
8.951086897142343513e-03
8.951388090488447691e-03
8.951597759695079787e-03
8.951704205574487552e-03
8.951698655699030782e-03
8.951575192531880873e-03
8.951332256506379717e-03
8.950976091532791140e-03
8.950525968641978233e-03
8.950019560622846787e-03
8.949514626877042023e-03
8.949082188892645146e-03
8.948789867016740049e-03
8.948681780620923801e-03
8.948766202080103010e-03
8.949017420060547193e-03
8.949388378728297816e-03
8.949825516314372995e-03
8.950279463335717237e-03
8.950710029081050678e-03
8.951086897142444126e-03
8.951388090488459834e-03
8.951597759694979173e-03
8.951704205574475409e-03
8.951698655699088028e-03
8.951575192531861791e-03
8.951332256506423085e-03
8.950976091533002776e-03
8.950525968642125685e-03
8.950019560622867604e-03
8.949514626876965695e-03
8.949082188892662493e-03
8.948789867016760866e-03
8.948681780620863085e-03
8.948766202079903517e-03
8.949017420060422293e-03
8.949388378728289142e-03
8.949825516314367790e-03
8.950279463335640909e-03
8.950710029080984759e-03
8.951086897142216878e-03
8.951388090488236055e-03
8.951597759694954887e-03
8.951704205574407755e-03
8.951698655699006496e-03
8.951575192531813219e-03
8.951332256506372778e-03
8.950976091532863999e-03
8.950525968642021601e-03
8.950019560622878012e-03
8.949514626876937939e-03
8.949082188892575757e-03
8.948789867016708824e-03
8.948681780620916862e-03
8.948766202079988519e-03
8.949017420060470865e-03
8.949388378728410573e-03
8.949825516314428506e-03
8.950279463335701624e-03
8.950710029081071495e-03
8.951086897142352186e-03
8.951388090488466773e-03
8.951597759695090195e-03
8.951704205574603779e-03
8.951698655699093232e-03
8.951575192532010977e-03
8.951332256506487270e-03
8.950976091533023593e-03
8.950525968642122215e-03
8.950019560622886686e-03
8.949514626877036819e-03
8.949082188892551470e-03
8.948789867016594332e-03
8.948681780620776349e-03
8.948766202079938212e-03
8.949017420060337291e-03
8.949388378728377613e-03
