8.949741063494241755e-03
8.949863550947852187e-03
8.950002075325152670e-03
8.950144764569113037e-03
8.950281410812797878e-03
8.950403221159477021e-03
8.950502410091367919e-03
8.950571848305576006e-03
8.950604940377887564e-03
8.950595920592255630e-03
8.950540786683591418e-03
8.950439025762379347e-03
8.950295941268344990e-03
8.950124649511776234e-03
8.949946043536294651e-03
8.949785292380683932e-03
8.949665495405366780e-03
8.949601554782618887e-03
8.949597464189764859e-03
8.949647693045254676e-03
8.949740847515258793e-03
8.949863343407306673e-03
8.950001875972644211e-03
8.950144573115867419e-03
8.950281226942649604e-03
8.950403044537974875e-03
8.950502240372443241e-03
8.950571685136337469e-03
8.950604783402409809e-03
8.950595769455674949e-03
8.950540641038146061e-03
8.950438885277184689e-03
8.950295805643635610e-03
8.950124518496013759e-03
8.949945916940696064e-03
8.949785170083428276e-03
8.949665377340472114e-03
8.949601440916339634e-03
8.949597354494060950e-03
8.949647587477460586e-03
8.949740746007749798e-03
8.949863245865701672e-03
8.950001782279289053e-03
8.950144483135068565e-03
8.950281140525834928e-03
8.950402961527947204e-03
8.950502160606575719e-03
8.950571608448766245e-03
8.950604709625832947e-03
8.950595698423340421e-03
8.950540572586623833e-03
8.950438819250873534e-03
8.950295741901702004e-03
8.950124456920225888e-03
8.949945857442359251e-03
8.949785112605263687e-03
8.949665321851497587e-03
8.949601387400597449e-03
8.949597302938434862e-03
8.949647537861905866e-03
8.949740698300500188e-03
8.949863200022414172e-03
8.950001738244631189e-03
8.950144440845251084e-03
8.950281099911010924e-03
8.950402922514238274e-03
8.950502123117555150e-03
8.950571572406539750e-03
8.950604674951788062e-03
8.950595665039064175e-03
8.950540540415259302e-03
8.950438788219385391e-03
8.950295711943776975e-03
8.950124427980363229e-03
8.949945829478873557e-03
8.949785085591289296e-03
8.949665295772386495e-03
8.949601362248907691e-03
8.949597278707947454e-03
8.949647514543218607e-03
8.949740675878666701e-03
8.949863178476619510e-03
8.950001717548903071e-03
8.950144420969590939e-03
8.950281080822608190e-03
8.950402904178375932e-03
8.950502105498319219e-03
8.950571555467252971e-03
8.950604658655467866e-03
8.950595649348847688e-03
8.950540525295107644e-03
8.950438773634921547e-03
8.950295697863919903e-03
8.950124414378974116e-03
8.949945816336348295e-03
8.949785072894986954e-03
8.949665283515458383e-03
8.949601350427844465e-03
8.949597267319853861e-03
8.949647503583700592e-03
