8.950546335946987439e-03
8.950557460062305570e-03
8.950569628895753416e-03
8.950581658719531167e-03
8.950592386797970659e-03
8.950600779577291138e-03
8.950606027597727762e-03
8.950607620167153056e-03
8.950605394185018326e-03
8.950599552792311980e-03
8.950590651053542263e-03
8.950579548001760463e-03
8.950567327315379212e-03
8.950555192526641127e-03
8.950544346464002834e-03
8.950535867748760782e-03
8.950530598666668267e-03
8.950529057953529599e-03
8.950531388901040997e-03
8.950537348274761190e-03
8.950546335946994378e-03
8.950557460062303836e-03
8.950569628895741273e-03
8.950581658719506881e-03
8.950592386797974129e-03
8.950600779577272056e-03
8.950606027597710415e-03
8.950607620167205097e-03
8.950605394185007918e-03
8.950599552792327593e-03
8.950590651053597774e-03
8.950579548001880159e-03
8.950567327315498908e-03
8.950555192526740006e-03
8.950544346463947323e-03
8.950535867748859661e-03
8.950530598666805310e-03
8.950529057953690928e-03
8.950531388901178040e-03
8.950537348274899968e-03
8.950546335947176524e-03
8.950557460062524145e-03
8.950569628895994542e-03
8.950581658719697700e-03
8.950592386798121580e-03
8.950600779577336241e-03
8.950606027597753783e-03
8.950607620167267547e-03
8.950605394185096389e-03
8.950599552792396982e-03
8.950590651053644611e-03
8.950579548001864547e-03
8.950567327315460744e-03
8.950555192526625514e-03
8.950544346463879669e-03
8.950535867748665372e-03
8.950530598666673471e-03
8.950529057953619805e-03
8.950531388901080895e-03
8.950537348274764660e-03
8.950546335947025603e-03
8.950557460062295162e-03
8.950569628895805457e-03
8.950581658719598821e-03
8.950592386797989741e-03
8.950600779577353588e-03
8.950606027597679190e-03
8.950607620167175607e-03
8.950605394184966285e-03
8.950599552792268612e-03
8.950590651053479813e-03
8.950579548001774341e-03
8.950567327315328905e-03
8.950555192526554391e-03
8.950544346463728748e-03
8.950535867748665372e-03
8.950530598666513876e-03
8.950529057953484496e-03
8.950531388900978547e-03
8.950537348274690067e-03
8.950546335946940602e-03
8.950557460062288223e-03
8.950569628895722191e-03
8.950581658719512085e-03
8.950592386797986272e-03
8.950600779577331037e-03
8.950606027597712150e-03
8.950607620167147851e-03
8.950605394184966285e-03
8.950599552792218305e-03
8.950590651053491956e-03
8.950579548001691074e-03
8.950567327315271660e-03
8.950555192526472859e-03
8.950544346463694054e-03
8.950535867748455471e-03
8.950530598666368159e-03
8.950529057953319698e-03
8.950531388900838034e-03
8.950537348274631086e-03
