8.949326200767942704e-03
8.949650153170155345e-03
8.949984812868320636e-03
8.950305801680262519e-03
8.950594160395963089e-03
8.950834561991407798e-03
8.951013683466520210e-03
8.951119043435665223e-03
8.951138545924924167e-03
8.951061124992996595e-03
8.950879130651864454e-03
8.950593117297865609e-03
8.950218793018724708e-03
8.949793321614290045e-03
8.949374961710075682e-03
8.949030775208822661e-03
8.948815567816332736e-03
8.948754606727693864e-03
8.948840661465458368e-03
8.949044011969626428e-03
8.949326200765175821e-03
8.949650153167778774e-03
8.949984812866192130e-03
8.950305801678260648e-03
8.950594160394186732e-03
8.950834561989732055e-03
8.951013683465102941e-03
8.951119043434391936e-03
8.951138545923695983e-03
8.951061124991919332e-03
8.950879130650863519e-03
8.950593117297083248e-03
8.950218793017952756e-03
8.949793321613566666e-03
8.949374961709310669e-03
8.949030775208156527e-03
8.948815567815706501e-03
8.948754606727095384e-03
8.948840661464910196e-03
8.949044011969267340e-03
8.949326200764834080e-03
8.949650153167384992e-03
8.949984812865779266e-03
8.950305801677885947e-03
8.950594160393817236e-03
8.950834561989404192e-03
8.951013683464768139e-03
8.951119043434072747e-03
8.951138545923505163e-03
8.951061124991799636e-03
8.950879130650868723e-03
8.950593117296972226e-03
8.950218793017843469e-03
8.949793321613469521e-03
8.949374961709199647e-03
8.949030775208125302e-03
8.948815567815682215e-03
8.948754606727020791e-03
8.948840661464873766e-03
8.949044011969152848e-03
8.949326200764847958e-03
8.949650153167416217e-03
8.949984812865753245e-03
8.950305801677865131e-03
8.950594160393876217e-03
8.950834561989438887e-03
8.951013683464811507e-03
8.951119043434166422e-03
8.951138545923499959e-03
8.951061124991692083e-03
8.950879130650733415e-03
8.950593117296816101e-03
8.950218793017754998e-03
8.949793321613365438e-03
8.949374961709085155e-03
8.949030775208009075e-03
8.948815567815545172e-03
8.948754606727025995e-03
8.948840661464866827e-03
8.949044011969222237e-03
8.949326200764847958e-03
8.949650153167463054e-03
8.949984812865822634e-03
8.950305801677969214e-03
8.950594160393957749e-03
8.950834561989549909e-03
8.951013683464865284e-03
8.951119043434187239e-03
8.951138545923543327e-03
8.951061124991711165e-03
8.950879130650721272e-03
8.950593117296902837e-03
8.950218793017869490e-03
8.949793321613471256e-03
8.949374961709241280e-03
8.949030775208177343e-03
8.948815567815798441e-03
8.948754606727140487e-03
8.948840661465003871e-03
8.949044011969350607e-03
