8.961187648598193181e-03
8.961188116258404085e-03
8.961188679794770962e-03
8.961189283954073409e-03
8.961189869716527576e-03
8.961190379987635929e-03
8.961190765054829338e-03
8.961190987324816476e-03
8.961191024926620091e-03
8.961190873856703099e-03
8.961190548454935068e-03
8.961190080133017363e-03
8.961189514429966987e-03
8.961188906632824511e-03
8.961188316361036466e-03
8.961187801645460749e-03
8.961187413114040171e-03
8.961187188904758821e-03
8.961187150854532657e-03
8.961187302366982813e-03
8.961187628165692004e-03
8.961188095923356203e-03
8.961188659556048805e-03
8.961189263810535530e-03
8.961189849666971810e-03
8.961190360030811541e-03
8.961190745189490797e-03
8.961190967549667943e-03
8.961191005240388280e-03
8.961190854258139007e-03
8.961190528942812247e-03
8.961190060706183957e-03
8.961189495087297160e-03
8.961188887373303449e-03
8.961188297183699664e-03
8.961187782549433906e-03
8.961187394098483680e-03
8.961187169968897262e-03
8.961187131997607955e-03
8.961187283588273322e-03
8.961187609464470877e-03
8.961188077298865365e-03
8.961188641007502426e-03
8.961189245337128698e-03
8.961189831267854511e-03
8.961190341705119883e-03
8.961190726936298437e-03
8.961190949368081499e-03
8.961190987129476204e-03
8.961190836217004449e-03
8.961190510970579171e-03
8.961190042802007552e-03
8.961189477250408944e-03
8.961188869602948817e-03
8.961188279479215951e-03
8.961187764910184470e-03
8.961187376523913409e-03
8.961187152458456248e-03
8.961187114550779251e-03
8.961187266204560797e-03
8.961187592143350644e-03
8.961188060039829151e-03
8.961188623810008996e-03
8.961189228200595186e-03
8.961189814191682437e-03
8.961190324688667400e-03
8.961190709978921962e-03
8.961190932469104489e-03
8.961190970288249874e-03
8.961190819432853991e-03
8.961190494242854063e-03
8.961190026130117989e-03
8.961189460633765119e-03
8.961188853041042457e-03
8.961188262971550925e-03
8.961187748456323626e-03
8.961187360123443885e-03
8.961187136111022425e-03
8.961187098256015102e-03
8.961187249962114174e-03
8.961187575952885009e-03
8.961188043900964600e-03
8.961188607722369096e-03
8.961189212163767071e-03
8.961189798205227222e-03
8.961190308752135791e-03
8.961190694091817829e-03
8.961190916630950784e-03
8.961190954498520975e-03
8.961190803691078052e-03
8.961190478548559241e-03
8.961190010482828969e-03
8.961189445033074241e-03
8.961188837486561143e-03
8.961188247462935699e-03
8.961187732993260505e-03
8.961187344705650107e-03
8.961187120738225639e-03
8.961187082927981121e-03
8.961187234678596666e-03
