8.949276757235669066e-03
8.949974419429351791e-03
8.950615124459307750e-03
8.951163553972314030e-03
8.951597478647110168e-03
8.951902155616942372e-03
8.952066025683514186e-03
8.952077839990552066e-03
8.951925443141632230e-03
8.951596981645956394e-03
8.951086102591645707e-03
8.950403072926663844e-03
8.949591663607290443e-03
8.948744280047311525e-03
8.947997686421328700e-03
8.947494811058319744e-03
8.947327558945082637e-03
8.947502434409920768e-03
8.947952428294009969e-03
8.948576720080080385e-03
8.949276757235754068e-03
8.949974419429459344e-03
8.950615124459377139e-03
8.951163553972397297e-03
8.951597478647127515e-03
8.951902155616980536e-03
8.952066025683604392e-03
8.952077839990588495e-03
8.951925443141611413e-03
8.951596981646050069e-03
8.951086102591723770e-03
8.950403072926887624e-03
8.949591663607465650e-03
8.948744280047399996e-03
8.947997686421328700e-03
8.947494811058382194e-03
8.947327558945134679e-03
8.947502434410007505e-03
8.947952428294004765e-03
8.948576720080054364e-03
8.949276757235835600e-03
8.949974419429415975e-03
8.950615124459349384e-03
8.951163553972348724e-03
8.951597478647042513e-03
8.951902155616930229e-03
8.952066025683465614e-03
8.952077839990546862e-03
8.951925443141628760e-03
8.951596981646048334e-03
8.951086102591768873e-03
8.950403072926691600e-03
8.949591663607307790e-03
8.948744280047216115e-03
8.947997686421103186e-03
8.947494811058210457e-03
8.947327558945020187e-03
8.947502434409960667e-03
8.947952428294030786e-03
8.948576720080061303e-03
8.949276757235733251e-03
8.949974419429304953e-03
8.950615124459227953e-03
8.951163553972234233e-03
8.951597478647011288e-03
8.951902155616921555e-03
8.952066025683588779e-03
8.952077839990569413e-03
8.951925443141748456e-03
8.951596981646100376e-03
8.951086102591657850e-03
8.950403072926703743e-03
8.949591663607377179e-03
8.948744280047344485e-03
8.947997686421333904e-03
8.947494811058246886e-03
8.947327558945089576e-03
8.947502434409896482e-03
8.947952428294053337e-03
8.948576720080083854e-03
8.949276757235901519e-03
8.949974419429507916e-03
8.950615124459385813e-03
8.951163553972373010e-03
8.951597478647054656e-03
8.951902155616881657e-03
8.952066025683635617e-03
8.952077839990541658e-03
8.951925443141727640e-03
8.951596981645911291e-03
8.951086102591555502e-03
8.950403072926623946e-03
8.949591663607280034e-03
8.948744280047143257e-03
8.947997686421025124e-03
8.947494811058130659e-03
8.947327558945004575e-03
8.947502434409851380e-03
8.947952428294155686e-03
8.948576720080016200e-03
