8.950551572718783155e-03
8.950555048181874085e-03
8.950559326843937624e-03
8.950563988654213973e-03
8.950568592679149574e-03
8.950572712612457280e-03
8.950575967879350128e-03
8.950578051009107361e-03
8.950578751953918236e-03
8.950577979009218671e-03
8.950575774360109566e-03
8.950572320660338949e-03
8.950567934231526759e-03
8.950563041249810781e-03
8.950558136095274758e-03
8.950553725476680447e-03
8.950550266588419568e-03
8.950548110405185873e-03
8.950547460732724211e-03
8.950548355729811070e-03
8.950550672862697676e-03
8.950554152987285489e-03
8.950558436298416617e-03
8.950563102737561436e-03
8.950567711363198800e-03
8.950571835861551029e-03
8.950575095651308599e-03
8.950577183256714850e-03
8.950577888626805312e-03
8.950577120055982008e-03
8.950574919730718004e-03
8.950571470308555169e-03
8.950567088117169362e-03
8.950562199340497682e-03
8.950557298367439740e-03
8.950552891915593973e-03
8.950549437187137539e-03
8.950547285162662250e-03
8.950546639651177708e-03
8.950547538811911424e-03
8.950549860108921937e-03
8.950553344393709712e-03
8.950557631855177165e-03
8.950562302428006697e-03
8.950566915163698373e-03
8.950571043741839192e-03
8.950574307575403718e-03
8.950576399184131948e-03
8.950577108514204058e-03
8.950576343859054096e-03
8.950574147406287900e-03
8.950570701816691274e-03
8.950566323423182410e-03
8.950561438416510668e-03
8.950556541193265686e-03
8.950552138478787972e-03
8.950548687482145008e-03
8.950546539189044304e-03
8.950545897411413265e-03
8.950546800308894005e-03
8.950549125343583087e-03
8.950552613363122953e-03
8.950556904551138990e-03
8.950561578836292373e-03
8.950566195263872857e-03
8.950570327507591933e-03
8.950573594975285915e-03
8.950575690182701466e-03
8.950576403073408002e-03
8.950575641939961802e-03
8.950573448970895046e-03
8.950570006829874914e-03
8.950565631854416615e-03
8.950560750241292468e-03
8.950555856393919985e-03
8.950551457044545606e-03
8.950548009408317018e-03
8.950545864475543956e-03
8.950545226060717743e-03
8.950546132323856929e-03
8.950548460725332028e-03
8.950551952109312565e-03
8.950556246654710682e-03
8.950560924284834199e-03
8.950565544039390531e-03
8.950569679586819344e-03
8.950572950330375546e-03
8.950575048782149004e-03
8.950575764883436647e-03
8.950575006925896165e-03
8.950572817098942716e-03
8.950569378068744947e-03
8.950565006176950181e-03
8.950560127625694501e-03
8.950555236824520727e-03
8.950550840511835304e-03
8.950547395908232950e-03
8.950545254008158980e-03
8.950544618628413635e-03
8.950545527929322509e-03
