8.949414458879784151e-03
8.949818125492670084e-03
8.950222461215295855e-03
8.950598728861539413e-03
8.950924985675378850e-03
8.951183972734524583e-03
8.951361237916805741e-03
8.951443853793365768e-03
8.951420035558720761e-03
8.951280132151274993e-03
8.951019678773453406e-03
8.950645060708079317e-03
8.950181079302343967e-03
8.949676748460734521e-03
8.949202602796654457e-03
8.948834782387038098e-03
8.948631047400760694e-03
8.948613071684275930e-03
8.948765462833799950e-03
8.949048574086411467e-03
8.949414458879652312e-03
8.949818125492602430e-03
8.950222461215255956e-03
8.950598728861620945e-03
8.950924985675526302e-03
8.951183972734625197e-03
8.951361237916880334e-03
8.951443853793485464e-03
8.951420035558776273e-03
8.951280132151281932e-03
8.951019678773538407e-03
8.950645060708167788e-03
8.950181079302265905e-03
8.949676748460666867e-03
8.949202602796597211e-03
8.948834782386960035e-03
8.948631047400713856e-03
8.948613071684308889e-03
8.948765462833848522e-03
8.949048574086432284e-03
8.949414458879687007e-03
8.949818125492645798e-03
8.950222461215269834e-03
8.950598728861572373e-03
8.950924985675451709e-03
8.951183972734562747e-03
8.951361237916731148e-03
8.951443853793409136e-03
8.951420035558807498e-03
8.951280132151333974e-03
8.951019678773581775e-03
8.950645060708219830e-03
8.950181079302479276e-03
8.949676748460881973e-03
8.949202602796834868e-03
8.948834782387135242e-03
8.948631047400830082e-03
8.948613071684376544e-03
8.948765462834016790e-03
8.949048574086572796e-03
8.949414458879754661e-03
8.949818125492730800e-03
8.950222461215347897e-03
8.950598728861712886e-03
8.950924985675564466e-03
8.951183972734711933e-03
8.951361237916930641e-03
8.951443853793547914e-03
8.951420035558889030e-03
8.951280132151379076e-03
8.951019678773519325e-03
8.950645060708103604e-03
8.950181079302428969e-03
8.949676748460875034e-03
8.949202602796751602e-03
8.948834782387138712e-03
8.948631047400833552e-03
8.948613071684385217e-03
8.948765462833914441e-03
8.949048574086439223e-03
8.949414458879660986e-03
8.949818125492644064e-03
8.950222461215295855e-03
8.950598728861586251e-03
8.950924985675469056e-03
8.951183972734621727e-03
8.951361237916817884e-03
8.951443853793455974e-03
8.951420035558835253e-03
8.951280132151382546e-03
8.951019678773541877e-03
8.950645060708100134e-03
8.950181079302368253e-03
8.949676748460800441e-03
8.949202602796709968e-03
8.948834782387069323e-03
8.948631047400778041e-03
8.948613071684343584e-03
8.948765462833930054e-03
8.949048574086593613e-03
