8.950531209903179325e-03
8.950536388995610285e-03
8.950542548650113756e-03
8.950549075573202562e-03
8.950555367651330183e-03
8.950560873280947322e-03
8.950565117707235188e-03
8.950567722802216936e-03
8.950568426369435310e-03
8.950567104631010004e-03
8.950563797556937082e-03
8.950558731645016225e-03
8.950552329802756793e-03
8.950545195412768287e-03
8.950538060434269638e-03
8.950531697115397811e-03
8.950526807224988557e-03
8.950523914842325318e-03
8.950523291021073718e-03
8.950524928470249969e-03
8.950528566911915979e-03
8.950533754284131782e-03
8.950539922284913782e-03
8.950546457546155674e-03
8.950552757883282681e-03
8.950558271629780252e-03
8.950562523978630031e-03
8.950565136762329496e-03
8.950565847759210658e-03
8.950564533182414281e-03
8.950561233011388937e-03
8.950556173773533894e-03
8.950549778426472938e-03
8.950542650420953775e-03
8.950535521796188637e-03
8.950529164882366912e-03
8.950524281520811504e-03
8.950521395842778172e-03
8.950520778926367854e-03
8.950522423475779435e-03
8.950526069182637365e-03
8.950531263935955842e-03
8.950537439374408114e-03
8.950543982067685894e-03
8.950550289771815743e-03
8.950555810767476389e-03
8.950560070203755769e-03
8.950562689879780487e-03
8.950563407552432696e-03
8.950562099426984455e-03
8.950558805490480691e-03
8.950553752294917315e-03
8.950547362839837706e-03
8.950540240633221567e-03
8.950533117781590137e-03
8.950526766684417657e-03
8.950521889244309609e-03
8.950519009636673934e-03
8.950518398960521926e-03
8.950520049916310672e-03
8.950523702170143370e-03
8.950528903569789432e-03
8.950535085703755639e-03
8.950541635089048417e-03
8.950547949431298875e-03
8.950553476966213035e-03
8.950557742805438297e-03
8.950560368719455775e-03
8.950561092446627717e-03
8.950559790185264736e-03
8.950556501928596045e-03
8.950551454249349240e-03
8.950545070182667692e-03
8.950537953285266426e-03
8.950530835721207459e-03
8.950524489949263085e-03
8.950519617924666826e-03
8.950516743860797986e-03
8.950516138874866842e-03
8.950517795664341553e-03
8.950521453873663824e-03
8.950526661315315324e-03
8.950532849534818119e-03
8.950539405003914498e-03
8.950545725384765131e-03
8.950551258874296298e-03
8.950555530551695255e-03
8.950558162162561976e-03
8.950558891429016492e-03
8.950557594543119208e-03
8.950554311503232385e-03
8.950549268899803818e-03
8.950542889798620769e-03
8.950535777798532960e-03
8.950528665113449689e-03
8.950522324253645454e-03
8.950517457220115783e-03
8.950514588259451260e-03
8.950513988504842436e-03
8.950515650651337529e-03
