8.960642065666817035e-03
8.961156362292171593e-03
8.961619025451681222e-03
8.962001811106259236e-03
8.962285952931138902e-03
8.962458946737391144e-03
8.962512048279013335e-03
8.962438927098581587e-03
8.962235857018208823e-03
8.961903917213140738e-03
8.961453621853136126e-03
8.960911651461950581e-03
8.960327305264538175e-03
8.959773297783702947e-03
8.959334678485347120e-03
8.959085558289990939e-03
8.959064403349243852e-03
8.959263142401001009e-03
8.959635594366535671e-03
8.960116938292347205e-03
8.960642065666829179e-03
8.961156362292273941e-03
8.961619025451740203e-03
8.962001811106342503e-03
8.962285952931177066e-03
8.962458946737399818e-03
8.962512048279015070e-03
8.962438927098432401e-03
8.962235857018014534e-03
8.961903917213168494e-03
8.961453621853000817e-03
8.960911651461964458e-03
8.960327305264510420e-03
8.959773297783597129e-03
8.959334678485109463e-03
8.959085558289720322e-03
8.959064403349228239e-03
8.959263142400948968e-03
8.959635594366575570e-03
8.960116938292505065e-03
8.960642065666900302e-03
8.961156362292327718e-03
8.961619025451849491e-03
8.962001811106391075e-03
8.962285952931251659e-03
8.962458946737410226e-03
8.962512048279053234e-03
8.962438927098649241e-03
8.962235857018335458e-03
8.961903917213298598e-03
8.961453621853106635e-03
8.960911651461882926e-03
8.960327305264333478e-03
8.959773297783591925e-03
8.959334678485180586e-03
8.959085558289878182e-03
8.959064403349339262e-03
8.959263142400997540e-03
8.959635594366610264e-03
8.960116938292470370e-03
8.960642065666915915e-03
8.961156362292301697e-03
8.961619025451807857e-03
8.962001811106406687e-03
8.962285952931244720e-03
8.962458946737458798e-03
8.962512048279015070e-03
8.962438927098541688e-03
8.962235857018229640e-03
8.961903917213328088e-03
8.961453621853099696e-03
8.960911651462021704e-03
8.960327305264522563e-03
8.959773297783605803e-03
8.959334678485190995e-03
8.959085558289892059e-03
8.959064403349332323e-03
8.959263142400893457e-03
8.959635594366414241e-03
8.960116938292227509e-03
8.960642065666775402e-03
8.961156362292159450e-03
8.961619025451596221e-03
8.962001811106278318e-03
8.962285952931223904e-03
8.962458946737325224e-03
8.962512048278924864e-03
8.962438927098463626e-03
8.962235857018059637e-03
8.961903917213104309e-03
8.961453621853058063e-03
8.960911651461738944e-03
8.960327305264283171e-03
8.959773297783746315e-03
8.959334678485225689e-03
8.959085558290039511e-03
8.959064403349368752e-03
8.959263142401054786e-03
8.959635594366455874e-03
8.960116938292442615e-03
