8.950434906980296590e-03
8.950445400468749757e-03
8.950457530894644423e-03
8.950470095739336898e-03
8.950482017756443073e-03
8.950492371726848084e-03
8.950500378978149332e-03
8.950505395788541790e-03
8.950506916237872465e-03
8.950504603909354567e-03
8.950498359193087908e-03
8.950488416180932966e-03
8.950475442497461687e-03
8.950460591008489036e-03
8.950445440609591796e-03
8.950431787575454518e-03
8.950421316065083899e-03
8.950415252768397986e-03
8.950414136970619161e-03
8.950417784489671583e-03
8.950425428717085838e-03
8.950435952134350170e-03
8.950448112935037795e-03
8.950460708136818641e-03
8.950472660089407728e-03
8.950483043237821706e-03
8.950491078637630785e-03
8.950496122352127187e-03
8.950497668302226026e-03
8.950495379977024824e-03
8.950489157758496211e-03
8.950479235847042317e-03
8.950466282123084247e-03
8.950451449868692538e-03
8.950436318530950730e-03
8.950422684996508713e-03
8.950412233984085184e-03
8.950406192577045617e-03
8.950405100216175455e-03
8.950408772632229004e-03
8.950416442940322542e-03
8.950426993237552142e-03
8.950439181302042094e-03
8.950451803758634195e-03
8.950463782614034858e-03
8.950474192027274220e-03
8.950482252821417503e-03
8.950487320875388786e-03
8.950488889972881348e-03
8.950486623520817128e-03
8.950480421892196767e-03
8.950470519378160572e-03
8.950457584076133150e-03
8.950442769622915171e-03
8.950427655936937094e-03
8.950414040429073570e-03
8.950403608298553026e-03
8.950397586967581004e-03
8.950396516012384951e-03
8.950400211090935379e-03
8.950407905082729751e-03
8.950418479755925874e-03
8.950430692532231752e-03
8.950443339698736789e-03
8.950455342966602557e-03
8.950465776247713140e-03
8.950473860163572770e-03
8.950478950432643604e-03
8.950480540718548303e-03
8.950478294355459705e-03
8.950472111706951964e-03
8.950462227141171498e-03
8.950449308942219975e-03
8.950434511053604117e-03
8.950419413802385843e-03
8.950405815054815126e-03
8.950395400428436815e-03
8.950389397641393338e-03
8.950388346389316629e-03
8.950392062268434923e-03
8.950399777954535369e-03
8.950410374930233351e-03
8.950422610307118623e-03
8.950435280077845973e-03
8.950447305695299199e-03
8.950457760854867162e-03
8.950465866000959642e-03
8.950470976710507912e-03
8.950472586540700673e-03
8.950470358760589246e-03
8.950464193724048945e-03
8.950454325865537727e-03
8.950441423632000959e-03
8.950426641235700864e-03
8.950411559362745489e-03
8.950397976280289811e-03
8.950387577974847422e-03
8.950381592426321850e-03
8.950380559436938582e-03
8.950384294549799946e-03
