4.326586821330499072e-02
4.326640609852907410e-02
4.326714021585195691e-02
4.326799871060185709e-02
4.326889770123112239e-02
4.326974946767293134e-02
4.327047096674056792e-02
4.327099186820863169e-02
4.327126136025074427e-02
4.327125308811693299e-02
4.327096775604032802e-02
4.327043312936022790e-02
4.326970140967280332e-02
4.326884420448964125e-02
4.326794555336842263e-02
4.326709367943584045e-02
4.326637228207162733e-02
4.326585225040999183e-02
4.326558464462960246e-02
4.326559566260633483e-02
4.326588409809632024e-02
4.326642153050611755e-02
4.326715520014319527e-02
4.326801325182506180e-02
4.326891180342832405e-02
4.326976313429841542e-02
4.327048420070130769e-02
4.327100467195296729e-02
4.327127373589629428e-02
4.327126503760480442e-02
4.327097928130103216e-02
4.327044423247503740e-02
4.326971209301529175e-02
4.326885447083417963e-02
4.326795540595446826e-02
4.326710312198323721e-02
4.326638131874474547e-02
4.326586088573539796e-02
4.326559288337585019e-02
4.326560350963853246e-02
4.326589155821989469e-02
4.326642860831583087e-02
4.326716189989189554e-02
4.326801957732497733e-02
4.326891775799352607e-02
4.326976872073345914e-02
4.327048942133624593e-02
4.327100952872070527e-02
4.327127823044431276e-02
4.327126917143052365e-02
4.327098305589700128e-02
4.327044764947084177e-02
4.326971515430201587e-02
4.326885717865961573e-02
4.326795776298026502e-02
4.326710513129809754e-02
4.326638298383322229e-02
4.326586221040574359e-02
4.326559387165412190e-02
4.326560416564054906e-02
4.326589188601357577e-02
4.326642861178796318e-02
4.326716158263230194e-02
4.326801894253915620e-02
4.326891680845150467e-02
4.326976745875935754e-02
4.327048784883870403e-02
4.327100764726087012e-02
4.327127604133421124e-02
4.327126667585186326e-02
4.327098025502981726e-02
4.327044454461838330e-02
4.326971174700084549e-02
4.326885347076386140e-02
4.326795375671216304e-02
4.326710082926008699e-02
4.326637838898039073e-02
4.326585732598216272e-02
4.326558870109942223e-02
4.326559871247660088e-02
4.326588615372270463e-02
4.326642260369494009e-02
4.326715530180160613e-02
4.326801239169731500e-02
4.326890998994147031e-02
4.326976037453104940e-02
4.327048050047568872e-02
4.327100003604025108e-02
4.327126816831351058e-02
4.327125854197460403e-02
4.327097186123891881e-02
4.327043589196745421e-02
4.326970283675178608e-02
4.326884430446165108e-02
4.326794433623012970e-02
4.326709115681044021e-02
4.326636846709056017e-02
4.326584715743785753e-02
4.326557828886214152e-02
4.326558805958275605e-02
