4.322457623513958902e-02
4.323627473969787749e-02
4.325066039093763970e-02
4.326632328090419810e-02
4.328173025084014469e-02
4.329537495319026041e-02
4.330592461777161423e-02
4.331234941782164533e-02
4.331402219008357452e-02
4.331077916165219227e-02
4.330293599231680585e-02
4.329125755818940408e-02
4.327688417471966392e-02
4.326122106373371523e-02
4.324580146819034798e-02
4.323213655797776556e-02
4.322156682178072279e-02
4.321512975287428865e-02
4.321345720062855916e-02
4.321671285374915211e-02
4.322457623009554745e-02
4.323627473503076357e-02
4.325066038662220974e-02
4.326632327691538882e-02
4.328173024715430833e-02
4.329537494977551276e-02
4.330592461461914983e-02
4.331234941491076545e-02
4.331402218738551746e-02
4.331077915915768767e-02
4.330293599001561189e-02
4.329125755606049591e-02
4.327688417275266791e-02
4.326122106191626626e-02
4.324580146650732621e-02
4.323213655642085124e-02
4.322156682034378888e-02
4.321512975155043096e-02
4.321345719940192232e-02
4.321671285261741158e-02
4.322457622905528235e-02
4.323627473408066940e-02
4.325066038574935934e-02
4.326632327611393269e-02
4.328173024641231159e-02
4.329537494909802692e-02
4.330592461398829335e-02
4.331234941433247804e-02
4.331402218685296429e-02
4.331077915866422823e-02
4.330293598955177459e-02
4.329125755562673872e-02
4.327688417234711038e-02
4.326122106154749875e-02
4.324580146616921472e-02
4.323213655610669975e-02
4.322156682005343087e-02
4.321512975127737161e-02
4.321345719915421768e-02
4.321671285238295329e-02
4.322457622883854600e-02
4.323627473387749859e-02
4.325066038555901854e-02
4.326632327593813582e-02
4.328173024625393134e-02
4.329537494894936112e-02
4.330592461385161102e-02
4.331234941420116641e-02
4.331402218673000015e-02
4.331077915854975036e-02
4.330293598944574135e-02
4.329125755552853949e-02
4.327688417226337181e-02
4.326122106146881169e-02
4.324580146609648817e-02
4.323213655604159211e-02
4.322156681999553968e-02
4.321512975122530215e-02
4.321345719911083572e-02
4.321671285234436610e-02
4.322457622880205436e-02
4.323627473383900854e-02
4.325066038552387304e-02
4.326632327589851473e-02
4.328173024621785603e-02
4.329537494892098104e-02
4.330592461382864328e-02
4.331234941417583945e-02
4.331402218671454030e-02
4.331077915853994570e-02
4.330293598943726202e-02
4.329125755552708232e-02
4.327688417225115242e-02
4.326122106146191443e-02
4.324580146608460879e-02
4.323213655602449468e-02
4.322156681998230721e-02
4.321512975121105660e-02
4.321345719909368971e-02
4.321671285233737864e-02
