4.246306035305544985e-02
4.285232198320911012e-02
4.327556020023536065e-02
4.369078722864807446e-02
4.405820284140068988e-02
4.434374722436302402e-02
4.452170860579096612e-02
4.457640639370433894e-02
4.450308588642095525e-02
4.430816197217402053e-02
4.400886673019728523e-02
4.363224267189501349e-02
4.321334154556445012e-02
4.279249468322170874e-02
4.241164779062108620e-02
4.210999011242073931e-02
4.191938872572800734e-02
4.186035349168618080e-02
4.193929604667466504e-02
4.214765296435871861e-02
4.246306035306476878e-02
4.285232198322802555e-02
4.327556020025501854e-02
4.369078722865361863e-02
4.405820284140119641e-02
4.434374722435828475e-02
4.452170860577216865e-02
4.457640639368598556e-02
4.450308588639809160e-02
4.430816197216092683e-02
4.400886673018628709e-02
4.363224267187545968e-02
4.321334154554474366e-02
4.279249468320302924e-02
4.241164779062220336e-02
4.210999011243151541e-02
4.191938872573230251e-02
4.186035349168824860e-02
4.193929604667583078e-02
4.214765296436586567e-02
4.246306035307372689e-02
4.285232198321883845e-02
4.327556020023831662e-02
4.369078722864235681e-02
4.405820284139314036e-02
4.434374722435607125e-02
4.452170860576797756e-02
4.457640639369488123e-02
4.450308588640802115e-02
4.430816197217132130e-02
4.400886673019225453e-02
4.363224267186923550e-02
4.321334154551703666e-02
4.279249468316918131e-02
4.241164779058347045e-02
4.210999011239254658e-02
4.191938872569785784e-02
4.186035349165184716e-02
4.193929604664964339e-02
4.214765296434099667e-02
4.246306035304995424e-02
4.285232198321379388e-02
4.327556020023665129e-02
4.369078722862707043e-02
4.405820284138504961e-02
4.434374722435169974e-02
4.452170860579487965e-02
4.457640639372299068e-02
4.450308588642383489e-02
4.430816197217295194e-02
4.400886673019827056e-02
4.363224267189268896e-02
4.321334154554401508e-02
4.279249468319520217e-02
4.241164779061720735e-02
4.210999011242427120e-02
4.191938872571444874e-02
4.186035349166752212e-02
4.193929604665817129e-02
4.214765296434874742e-02
4.246306035304312637e-02
4.285232198320826358e-02
4.327556020023575617e-02
4.369078722864081638e-02
4.405820284140587323e-02
4.434374722437049721e-02
4.452170860580626638e-02
4.457640639372272007e-02
4.450308588641731233e-02
4.430816197216715796e-02
4.400886673018859080e-02
4.363224267188262062e-02
4.321334154555054458e-02
4.279249468320396599e-02
4.241164779061462609e-02
4.210999011241967765e-02
4.191938872572108926e-02
4.186035349167963743e-02
4.193929604665951744e-02
4.214765296435028785e-02
