4.289819761897675776e-02
4.300619953215020080e-02
4.313854365972891181e-02
4.328213068820415538e-02
4.342291007024661614e-02
4.354725263807066038e-02
4.364322667013415674e-02
4.370167488372164039e-02
4.371702116151465756e-02
4.368776147158855150e-02
4.361661144612711399e-02
4.351029631821940608e-02
4.337898326953401607e-02
4.323537778040274088e-02
4.309353743403653014e-02
4.296749663406592562e-02
4.286983577148967967e-02
4.281035645640612897e-02
4.279502865654097321e-02
4.282534933114411080e-02
4.289819757213651080e-02
4.300619948894290195e-02
4.313854361989789832e-02
4.328213065151113176e-02
4.342291003644611208e-02
4.354725260693084049e-02
4.364322664143326785e-02
4.370167485725132139e-02
4.371702113707335441e-02
4.368776144899039898e-02
4.361661142521986584e-02
4.351029629885766470e-02
4.337898325159030011e-02
4.323537776376340513e-02
4.309353741861089021e-02
4.296749661976149298e-02
4.286983575822903014e-02
4.281035644411950586e-02
4.279502864516857713e-02
4.282534932062938976e-02
4.289819756242606308e-02
4.300619947997571385e-02
4.313854361163316220e-02
4.328213064389132420e-02
4.342291002942948869e-02
4.354725260046812818e-02
4.364322663547856584e-02
4.370167485176387062e-02
4.371702113201202111e-02
4.368776144431472941e-02
4.361661142089518634e-02
4.351029629485752420e-02
4.337898324787851229e-02
4.323537776032397584e-02
4.309353741541729205e-02
4.296749661679782895e-02
4.286983575547871628e-02
4.281035644157377834e-02
4.279502864281378022e-02
4.282534931845033421e-02
4.289819756040957194e-02
4.300619947811582661e-02
4.313854360992024073e-02
4.328213064231607038e-02
4.342291002797596389e-02
4.354725259912958085e-02
4.364322663423948756e-02
4.370167485061735718e-02
4.371702113095352754e-02
4.368776144333685191e-02
4.361661141998344343e-02
4.351029629401695353e-02
4.337898324710066228e-02
4.323537775960428764e-02
4.309353741474531568e-02
4.296749661617298849e-02
4.286983575489662635e-02
4.281035644103453608e-02
4.279502864231108511e-02
4.282534931799385908e-02
4.289819755998474510e-02
4.300619947772473667e-02
4.313854360956140971e-02
4.328213064197915932e-02
4.342291002766848762e-02
4.354725259884560662e-02
4.364322663397834229e-02
4.370167485036870192e-02
4.371702113072285095e-02
4.368776144312811610e-02
4.361661141979229772e-02
4.351029629383643821e-02
4.337898324693591906e-02
4.323537775945045236e-02
4.309353741459907849e-02
4.296749661603768700e-02
4.286983575477255892e-02
4.281035644091944758e-02
4.279502864220895153e-02
4.282534931789837990e-02
