4.326969255906866485e-02
4.327236586455018852e-02
4.327664397847976602e-02
4.328210129988423194e-02
4.328819951548067146e-02
4.329433999209659351e-02
4.329992116097336474e-02
4.330439573875372733e-02
4.330732281266500006e-02
4.330841025261589206e-02
4.330754358345230426e-02
4.330479839149956739e-02
4.330043460008048406e-02
4.329487253813853881e-02
4.328865256326374505e-02
4.328238189042437484e-02
4.327667393182258598e-02
4.327208655407779880e-02
4.326906595235958941e-02
4.326790222212665432e-02
4.326870126514127668e-02
4.327137565809247022e-02
4.327565489805204613e-02
4.328111337395282310e-02
4.328721275983880845e-02
4.329335440851377059e-02
4.329893673718171465e-02
4.330341244975922238e-02
4.330634062325595945e-02
4.330742912083920815e-02
4.330656346473853863e-02
4.330381924305419516e-02
4.329945638512257972e-02
4.329389522956895303e-02
4.328767614638980715e-02
4.328140636445218514e-02
4.327569930995375791e-02
4.327111286219284536e-02
4.326809322642551081e-02
4.326693050460241052e-02
4.326773060075916888e-02
4.327040608945112443e-02
4.327468646146189618e-02
4.328014609593596601e-02
4.328624665460623772e-02
4.329238947664146991e-02
4.329797296559129149e-02
4.330244981299181950e-02
4.330537908591684804e-02
4.330646864098779136e-02
4.330560399791370113e-02
4.330286074656022888e-02
4.329849882216828261e-02
4.329293857285061026e-02
4.328672038075286055e-02
4.328045148835062833e-02
4.327474533554523384e-02
4.327015981405409745e-02
4.326714113902007525e-02
4.326597941876863390e-02
4.326678055958780439e-02
4.326945713397747917e-02
4.327373862660482268e-02
4.327919940707499608e-02
4.328530112511366074e-02
4.329144510658563400e-02
4.329702974171497493e-02
4.330150770995514625e-02
4.330443806868482931e-02
4.330552866814222496e-02
4.330466502558674713e-02
4.330192273262461339e-02
4.329756173028211780e-02
4.329200237596099454e-02
4.328578506369862994e-02
4.327951704928916649e-02
4.327381178604639000e-02
4.326922717784473238e-02
4.326620944950790998e-02
4.326504871560864218e-02
4.326585088465066675e-02
4.326852852713704983e-02
4.327281112176570993e-02
4.327827302882440025e-02
4.328437588630708321e-02
4.329052100707758699e-02
4.329610676833655497e-02
4.330058583772912473e-02
4.330351726315904287e-02
4.330460888862842223e-02
4.330374622900733106e-02
4.330100487760953076e-02
4.329664478112645043e-02
4.329108630605065650e-02
4.328486985805640730e-02
4.327860270597085751e-02
4.327289831623282873e-02
4.326831460461341705e-02
4.326529780541191889e-02
4.326413803931750124e-02
