4.340036471504366694e-02
4.340137225298142803e-02
4.340275348096861441e-02
4.340437275955440904e-02
4.340607137107075492e-02
4.340768302211452795e-02
4.340905001530340201e-02
4.341003854782145982e-02
4.341055169176025186e-02
4.341053883026924076e-02
4.341000064562582084e-02
4.340898915836415711e-02
4.340760277335525830e-02
4.340597676504059227e-02
4.340427008810554543e-02
4.340264978450857070e-02
4.340127452584769535e-02
4.340027894273817965e-02
4.339976032831224101e-02
4.339976906258670442e-02
4.340030371486281596e-02
4.340131129045947389e-02
4.340269255670001908e-02
4.340431187383356898e-02
4.340601052385088809e-02
4.340762221300025619e-02
4.340898924357734084e-02
4.340997781250149207e-02
4.341049099168155928e-02
4.341047816418322491e-02
4.340994001230540078e-02
4.340892855670661771e-02
4.340754220247185213e-02
4.340591622432440899e-02
4.340420957727211121e-02
4.340258930360423040e-02
4.340121407522690850e-02
4.340021852301048644e-02
4.339969994026596917e-02
4.339970870709627254e-02
4.340024339278933385e-02
4.340125100255485396e-02
4.340263230352259249e-02
4.340425165568495558e-02
4.340595034073817943e-02
4.340756206462762640e-02
4.340892912936733516e-02
4.340991773164264850e-02
4.341043094319915752e-02
4.341041814702433638e-02
4.340988002543117591e-02
4.340886859918257484e-02
4.340748227354750827e-02
4.340585632349452938e-02
4.340414970431395042e-02
4.340252945858714961e-02
4.340115425849328662e-02
4.340015873513065198e-02
4.339964018197128154e-02
4.339964897919736109e-02
4.340018369608764776e-02
4.340119133775630772e-02
4.340257267116175849e-02
4.340419205606675657e-02
4.340589077390285405e-02
4.340750253034177109e-02
4.340886962714120278e-02
4.340985826077292664e-02
4.341037150283131446e-02
4.341035873622935137e-02
4.340982064328961082e-02
4.340880924486682085e-02
4.340742294639467896e-02
4.340579702306387316e-02
4.340409043042138537e-02
4.340247021131584532e-02
4.340109503817701775e-02
4.340009954231379558e-02
4.339958101734754659e-02
4.339958984353537580e-02
4.340012459014927493e-02
4.340113226221689602e-02
4.340251362653918532e-02
4.340413304266706879e-02
4.340583179178647555e-02
4.340744357931432262e-02
4.340881070676899656e-02
4.340979937042155345e-02
4.341031264172298676e-02
4.341029990351481793e-02
4.340976183812607359e-02
4.340875046649491503e-02
4.340736419420797298e-02
4.340573829666247857e-02
4.340403172964602679e-02
4.340241153625770676e-02
4.340103638916362194e-02
4.340004091987133272e-02
4.339952242214445421e-02
4.339953127631165225e-02
