4.329881944221029150e-02
4.332514664879218158e-02
4.336065273257233565e-02
4.340181335041832372e-02
4.344459000412577432e-02
4.348481806317627124e-02
4.351859517892114199e-02
4.354263935421070347e-02
4.355459054823522524e-02
4.355323362682688576e-02
4.353862391502297952e-02
4.351210071735972518e-02
4.347618046620086579e-02
4.343433077482028448e-02
4.339063960599053721e-02
4.334940843105559993e-02
4.331471161891320421e-02
4.328997271814102182e-02
4.327760882948748777e-02
4.327878589560597844e-02
4.329331195569097873e-02
4.331967580473800039e-02
4.335521946486984440e-02
4.339641813889191096e-02
4.343923281872318770e-02
4.347949835763746662e-02
4.351331193248657997e-02
4.353739115618743272e-02
4.354937571722612005e-02
4.354805035403091357e-02
4.353347041914523013e-02
4.350697539737142377e-02
4.347108203771028051e-02
4.342925837648399512e-02
4.338559286456050018e-02
4.334438747743129400e-02
4.330971705275515893e-02
4.328500552451731292e-02
4.327267025678926265e-02
4.327387730851701281e-02
4.328843467959275770e-02
4.331483097818251971e-02
4.335040791488153911e-02
4.339164029038961728e-02
4.343448864509377727e-02
4.347478737512752711e-02
4.350863323714052738e-02
4.353274349873433036e-02
4.354475760866732825e-02
4.354346019254282107e-02
4.352890662726422583e-02
4.350243655727124847e-02
4.346656701196906919e-02
4.342476640232009050e-02
4.338112361143470902e-02
4.333994106126543011e-02
4.330529400459134232e-02
4.328060671670516668e-02
4.326829679486858538e-02
4.326953040101427783e-02
4.328411550022789878e-02
4.331054053522517128e-02
4.334614694072119745e-02
4.338740916132279024e-02
4.343028733755216475e-02
4.347061546071404048e-02
4.350448991533624465e-02
4.352862766322044413e-02
4.354066794082860764e-02
4.353939527384970837e-02
4.352486506075757544e-02
4.349841708736350288e-02
4.346256863139179999e-02
4.342078843557500151e-02
4.337716576580600419e-02
4.333600343940981897e-02
4.330137707678546888e-02
4.327671125547712799e-02
4.326442377925370647e-02
4.326568090124938148e-02
4.328029055572669981e-02
4.330674103888361437e-02
4.334237354112278895e-02
4.338366219170477350e-02
4.342656677704360979e-02
4.346692092993743178e-02
4.350082070537527462e-02
4.352498279435024903e-02
4.353704624531984368e-02
4.353579549549203842e-02
4.352128596244294462e-02
4.349485755717937691e-02
4.345902777732905953e-02
4.341726565943163085e-02
4.337366080836089349e-02
4.333251639157306018e-02
4.329790835502076579e-02
4.327326154391299834e-02
4.326099394489619360e-02
4.326227189187138028e-02
