4.322144468964653208e-02
4.323125072159626769e-02
4.324801555024072180e-02
4.327005417918727836e-02
4.329518351211272820e-02
4.332093587620822195e-02
4.334479365889852553e-02
4.336442472613075833e-02
4.337789971325105992e-02
4.338387403487295457e-02
4.338171939084778383e-02
4.337159199589932929e-02
4.335442837787058246e-02
4.333186497428882095e-02
4.330608506449458439e-02
4.327960521518507686e-02
4.325502201031224819e-02
4.323474650829473714e-02
4.322075684027055359e-02
4.321439760366324601e-02
4.321624837362760679e-02
4.322607409268356543e-02
4.324285937935493790e-02
4.326491902940941825e-02
4.329006968100066605e-02
4.331584336442383804e-02
4.333972216721333065e-02
4.335937368041931084e-02
4.337286831484646332e-02
4.337886133168788322e-02
4.337672436296716172e-02
4.336661364799834079e-02
4.334946582988988967e-02
4.332691754155185149e-02
4.330115231903606393e-02
4.327468702163493608e-02
4.325011853220252916e-02
4.322985818387983792e-02
4.321588433044381422e-02
4.320954171775863439e-02
4.321140998131212801e-02
4.322125403142074856e-02
4.323805836696500982e-02
4.326013759018765975e-02
4.328530809200912405e-02
4.331110162627845733e-02
4.333500000129615615e-02
4.335467055215164872e-02
4.336818348057421002e-02
4.337419390490291488e-02
4.337207339400733080e-02
4.336197821009665776e-02
4.334484510360583215e-02
4.332231088936980279e-02
4.329655934246879473e-02
4.327010759463699452e-02
4.324555280704121818e-02
4.322530656862256376e-02
4.321134744046134513e-02
4.320502030663838505e-02
4.320690485881786835e-02
4.321676597733096342e-02
4.323358804965565100e-02
4.325568549784095107e-02
4.328087448260332232e-02
4.330668650038706907e-02
4.333060309949299943e-02
4.335029137667893023e-02
4.336382133900109487e-02
4.336984797178446149e-02
4.336774278509444858e-02
4.335766206245828674e-02
4.334054265424467506e-02
4.331802154468266525e-02
4.329228273141635941e-02
4.326584359985546219e-02
4.324130157031006588e-02
4.322106846990122347e-02
4.320712305273376186e-02
4.320081033158466866e-02
4.320271005042489176e-02
4.321258706166640484e-02
4.322942564905760815e-02
4.325154006686550423e-02
4.327674626145822795e-02
4.330257548960660119e-02
4.332650905752013365e-02
4.334621384004211375e-02
4.335975966296436862e-02
4.336580138775954912e-02
4.336371046973912236e-02
4.335364321228071111e-02
4.333653655880326944e-02
4.331402765126108473e-02
4.328830069453297458e-02
4.326187331023088889e-02
4.323734315995789168e-02
4.321712229260899624e-02
4.320318964201842749e-02
4.319689034079380457e-02
