4.110942451839160600e-02
4.212680637443064202e-02
4.321421084553454112e-02
4.426213514827893186e-02
4.517391118130641148e-02
4.587259419896915630e-02
4.630382973159442167e-02
4.643615909089450489e-02
4.626037165555547254e-02
4.578909418118447955e-02
4.505706474310097742e-02
4.412167018829943332e-02
4.306251876577357751e-02
4.197832909942504631e-02
4.097957514408737817e-02
4.017638808583674781e-02
3.966306334305118309e-02
3.950246587110439050e-02
3.971461126885077186e-02
4.027293895881206565e-02
4.110942451835951361e-02
4.212680637438956377e-02
4.321421084550053360e-02
4.426213514825511758e-02
4.517391118129933381e-02
4.587259419896137086e-02
4.630382973159113263e-02
4.643615909089467836e-02
4.626037165556597802e-02
4.578909418117533409e-02
4.505706474309042336e-02
4.412167018829413201e-02
4.306251876575272614e-02
4.197832909940080875e-02
4.097957514406481982e-02
4.017638808583732374e-02
3.966306334306087672e-02
3.950246587111742869e-02
3.971461126887204651e-02
4.027293895883280600e-02
4.110942451837650696e-02
4.212680637440302522e-02
4.321421084551984454e-02
4.426213514826225076e-02
4.517391118128200045e-02
4.587259419895703405e-02
4.630382973157760873e-02
4.643615909088962684e-02
4.626037165556110692e-02
4.578909418117830393e-02
4.505706474310702814e-02
4.412167018831351234e-02
4.306251876578057192e-02
4.197832909943816082e-02
4.097957514409816121e-02
4.017638808584823168e-02
3.966306334304684628e-02
3.950246587110851915e-02
3.971461126887036730e-02
4.027293895883541502e-02
4.110942451839438155e-02
4.212680637441911652e-02
4.321421084552883041e-02
4.426213514826512346e-02
4.517391118130029137e-02
4.587259419895951817e-02
4.630382973157930876e-02
4.643615909089288118e-02
4.626037165557185526e-02
4.578909418119976593e-02
4.505706474312270310e-02
4.412167018832960363e-02
4.306251876578311155e-02
4.197832909943371299e-02
4.097957514408506058e-02
4.017638808584658022e-02
3.966306334306045345e-02
3.950246587110173985e-02
3.971461126886256798e-02
4.027293895883832242e-02
4.110942451838569406e-02
4.212680637441488379e-02
4.321421084552456299e-02
4.426213514825960010e-02
4.517391118128580296e-02
4.587259419895917817e-02
4.630382973158842647e-02
4.643615909089022359e-02
4.626037165556554781e-02
4.578909418119581770e-02
4.505706474311597931e-02
4.412167018831748139e-02
4.306251876578214011e-02
4.197832909943032681e-02
4.097957514407814250e-02
4.017638808583600535e-02
3.966306334305032960e-02
3.950246587109752100e-02
3.971461126886736276e-02
4.027293895882922553e-02
