4.326342391779951918e-02
4.329525147219834280e-02
4.333790427140436774e-02
4.338716076683382661e-02
4.343819600373771683e-02
4.348604589647479118e-02
4.352607207916595750e-02
4.355438980424859025e-02
4.356822677290641405e-02
4.356618577969134654e-02
4.354838879673580965e-02
4.351648578461983496e-02
4.347351966351772901e-02
4.342365062631297484e-02
4.337175818071774269e-02
4.332295610365918814e-02
4.328207047609065883e-02
4.325314013165375976e-02
4.323899900584281947e-02
4.324098997303581216e-02
4.325884152240169062e-02
4.329071604539076745e-02
4.333341649060518108e-02
4.338272085707104569e-02
4.343380368882261700e-02
4.348170039925512709e-02
4.352177216861846665e-02
4.355013388349238818e-02
4.356401299932249893e-02
4.356201220616623404e-02
4.354425352147459072e-02
4.351238709609817068e-02
4.346945616708013105e-02
4.341962134003640728e-02
4.336776259056974309e-02
4.331899417182435291e-02
4.327814260128087787e-02
4.324924706570053984e-02
4.323514173595693205e-02
4.323716958306672575e-02
4.325505904843927885e-02
4.328697234099221358e-02
4.332971211493332614e-02
4.337905599587430633e-02
4.343017811412452911e-02
4.347811346956578782e-02
4.351822286780650251e-02
4.354662089343550729e-02
4.356053479905731135e-02
4.355856718847517239e-02
4.354084011654946185e-02
4.350900389118253497e-02
4.346610201097643456e-02
4.341629542222971011e-02
4.336446448675976978e-02
4.331572385079590637e-02
4.327490039214684781e-02
4.324603358904859085e-02
4.323195780666684584e-02
4.323401609578693405e-02
4.325193685839522767e-02
4.328388215274055206e-02
4.332665439002879315e-02
4.337603088763856279e-02
4.342718543437766587e-02
4.347515268879879186e-02
4.351529314727006076e-02
4.354372114510274977e-02
4.355766376746977864e-02
4.355572354697733600e-02
4.353802256936463444e-02
4.350621127217307177e-02
4.346333336990164387e-02
4.341355009006079430e-02
4.336174211326378203e-02
4.331302441020713767e-02
4.327222415612740070e-02
4.324338106985296803e-02
4.322932967692705991e-02
4.323141309397710713e-02
4.324935969044949036e-02
4.328133140022458886e-02
4.332413043392629309e-02
4.337353385450769261e-02
4.342471516888796179e-02
4.347270875387468370e-02
4.351287485057713650e-02
4.354132758854348251e-02
4.355529391474485812e-02
4.355337630301835128e-02
4.353569686459018290e-02
4.350390614401068029e-02
4.346104803398775224e-02
4.341128399415657146e-02
4.335949496827398025e-02
4.331079619486377652e-02
4.327001509466945478e-02
4.324119158511478128e-02
4.322716032412192433e-02
4.322926448266883187e-02
