4.340052508493207062e-02
4.340066281946136639e-02
4.340085136251194131e-02
4.340107219470915739e-02
4.340130363876294056e-02
4.340152298097484096e-02
4.340170869332276443e-02
4.340184253910258499e-02
4.340191135664978050e-02
4.340190834707868817e-02
4.340183374022037188e-02
4.340169477341623144e-02
4.340150498474702745e-02
4.340128288924687688e-02
4.340105016713923652e-02
4.340082954120963454e-02
4.340064255125046511e-02
4.340050744392388860e-02
4.340043738523630817e-02
4.340043917114125988e-02
4.340051256272070557e-02
4.340065031086232789e-02
4.340083886752481301e-02
4.340105971332824247e-02
4.340129117097604738e-02
4.340151052676357452e-02
4.340169625266247083e-02
4.340183011196325352e-02
4.340189894299776446e-02
4.340189594687839103e-02
4.340182135343657183e-02
4.340168240001555239e-02
4.340149262470028441e-02
4.340127054253004046e-02
4.340103783373468194e-02
4.340081722110627344e-02
4.340063024444328760e-02
4.340049515041304040e-02
4.340042510502586937e-02
4.340042690423717014e-02
4.340050030912883522e-02
4.340063807058633372e-02
4.340082664056452155e-02
4.340104749967827608e-02
4.340127897062503320e-02
4.340149833969348531e-02
4.340168407884924251e-02
4.340181795137790233e-02
4.340188679560760127e-02
4.340188381264890871e-02
4.340180923233311755e-02
4.340167029200575621e-02
4.340148052975557197e-02
4.340125846062722892e-02
4.340102576485651426e-02
4.340080516524196658e-02
4.340061820158812311e-02
4.340048312056744850e-02
4.340041308819372196e-02
4.340041490042442079e-02
4.340048831834121545e-02
4.340062609282750727e-02
4.340081467583462721e-02
4.340103554797201252e-02
4.340126703193118718e-02
4.340148641399451529e-02
4.340167216612179218e-02
4.340180605159354998e-02
4.340187490873442799e-02
4.340187193865294862e-02
4.340179737118085579e-02
4.340165844366547510e-02
4.340146869419943265e-02
4.340124663783255510e-02
4.340101395480656238e-02
4.340079336792623810e-02
4.340060641700195510e-02
4.340047134871116707e-02
4.340040132907137249e-02
4.340040315404165849e-02
4.340047658470375103e-02
4.340061437193919874e-02
4.340080296769512069e-02
4.340102385257643691e-02
4.340125534926850270e-02
4.340147474404770778e-02
4.340166050886790777e-02
4.340179440700490943e-02
4.340186327677966055e-02
4.340186031929918475e-02
4.340178576439501779e-02
4.340164684941665019e-02
4.340145711246042037e-02
4.340123506858107466e-02
4.340100239802631432e-02
4.340078182360680714e-02
4.340059488513887259e-02
4.340045982930486324e-02
4.340038982212560820e-02
4.340039165956228323e-02
