4.291867547735264687e-02
4.299151879237834983e-02
4.308967982209400971e-02
4.320342865501503732e-02
4.332161706210547331e-02
4.343277378730586724e-02
4.352618940790393964e-02
4.359289922921116833e-02
4.362649256999905772e-02
4.362369465752082009e-02
4.358468127256298619e-02
4.351309784495849958e-02
4.341576788201133297e-02
4.330209483076318672e-02
4.318318922038229257e-02
4.307078778811124914e-02
4.297606722837518656e-02
4.290848280625423478e-02
4.287477166706091941e-02
4.287824623321079276e-02
4.291846518836410496e-02
4.299131581347025860e-02
4.308948402785700571e-02
4.320323987665532217e-02
4.332143508564737650e-02
4.343259835695272714e-02
4.352602023371449080e-02
4.359273599794356857e-02
4.362633495786717025e-02
4.362354234356299876e-02
4.358453395146968945e-02
4.351295523825079309e-02
4.341562974669797847e-02
4.330196096479121265e-02
4.318305946448148386e-02
4.307066202392583615e-02
4.297594537319664870e-02
4.290836480495900662e-02
4.287465748220908868e-02
4.287813583442577625e-02
4.291835854214679641e-02
4.299121287449518547e-02
4.308938473252566653e-02
4.320314413936532372e-02
4.332134279788214803e-02
4.343250938898831487e-02
4.352593443850915483e-02
4.359265321663993720e-02
4.362625502625465390e-02
4.362346509887372881e-02
4.358445923886907630e-02
4.351288291650768497e-02
4.341555969258326791e-02
4.330189307583656722e-02
4.318299365991302291e-02
4.307059824372013596e-02
4.297588357540766540e-02
4.290830496163208080e-02
4.287459957435998253e-02
4.287807984664801508e-02
4.291830445745197647e-02
4.299116066989528556e-02
4.308933437576573794e-02
4.320309558703444575e-02
4.332129599494743272e-02
4.343246426966013152e-02
4.352589092821743805e-02
4.359261123482419120e-02
4.362621448963642512e-02
4.362342592490656146e-02
4.358442134902756893e-02
4.351284623917232863e-02
4.341552416525788771e-02
4.330185864655348993e-02
4.318296028770549772e-02
4.307056589815107944e-02
4.297585223520489911e-02
4.290827461261938203e-02
4.287457020690690901e-02
4.287805145294347475e-02
4.291827702887951457e-02
4.299113419479469456e-02
4.308930883778411269e-02
4.320307096415351711e-02
4.332127225925878206e-02
4.343244138779734503e-02
4.352586886236468194e-02
4.359258994412278099e-02
4.362619393185464267e-02
4.362340605817970757e-02
4.358440213353301229e-02
4.351282763858502906e-02
4.341550614788535628e-02
4.330184118604345211e-02
4.318294336328317579e-02
4.307054949437945368e-02
4.297583634129595320e-02
4.290825922138256227e-02
4.287455531345738674e-02
4.287803705332084853e-02
