4.221369540810807758e-02
4.251859438450583673e-02
4.288962264688406939e-02
4.328936774504466706e-02
4.367876529479879089e-02
4.402087800350685393e-02
4.428405550202351576e-02
4.444434383292193702e-02
4.448716084402513232e-02
4.440831214021771778e-02
4.421439574180004856e-02
4.392256370257068693e-02
4.355952489982896358e-02
4.315964045019304168e-02
4.276202716228461043e-02
4.240675958792590461e-02
4.213051306308850108e-02
4.196223449294027297e-02
4.191955840009765899e-02
4.200662455261675726e-02
4.221369527271013472e-02
4.251859425999510861e-02
4.288962253263887275e-02
4.328936764037792650e-02
4.367876519895357718e-02
4.402087791571251268e-02
4.428405542149632668e-02
4.444434375892020173e-02
4.448716077585553735e-02
4.440831207722669566e-02
4.421439568343529802e-02
4.392256364833539706e-02
4.355952484931639029e-02
4.315964040308109539e-02
4.276202711832637754e-02
4.240675954691407179e-02
4.213051302487786504e-02
4.196223445742024855e-02
4.191955836715770267e-02
4.200662452216370746e-02
4.221369524464083783e-02
4.251859423419373368e-02
4.288962250897136730e-02
4.328936761868544536e-02
4.367876517908528267e-02
4.402087789750770697e-02
4.428405540479753849e-02
4.444434374357427581e-02
4.448716076170775025e-02
4.440831206416040455e-02
4.421439567132244564e-02
4.392256363707871397e-02
4.355952483884078380e-02
4.315964039331482427e-02
4.276202710921554739e-02
4.240675953842388407e-02
4.213051301696162099e-02
4.196223445006322383e-02
4.191955836034048227e-02
4.200662451586081869e-02
4.221369523882458757e-02
4.251859422884588652e-02
4.288962250406248150e-02
4.328936761418795270e-02
4.367876517497624317e-02
4.402087789375114940e-02
4.428405540135685325e-02
4.444434374040644870e-02
4.448716075879147192e-02
4.440831206146218096e-02
4.421439566882703204e-02
4.392256363476242792e-02
4.355952483668173308e-02
4.315964039130073399e-02
4.276202710733873619e-02
4.240675953667992493e-02
4.213051301533797532e-02
4.196223444854475793e-02
4.191955835893575177e-02
4.200662451455611929e-02
4.221369523762055764e-02
4.251859422773789088e-02
4.288962250303954976e-02
4.328936761324963384e-02
4.367876517410725079e-02
4.402087789295161535e-02
4.428405540062720774e-02
4.444434373974344432e-02
4.448716075818426319e-02
4.440831206090682659e-02
4.421439566831453921e-02
4.392256363429076355e-02
4.355952483624422888e-02
4.315964039089464910e-02
4.276202710695330145e-02
4.240675953631118517e-02
4.213051301499901730e-02
4.196223444823291016e-02
4.191955835864166757e-02
4.200662451428583549e-02
