4.299273789233612475e-02
4.303114728432331365e-02
4.309157315136562250e-02
4.316794559630005718e-02
4.325273479355186412e-02
4.333768881576155474e-02
4.341460419431791146e-02
4.347606802699653661e-02
4.351612161352591546e-02
4.353080354258009182e-02
4.351853411999854343e-02
4.348030523209005238e-02
4.341964445221842966e-02
4.334233409974103113e-02
4.325588799136430296e-02
4.316881998617281418e-02
4.308977363922666254e-02
4.302661220565542205e-02
4.298558314846461642e-02
4.297066489989704446e-02
4.298317604490383553e-02
4.302168521337688956e-02
4.308221473831124609e-02
4.315869332964297062e-02
4.324358949142077108e-02
4.332864951664658348e-02
4.340566821540679104e-02
4.346723117643204459e-02
4.350737853302214658e-02
4.352214814933286213e-02
4.350996011068823666e-02
4.347180660661706386e-02
4.341121601098725524e-02
4.333397186715238353e-02
4.324758952141241619e-02
4.316058451513520716e-02
4.308160206571214762e-02
4.301850689827358548e-02
4.297754760291094128e-02
4.296270328628848389e-02
4.297529269891094128e-02
4.301388412895133101e-02
4.307449911551236577e-02
4.315106522013819473e-02
4.323604956972380842e-02
4.332119699003169483e-02
4.339830087200841763e-02
4.345994556023689143e-02
4.350017022634702912e-02
4.351501213715877614e-02
4.350289119619057260e-02
4.346479984296199722e-02
4.340426711132299581e-02
4.332707755376321440e-02
4.324074777766884897e-02
4.315379471137859718e-02
4.307486494280986233e-02
4.301182440904519760e-02
4.297092262941289154e-02
4.295613926660857979e-02
4.296879320762903021e-02
4.300745245891397089e-02
4.306813790503614958e-02
4.314477616073967431e-02
4.322983321750942937e-02
4.331505269143332698e-02
4.339222680343401972e-02
4.345393887234760139e-02
4.349422727694567808e-02
4.350912879156988711e-02
4.349706316984697230e-02
4.345902305740537847e-02
4.339853803222368939e-02
4.332139347877932145e-02
4.323510704417376366e-02
4.314819680024443993e-02
4.306931046485084486e-02
4.300631497428043098e-02
4.296546061397815003e-02
4.295072750506401249e-02
4.296343464706704057e-02
4.300214981415107635e-02
4.306289335125327439e-02
4.313959109252132190e-02
4.322470809334341690e-02
4.330998697247977897e-02
4.338721898621705764e-02
4.344898660770553367e-02
4.348932756203861827e-02
4.350427821752959889e-02
4.349225820422722433e-02
4.345426033768536034e-02
4.339381464449586917e-02
4.331670719507773465e-02
4.323045649372876664e-02
4.314358155505765985e-02
4.306473102851250678e-02
4.300177267418411192e-02
4.296095740914961797e-02
4.294626573248171847e-02
