4.265124800907544450e-02
4.276515983453108016e-02
4.292267898148195010e-02
4.310803245723449778e-02
4.330303885207123504e-02
4.348889536771763376e-02
4.364790521881115049e-02
4.376502007324781229e-02
4.382911670112614455e-02
4.383395453387757545e-02
4.377876889661221765e-02
4.366844998573511660e-02
4.351325365899479797e-02
4.332800257527049531e-02
4.313077722798630553e-02
4.294116770988349457e-02
4.277824580097608353e-02
4.265849728399458141e-02
4.259399606483677686e-02
4.259108346290103875e-02
4.264973666262532326e-02
4.276369063380310032e-02
4.292125231944741992e-02
4.310664816489499784e-02
4.330169616175822550e-02
4.348759293816182453e-02
4.364664121277297276e-02
4.376379227545918599e-02
4.382792266316250240e-02
4.383279173264249123e-02
4.377763489369104061e-02
4.366734257539951064e-02
4.351217099322772508e-02
4.332694325510926675e-02
4.312974035231999237e-02
4.294015287618678511e-02
4.277725305721372107e-02
4.265752703687075015e-02
4.259304895525903994e-02
4.259016022400234636e-02
4.264883797757142853e-02
4.276281700966728244e-02
4.292040398989988709e-02
4.310582502944671629e-02
4.330089776393118012e-02
4.348681848040376885e-02
4.364588960261541611e-02
4.376306219564869010e-02
4.382721265780383652e-02
4.383210030143821351e-02
4.377696058669603568e-02
4.366668408103322602e-02
4.351152721261374035e-02
4.332631335638490594e-02
4.312912379966579723e-02
4.293954943024649168e-02
4.277666274651150541e-02
4.265695010324096342e-02
4.259248577980217360e-02
4.258961124265628340e-02
4.264830359656619080e-02
4.276229753051977167e-02
4.291989955155912223e-02
4.310533557215734390e-02
4.330042301626436940e-02
4.348635796811131660e-02
4.364544267608869155e-02
4.376262807161247076e-02
4.382679047054299781e-02
4.383168915884135680e-02
4.377655962659039723e-02
4.366629252351632295e-02
4.351114440426632340e-02
4.332593880256415536e-02
4.312875718175612771e-02
4.293919060592345238e-02
4.277631173273407916e-02
4.265660704381203649e-02
4.259215090133557091e-02
4.258928480437063763e-02
4.264798584001462667e-02
4.276198863499428710e-02
4.291959959967979465e-02
4.310504452839180461e-02
4.330014071921266944e-02
4.348608413577631504e-02
4.364517692219385681e-02
4.376236993040708012e-02
4.382653942725155821e-02
4.383144468298961344e-02
4.377632120550718764e-02
4.366605969345126181e-02
4.351091677668032787e-02
4.332571608332883711e-02
4.312853918141665993e-02
4.293897723984774900e-02
4.277610301100939760e-02
4.265640305194540877e-02
4.259195177407542471e-02
4.258909069585661150e-02
