4.326511968412558723e-02
4.326544766104681305e-02
4.326589535676290260e-02
4.326641899835288740e-02
4.326696743326011868e-02
4.326748712811726710e-02
4.326792738248214087e-02
4.326824525723827614e-02
4.326840974839134962e-02
4.326840480889997814e-02
4.326823092773380425e-02
4.326790510846713345e-02
4.326745923943722122e-02
4.326693700181572649e-02
4.326638960696384262e-02
4.326587077526728581e-02
4.326543145108745908e-02
4.326511478131009336e-02
4.326495186230081696e-02
4.326495868289711999e-02
4.326513456767796389e-02
4.326546226967536296e-02
4.326590969326090524e-02
4.326643306532166472e-02
4.326698123308563015e-02
4.326750066296613378e-02
4.326794065431626563e-02
4.326825826784680418e-02
4.326842249943636115e-02
4.326841730197159008e-02
4.326824316440958801e-02
4.326791709036938854e-02
4.326747096828325451e-02
4.326694847945646710e-02
4.326640083540640724e-02
4.326588175668009267e-02
4.326544218778773099e-02
4.326512527573472822e-02
4.326496211696375521e-02
4.326496870033822578e-02
4.326514435040795803e-02
4.326547182012219911e-02
4.326591901372416754e-02
4.326644215793698511e-02
4.326699009980475297e-02
4.326750930555309238e-02
4.326794907435962262e-02
4.326826646678753191e-02
4.326843047860758767e-02
4.326842506264663019e-02
4.326825070785345756e-02
4.326792441788932658e-02
4.326747808127254236e-02
4.326695537942768649e-02
4.326640752401170881e-02
4.326588823571576869e-02
4.326544845918293969e-02
4.326513134152595169e-02
4.326496797925798860e-02
4.326497436126758994e-02
4.326514981208155058e-02
4.326547708457934016e-02
4.326592408289348796e-02
4.326644703360593008e-02
4.326699478360163109e-02
4.326751379894325233e-02
4.326795337865653457e-02
4.326827058317673363e-02
4.326843440818164965e-02
4.326842880644717060e-02
4.326825426691652265e-02
4.326792779328927224e-02
4.326748127416082945e-02
4.326695839106229485e-02
4.326641035577474814e-02
4.326589088911744069e-02
4.326545093585186519e-02
4.326513364318677196e-02
4.326497010769879414e-02
4.326497631830009127e-02
4.326515159949870931e-02
4.326547870411416585e-02
4.326592553618285875e-02
4.326644832216371833e-02
4.326699590880266066e-02
4.326751476201997487e-02
4.326795418070861904e-02
4.326827122519209812e-02
4.326843489106700635e-02
4.326842913106529465e-02
4.326825443412604666e-02
4.326792780398349553e-02
4.326748112930187129e-02
4.326695809170710144e-02
4.326640990309062879e-02
4.326589028438568296e-02
4.326545018045931112e-02
4.326513273860604913e-02
4.326496905545929028e-02
4.326497511995325979e-02
