9.916684428719027555e-02
1.084823878187694546e-01
1.159015564073058030e-01
1.206981101390758315e-01
1.224025289151854518e-01
1.208479723504679859e-01
1.161866112727155675e-01
1.088747321818043651e-01
9.962807274805376978e-02
8.935176042209845571e-02
7.905171225362445098e-02
6.973616872207118178e-02
6.231700013349981276e-02
5.752044640174971274e-02
5.581602762564487341e-02
5.737058419035295787e-02
6.203194526812103732e-02
6.934382435902948505e-02
7.859048379274694018e-02
8.886679611874159779e-02
9.916684428719473032e-02
1.084823878187595736e-01
1.159015564073108406e-01
1.206981101390630778e-01
1.224025289151738638e-01
1.208479723504626846e-01
1.161866112727255596e-01
1.088747321818091668e-01
9.962807274807057578e-02
8.935176042209516667e-02
7.905171225363280540e-02
6.973616872207769046e-02
6.231700013350180423e-02
5.752044640175010132e-02
5.581602762564487341e-02
5.737058419034948842e-02
6.203194526811331433e-02
6.934382435902343433e-02
7.859048379274186091e-02
8.886679611872984330e-02
9.916684428720436151e-02
1.084823878187668594e-01
1.159015564073163362e-01
1.206981101390626199e-01
1.224025289151738638e-01
1.208479723504603254e-01
1.161866112727200778e-01
1.088747321818156338e-01
9.962807274806691205e-02
8.935176042208832492e-02
7.905171225363698262e-02
6.973616872208325546e-02
6.231700013350513490e-02
5.752044640176725426e-02
5.581602762564487341e-02
5.737058419034566509e-02
6.203194526811159348e-02
6.934382435902482211e-02
7.859048379274666263e-02
8.886679611871993456e-02
9.916684428720375089e-02
1.084823878187696489e-01
1.159015564072992943e-01
1.206981101390663114e-01
1.224025289151829121e-01
1.208479723504650855e-01
1.161866112727151651e-01
1.088747321818139963e-01
9.962807274808646585e-02
8.935176042209796998e-02
7.905171225364185372e-02
6.973616872207569206e-02
6.231700013350946477e-02
5.752044640175887208e-02
5.581602762564487341e-02
5.737058419034381240e-02
6.203194526811358495e-02
6.934382435902743114e-02
7.859048379275317131e-02
8.886679611871800555e-02
9.916684428719252375e-02
1.084823878187623630e-01
1.159015564073068716e-01
1.206981101390661171e-01
1.224025289151829121e-01
1.208479723504768816e-01
1.161866112727274469e-01
1.088747321818187841e-01
9.962807274808821445e-02
8.935176042209062863e-02
7.905171225364178433e-02
6.973616872208444895e-02
6.231700013350811862e-02
5.752044640177087637e-02
5.581602762565195108e-02
5.737058419033212731e-02
6.203194526810855425e-02
6.934382435902299024e-02
7.859048379274968799e-02
8.886679611872055906e-02
