8.275740889205551731e-02
8.505774054865761213e-02
8.774584334476324965e-02
9.055858704957585326e-02
9.322064071173256916e-02
9.547142397115995771e-02
9.709061448030140151e-02
9.791971459055108518e-02
9.787756620644277872e-02
9.696829510547168296e-02
9.528090707827070738e-02
9.298057542166916767e-02
9.029247262555881171e-02
8.747972892074373785e-02
8.481767525858831258e-02
8.256689199915741295e-02
8.094770149002057658e-02
8.011860137977082352e-02
8.016074976388072593e-02
8.107002086484929593e-02
8.275740889204946660e-02
8.505774054865360145e-02
8.774584334475821201e-02
9.055858704957123195e-02
9.322064071173240263e-02
9.547142397115974954e-02
9.709061448029782104e-02
9.791971459054736593e-02
9.787756620644015582e-02
9.696829510547388953e-02
9.528090707827728545e-02
9.298057542167402489e-02
9.029247262556250320e-02
8.747972892074609708e-02
8.481767525858810441e-02
8.256689199916081301e-02
8.094770149002476767e-02
8.011860137977626362e-02
8.016074976388137818e-02
8.107002086484890735e-02
8.275740889204534489e-02
8.505774054864653766e-02
8.774584334475744873e-02
9.055858704957255034e-02
9.322064071172542210e-02
9.547142397115458701e-02
9.709061448029125685e-02
9.791971459053895599e-02
9.787756620642905359e-02
9.696829510546364772e-02
9.528090707826394890e-02
9.298057542166182632e-02
9.029247262555673004e-02
8.747972892073820061e-02
8.481767525858106838e-02
8.256689199915413779e-02
8.094770149001870307e-02
8.011860137976842267e-02
8.016074976387732587e-02
8.107002086484656200e-02
8.275740889204380446e-02
8.505774054865014588e-02
8.774584334475553360e-02
9.055858704957142624e-02
9.322064071173144506e-02
9.547142397115959689e-02
9.709061448029930597e-02
9.791971459054847615e-02
9.787756620643786598e-02
9.696829510547068376e-02
9.528090707826930572e-02
9.298057542166171530e-02
9.029247262555306630e-02
8.747972892073971329e-02
8.481767525858155410e-02
8.256689199915406840e-02
8.094770149001818960e-02
8.011860137977049046e-02
8.016074976387974060e-02
8.107002086484638159e-02
8.275740889204555306e-02
8.505774054864531641e-02
8.774584334475520053e-02
9.055858704956969152e-02
9.322064071172452004e-02
9.547142397115464252e-02
9.709061448028959151e-02
9.791971459053847027e-02
9.787756620643064953e-02
9.696829510546542408e-02
9.528090707826719630e-02
9.298057542166209000e-02
9.029247262555648024e-02
8.747972892074255824e-02
8.481767525858460721e-02
8.256689199915621946e-02
8.094770149002199211e-02
8.011860137977432073e-02
8.016074976388400108e-02
8.107002086484878245e-02
