8.641549350636891502e-02
9.997052035794143365e-02
1.124535515578470452e-01
1.226426610378336668e-01
1.295404677703313467e-01
1.324717663724842842e-01
1.311496209135485091e-01
1.257034522030150703e-01
1.166663691799196129e-01
1.049229844956268975e-01
9.162282246405117903e-02
7.806779561246228460e-02
6.558476441255764455e-02
5.539565493255683981e-02
4.849784820007575076e-02
4.556654959793927234e-02
4.688869505686353578e-02
5.233486376740018736e-02
6.137194679048882384e-02
7.311533147476567684e-02
8.641549350636403004e-02
9.997052035793560498e-02
1.124535515578483080e-01
1.226426610378393012e-01
1.295404677703215213e-01
1.324717663724796213e-01
1.311496209135627200e-01
1.257034522030150703e-01
1.166663691799141728e-01
1.049229844956341140e-01
9.162282246405520358e-02
7.806779561247569055e-02
6.558476441254799949e-02
5.539565493255245443e-02
4.849784820007312092e-02
4.556654959793603882e-02
4.688869505685359929e-02
5.233486376739891061e-02
6.137194679049060714e-02
7.311533147477403127e-02
8.641549350636464066e-02
9.997052035794735947e-02
1.124535515578587441e-01
1.226426610378530818e-01
1.295404677703304863e-01
1.324717663724788441e-01
1.311496209135587232e-01
1.257034522030144319e-01
1.166663691799176422e-01
1.049229844956326291e-01
9.162282246404442054e-02
7.806779561245720533e-02
6.558476441256144707e-02
5.539565493256572160e-02
4.849784820007704139e-02
4.556654959794078502e-02
4.688869505686096839e-02
5.233486376741441903e-02
6.137194679049930851e-02
7.311533147476738381e-02
8.641549350637642291e-02
9.997052035795582492e-02
1.124535515578524297e-01
1.226426610378473503e-01
1.295404677703295149e-01
1.324717663724812589e-01
1.311496209135586399e-01
1.257034522030113788e-01
1.166663691799185165e-01
1.049229844956293400e-01
9.162282246404457320e-02
7.806779561245565102e-02
6.558476441255225997e-02
5.539565493256370932e-02
4.849784820007686792e-02
4.556654959794166626e-02
4.688869505685536176e-02
5.233486376741400964e-02
6.137194679050594903e-02
7.311533147477702888e-02
8.641549350638245974e-02
9.997052035795082892e-02
1.124535515578581057e-01
1.226426610378611448e-01
1.295404677703415885e-01
1.324717663724869487e-01
1.311496209135671887e-01
1.257034522030150148e-01
1.166663691799296049e-01
1.049229844956275637e-01
9.162282246403921637e-02
7.806779561245705268e-02
6.558476441254451617e-02
5.539565493254016565e-02
4.849784820007288499e-02
4.556654959793509513e-02
4.688869505685665240e-02
5.233486376742100404e-02
6.137194679050174406e-02
7.311533147477426720e-02
