9.154184144074627161e-02
9.409412907424098693e-02
9.614964317813147476e-02
9.750717571033694353e-02
9.803384192812319986e-02
9.767808807257306880e-02
9.647473780974681612e-02
9.454158344766687427e-02
9.206785560431282600e-02
8.929569999643620359e-02
8.649647452978058426e-02
8.394418689625011976e-02
8.188867279234553209e-02
8.053114026015667504e-02
8.000447404238472671e-02
8.036022789789951104e-02
8.156357816070794464e-02
8.349673252283582037e-02
8.597046036619393483e-02
8.874261597404102531e-02
9.154184144074523077e-02
9.409412907422640138e-02
9.614964317811920680e-02
9.750717571031819464e-02
9.803384192813356657e-02
9.767808807257265247e-02
9.647473780975310276e-02
9.454158344767285560e-02
9.206785560431225701e-02
8.929569999645084466e-02
8.649647452976254314e-02
8.394418689625365859e-02
8.188867279235990948e-02
8.053114026016258697e-02
8.000447404238474058e-02
8.036022789791018306e-02
8.156357816071505007e-02
8.349673252283587588e-02
8.597046036620102638e-02
8.874261597404520252e-02
9.154184144072967377e-02
9.409412907422604055e-02
9.614964317812925432e-02
9.750717571032688213e-02
9.803384192812983344e-02
9.767808807257255532e-02
9.647473780977877666e-02
9.454158344766959432e-02
9.206785560428858151e-02
8.929569999645371736e-02
8.649647452977793360e-02
8.394418689626918784e-02
8.188867279236380914e-02
8.053114026015949223e-02
8.000447404238472671e-02
8.036022789791183452e-02
8.156357816071745093e-02
8.349673252284099678e-02
8.597046036618154197e-02
8.874261597405938562e-02
9.154184144074437035e-02
9.409412907422652628e-02
9.614964317812853267e-02
9.750717571032668785e-02
9.803384192812983344e-02
9.767808807258428205e-02
9.647473780977949831e-02
9.454158344766294686e-02
9.206785560431852977e-02
8.929569999644147715e-02
8.649647452977131390e-02
8.394418689626208241e-02
8.188867279236118624e-02
8.053114026016265636e-02
8.000447404238474058e-02
8.036022789791312515e-02
8.156357816071711786e-02
8.349673252283384972e-02
8.597046036619473974e-02
8.874261597406783719e-02
9.154184144073866658e-02
9.409412907420942884e-02
9.614964317814005124e-02
9.750717571033663822e-02
9.803384192812319986e-02
9.767808807258787640e-02
9.647473780976467683e-02
9.454158344767409072e-02
9.206785560429628368e-02
8.929569999643488520e-02
8.649647452978026507e-02
8.394418689626433061e-02
8.188867279236290708e-02
8.053114026015717464e-02
8.000447404238474058e-02
8.036022789791164023e-02
8.156357816071438394e-02
8.349673252282456548e-02
8.597046036619745979e-02
8.874261597404654867e-02
