8.573930644915393751e-02
8.664369665291028755e-02
8.778061591152279408e-02
8.903877450616010103e-02
9.029501497545920630e-02
9.142636762541413165e-02
9.232208765934438177e-02
9.289449564975031659e-02
9.308756021115988100e-02
9.288238274213952983e-02
9.229904735170985086e-02
9.139465488646991709e-02
9.025773350156654495e-02
8.899957290774469787e-02
8.774333055877107934e-02
8.661197614150703550e-02
8.571625444591694787e-02
8.514384489318538307e-02
8.495077886284332913e-02
8.515595495074408661e-02
8.573928904261664263e-02
8.664368028692635837e-02
8.778060052388610146e-02
8.903876003839095166e-02
9.029500137256490921e-02
9.142635483569185040e-02
9.232207563418300122e-02
9.289448434344647898e-02
9.308754958074022534e-02
9.288237274720223535e-02
9.229903795426572244e-02
9.139464605080117876e-02
9.025772519409067107e-02
8.899956509688514150e-02
8.774332321484160091e-02
8.661196923659629510e-02
8.571624795377966177e-02
8.514383878914418002e-02
8.495077312369925249e-02
8.515594955468196170e-02
8.573928396912833261e-02
8.664367551672814971e-02
8.778059603884880158e-02
8.903875582146461576e-02
9.029499740772425898e-02
9.142635110786968833e-02
9.232207212921031414e-02
9.289448104799886974e-02
9.308754648229276840e-02
9.288236983397704649e-02
9.229903521519122744e-02
9.139464347546656653e-02
9.025772277270849298e-02
8.899956282025218990e-02
8.774332107430585226e-02
8.661196722401968973e-02
8.571624606151326264e-02
8.514383700999690607e-02
8.495077145090987325e-02
8.515594798189053682e-02
8.573928249035700500e-02
8.664367412635694266e-02
8.778059473159324777e-02
8.903875459235653655e-02
9.029499625208993463e-02
9.142635002131811739e-02
9.232207110761327107e-02
9.289448008747219765e-02
9.308754557918716421e-02
9.288236898486007531e-02
9.229903441683545706e-02
9.139464272483636964e-02
9.025772206694947231e-02
8.899956215668292092e-02
8.774332045040289518e-02
8.661196663741328738e-02
8.571624550997547498e-02
8.514383649142953647e-02
8.495077096334276157e-02
8.515594752347178942e-02
8.573928205934255864e-02
8.664367372110870491e-02
8.778059435057081195e-02
8.903875423411213019e-02
9.029499591526389535e-02
9.142634970462656940e-02
9.232207080985170566e-02
9.289447980751103229e-02
9.308754531596206971e-02
9.288236873736890886e-02
9.229903418413862304e-02
9.139464250605131013e-02
9.025772186124164653e-02
8.899956196327173108e-02
8.774332026855509448e-02
8.661196646643877506e-02
8.571624534922082927e-02
8.514383634028570291e-02
8.495077082123268786e-02
8.515594738985754475e-02
