9.177127043911248450e-02
9.430357771138551948e-02
9.631860916215133350e-02
9.761911947347783058e-02
9.807780563485522796e-02
9.764976824894651408e-02
9.637690659743268495e-02
9.438381724734262734e-02
9.186559767088495199e-02
8.906874874565245959e-02
8.626704553134467712e-02
8.373473825903841872e-02
8.171970680829741818e-02
8.041919649698461847e-02
7.996051033560153121e-02
8.038854772149499339e-02
8.166140937297723668e-02
8.365449872309155266e-02
8.617271829955937268e-02
8.896956722477541990e-02
9.177127043911248450e-02
9.430357771140064627e-02
9.631860916215133350e-02
9.761911947347783058e-02
9.807780563485522796e-02
9.764976824894651408e-02
9.637690659744108101e-02
9.438381724734262734e-02
9.186559767088485484e-02
8.906874874565245959e-02
8.626704553134467712e-02
8.373473825903841872e-02
8.171970680829741818e-02
8.041919649698461847e-02
7.996051033560153121e-02
8.038854772149499339e-02
8.166140937297723668e-02
8.365449872308729218e-02
8.617271829955937268e-02
8.896956722477541990e-02
9.177127043911248450e-02
9.430357771138551948e-02
9.631860916215133350e-02
9.761911947347783058e-02
9.807780563485522796e-02
9.764976824894651408e-02
9.637690659744108101e-02
9.438381724734262734e-02
9.186559767088485484e-02
8.906874874565672007e-02
8.626704553134467712e-02
8.373473825903841872e-02
8.171970680829741818e-02
8.041919649698461847e-02
7.996051033560153121e-02
8.038854772149499339e-02
8.166140937297723668e-02
8.365449872309155266e-02
8.617271829955937268e-02
8.896956722477669666e-02
9.177127043911249837e-02
9.430357771140064627e-02
9.631860916215133350e-02
9.761911947347783058e-02
9.807780563485522796e-02
9.764976824894651408e-02
9.637690659744108101e-02
9.438381724734262734e-02
9.186559767088495199e-02
8.906874874565672007e-02
8.626704553134467712e-02
8.373473825903841872e-02
8.171970680829741818e-02
8.041919649698461847e-02
7.996051033560153121e-02
8.038854772149499339e-02
8.166140937297723668e-02
8.365449872309155266e-02
8.617271829955937268e-02
8.896956722476138946e-02
9.177127043911248450e-02
9.430357771138551948e-02
9.631860916215133350e-02
9.761911947347783058e-02
9.807780563485522796e-02
9.764976824894651408e-02
9.637690659744108101e-02
9.438381724734262734e-02
9.186559767088495199e-02
8.906874874565672007e-02
8.626704553134467712e-02
8.373473825903841872e-02
8.171970680829741818e-02
8.041919649698461847e-02
7.996051033560153121e-02
8.038854772149499339e-02
8.166140937297723668e-02
8.365449872309155266e-02
8.617271829955201745e-02
8.896956722476132007e-02
