1.005317679366420219e-01
1.121794805913254450e-01
1.215600995018631114e-01
1.277553843306687142e-01
1.301588974336255755e-01
1.285353662019918797e-01
1.230437131844518556e-01
1.142214996410091388e-01
1.029323053012788092e-01
9.028119516362705099e-02
7.750654803383889846e-02
6.585883537918087172e-02
5.647821646864421841e-02
5.028293163985177866e-02
4.787941853685419996e-02
4.950294976850953127e-02
5.499460278601448621e-02
6.381681632949075256e-02
7.510601066923405789e-02
8.775712080685109384e-02
1.005317679366585226e-01
1.121794805913203241e-01
1.215600995018585040e-01
1.277553843306882264e-01
1.301588974336275739e-01
1.285353662020007337e-01
1.230437131844666770e-01
1.142214996410021582e-01
1.029323053012899114e-01
9.028119516365026853e-02
7.750654803383467961e-02
6.585883537917806840e-02
5.647821646864394779e-02
5.028293163982900521e-02
4.787941853686568383e-02
4.950294976850372342e-02
5.499460278603765517e-02
6.381681632947745764e-02
7.510601066922159563e-02
8.775712080685285632e-02
1.005317679366461714e-01
1.121794805913298027e-01
1.215600995018679686e-01
1.277553843306749870e-01
1.301588974336262416e-01
1.285353662019682874e-01
1.230437131844560050e-01
1.142214996410036432e-01
1.029323053012687061e-01
9.028119516362963226e-02
7.750654803384614266e-02
6.585883537917669450e-02
5.647821646863913914e-02
5.028293163982745090e-02
4.787941853686568383e-02
4.950294976850251605e-02
5.499460278603359592e-02
6.381681632949856575e-02
7.510601066921535063e-02
8.775712080685291183e-02
1.005317679366329042e-01
1.121794805913311349e-01
1.215600995018628477e-01
1.277553843306930281e-01
1.301588974336275739e-01
1.285353662019868282e-01
1.230437131844693832e-01
1.142214996410149119e-01
1.029323053012990569e-01
9.028119516364704888e-02
7.750654803383930092e-02
6.585883537918242603e-02
5.647821646863108308e-02
5.028293163982675701e-02
4.787941853686568383e-02
4.950294976850641571e-02
5.499460278604084013e-02
6.381681632947427962e-02
7.510601066921772373e-02
8.775712080685200978e-02
1.005317679366243971e-01
1.121794805913282483e-01
1.215600995018693981e-01
1.277553843306926395e-01
1.301588974336275739e-01
1.285353662019918242e-01
1.230437131844609733e-01
1.142214996410176042e-01
1.029323053012759781e-01
9.028119516365631925e-02
7.750654803384507407e-02
6.585883537917869290e-02
5.647821646863355333e-02
5.028293163981903402e-02
4.787941853685875188e-02
4.950294976850065642e-02
5.499460278603468533e-02
6.381681632947118488e-02
7.510601066921725188e-02
8.775712080685216243e-02
