9.905233075969241407e-02
1.095904389076024638e-01
1.181148867503542393e-01
1.237912419396662994e-01
1.260638632801794889e-01
1.247102907608377553e-01
1.198630214906435398e-01
1.119965399586974886e-01
1.018808721864092603e-01
9.050621021521171317e-02
7.898598521090656466e-02
6.844787706296526220e-02
5.992342922021860058e-02
5.424707403090399394e-02
5.197445269036102961e-02
5.332802520974644356e-02
5.817529447994044395e-02
6.604177601186775326e-02
7.615744378417972638e-02
8.753210575532568982e-02
9.905233075967245782e-02
1.095904389076065993e-01
1.181148867503565431e-01
1.237912419396712121e-01
1.260638632801826808e-01
1.247102907608444999e-01
1.198630214906449276e-01
1.119965399587011246e-01
1.018808721863884159e-01
9.050621021520147136e-02
7.898598521090996472e-02
6.844787706295395180e-02
5.992342922022321494e-02
5.424707403090437557e-02
5.197445269035910753e-02
5.332802520975297306e-02
5.817529447994677222e-02
6.604177601185402813e-02
7.615744378418183580e-02
8.753210575532777149e-02
9.905233075967380396e-02
1.095904389076257507e-01
1.181148867503688388e-01
1.237912419396719615e-01
1.260638632801880932e-01
1.247102907608368533e-01
1.198630214906447750e-01
1.119965399587134758e-01
1.018808721863982136e-01
9.050621021522599341e-02
7.898598521090421931e-02
6.844787706295536733e-02
5.992342922024650187e-02
5.424707403090879565e-02
5.197445269035910753e-02
5.332802520975115507e-02
5.817529447994344155e-02
6.604177601184237079e-02
7.615744378416264282e-02
8.753210575532059667e-02
9.905233075967216638e-02
1.095904389076066271e-01
1.181148867503424571e-01
1.237912419396803715e-01
1.260638632801880932e-01
1.247102907608403088e-01
1.198630214906465097e-01
1.119965399587007915e-01
1.018808721863863898e-01
9.050621021522720078e-02
7.898598521089507385e-02
6.844787706296405483e-02
5.992342922022784318e-02
5.424707403089770036e-02
5.197445269035726179e-02
5.332802520974880972e-02
5.817529447993199238e-02
6.604177601185337587e-02
7.615744378416354488e-02
8.753210575531719662e-02
9.905233075966082823e-02
1.095904389076049479e-01
1.181148867503272054e-01
1.237912419396822172e-01
1.260638632801880932e-01
1.247102907608350769e-01
1.198630214906525882e-01
1.119965399587167926e-01
1.018808721864045974e-01
9.050621021521447485e-02
7.898598521090795244e-02
6.844787706296523444e-02
5.992342922024213037e-02
5.424707403090275187e-02
5.197445269035910753e-02
5.332802520974497251e-02
5.817529447992957070e-02
6.604177601184503532e-02
7.615744378416371141e-02
8.753210575529868365e-02
