9.020839155404400400e-02
1.007768094022565980e-01
1.101943064093967029e-01
1.175390323528519854e-01
1.220920342835518646e-01
1.234076326499017329e-01
1.213570475175034941e-01
1.161410044463417751e-01
1.082700860745654942e-01
9.851475273229667873e-02
8.782992441650068483e-02
7.726150656829780528e-02
6.784400956115752002e-02
6.049928361772527463e-02
5.594628168703202897e-02
5.463068332066303712e-02
5.668126845307909500e-02
6.189731152422183608e-02
6.976822989599860969e-02
7.952356323826451079e-02
9.020839155405269150e-02
1.007768094022636063e-01
1.101943064094028785e-01
1.175390323528383435e-01
1.220920342835467298e-01
1.234076326498909776e-01
1.213570475174840790e-01
1.161410044463349472e-01
1.082700860745615390e-01
9.851475273229480523e-02
8.782992441649774273e-02
7.726150656830160779e-02
6.784400956117112025e-02
6.049928361772942409e-02
5.594628168703312532e-02
5.463068332066935151e-02
5.668126845308963518e-02
6.189731152422939947e-02
6.976822989600904579e-02
7.952356323826212381e-02
9.020839155406484844e-02
1.007768094022592209e-01
1.101943064093820479e-01
1.175390323528281294e-01
1.220920342835292716e-01
1.234076326498928511e-01
1.213570475174787638e-01
1.161410044463348223e-01
1.082700860745572646e-01
9.851475273230218821e-02
8.782992441650683269e-02
7.726150656829341989e-02
6.784400956116676262e-02
6.049928361769731783e-02
5.594628168701374499e-02
5.463068332067595734e-02
5.668126845309136297e-02
6.189731152423257055e-02
6.976822989600714453e-02
7.952356323827020068e-02
9.020839155406218390e-02
1.007768094022730154e-01
1.101943064094035030e-01
1.175390323528447412e-01
1.220920342835446343e-01
1.234076326499028570e-01
1.213570475174707425e-01
1.161410044463185715e-01
1.082700860745477306e-01
9.851475273229025331e-02
8.782992441650033788e-02
7.726150656829761099e-02
6.784400956115756165e-02
6.049928361770368079e-02
5.594628168699444098e-02
5.463068332066232241e-02
5.668126845306982464e-02
6.189731152422789373e-02
6.976822989602454728e-02
7.952356323827587670e-02
9.020839155407169019e-02
1.007768094022764432e-01
1.101943064093972163e-01
1.175390323528369418e-01
1.220920342835489780e-01
1.234076326499062848e-01
1.213570475174805680e-01
1.161410044463146995e-01
1.082700860745528376e-01
9.851475273228026130e-02
8.782992441648501680e-02
7.726150656826687169e-02
6.784400956114262915e-02
6.049928361771514385e-02
5.594628168700906123e-02
5.463068332067636673e-02
5.668126845308914946e-02
6.189731152424551158e-02
6.976822989602315950e-02
7.952356323826703655e-02
