9.368393625036734729e-02
1.032385570095876171e-01
1.114012839198999932e-01
1.173730923982922864e-01
1.205694202228963230e-01
1.206773885560484816e-01
1.176864287050372326e-01
1.118893166593860206e-01
1.038535141369035658e-01
9.436562147727471650e-02
8.435437972003576035e-02
7.479975896082179110e-02
6.663703205048673861e-02
6.066522357207136673e-02
5.746889574751187779e-02
5.736092741436337600e-02
6.035188726535103965e-02
6.614899931103671027e-02
7.418480183350074919e-02
8.367269449312407514e-02
9.368393625036347538e-02
1.032385570095867844e-01
1.114012839199049754e-01
1.173730923982959085e-01
1.205694202228926593e-01
1.206773885560331189e-01
1.176864287050501667e-01
1.118893166593909749e-01
1.038535141368965159e-01
9.436562147727661776e-02
8.435437972004394824e-02
7.479975896082503850e-02
6.663703205049449629e-02
6.066522357208673638e-02
5.746889574751996160e-02
5.736092741437187614e-02
6.035188726536761666e-02
6.614899931101998753e-02
7.418480183348777346e-02
8.367269449311663665e-02
9.368393625037051142e-02
1.032385570095945421e-01
1.114012839199213650e-01
1.173730923983238306e-01
1.205694202229032480e-01
1.206773885560334797e-01
1.176864287050426727e-01
1.118893166593854932e-01
1.038535141369008596e-01
9.436562147727119154e-02
8.435437972004142249e-02
7.479975896082453890e-02
6.663703205049449629e-02
6.066522357208272570e-02
5.746889574750120577e-02
5.736092741435119130e-02
6.035188726536189902e-02
6.614899931102943831e-02
7.418480183349750179e-02
8.367269449311744156e-02
9.368393625036969263e-02
1.032385570095910171e-01
1.114012839199005622e-01
1.173730923982935492e-01
1.205694202229005280e-01
1.206773885560453313e-01
1.176864287050446156e-01
1.118893166593995792e-01
1.038535141369328896e-01
9.436562147728813632e-02
8.435437972004736218e-02
7.479975896083462805e-02
6.663703205049102685e-02
6.066522357207865257e-02
5.746889574750754792e-02
5.736092741434805492e-02
6.035188726535870712e-02
6.614899931101797526e-02
7.418480183348999391e-02
8.367269449310751894e-02
9.368393625036079697e-02
1.032385570095875060e-01
1.114012839199071958e-01
1.173730923983034580e-01
1.205694202229011663e-01
1.206773885560468301e-01
1.176864287050412294e-01
1.118893166593862148e-01
1.038535141369264780e-01
9.436562147729640748e-02
8.435437972005355167e-02
7.479975896084072040e-02
6.663703205048952805e-02
6.066522357209561123e-02
5.746889574751034430e-02
5.736092741434369036e-02
6.035188726534045783e-02
6.614899931101787811e-02
7.418480183348744039e-02
8.367269449309458484e-02
