9.804541055844663566e-02
1.074537715172597385e-01
1.150664456634344218e-01
1.201382514109900074e-01
1.221727250759568201e-01
1.209707182010428123e-01
1.166498915940106657e-01
1.096331978681082953e-01
1.006074798934588205e-01
9.045623783126953421e-02
8.017314598240310453e-02
7.076478502361474576e-02
6.315211087742017559e-02
5.808030512987779476e-02
5.604583146489405115e-02
5.724783833980382625e-02
6.156866494684350849e-02
6.858535867275016018e-02
7.761107664741107026e-02
8.776231870960354842e-02
9.804541055844372133e-02
1.074537715172572960e-01
1.150664456634318683e-01
1.201382514109909511e-01
1.221727250759568201e-01
1.209707182010453519e-01
1.166498915940109432e-01
1.096331978681040764e-01
1.006074798934664810e-01
9.045623783126341411e-02
8.017314598241058465e-02
7.076478502362519574e-02
6.315211087742644835e-02
5.808030512988875821e-02
5.604583146490837303e-02
5.724783833981627462e-02
6.156866494685446500e-02
6.858535867274941078e-02
7.761107664740996004e-02
8.776231870960202186e-02
9.804541055845557296e-02
1.074537715172511065e-01
1.150664456634325344e-01
1.201382514109887029e-01
1.221727250759568201e-01
1.209707182010496401e-01
1.166498915940047537e-01
1.096331978681202024e-01
1.006074798934601389e-01
9.045623783126044426e-02
8.017314598240510293e-02
7.076478502361081835e-02
6.315211087741605389e-02
5.808030512988051480e-02
5.604583146489141438e-02
5.724783833980796877e-02
6.156866494684651303e-02
6.858535867275208919e-02
7.761107664741423440e-02
8.776231870961342940e-02
9.804541055845258923e-02
1.074537715172553115e-01
1.150664456634358790e-01
1.201382514109937544e-01
1.221727250759646333e-01
1.209707182010496679e-01
1.166498915940001879e-01
1.096331978681213265e-01
1.006074798934618597e-01
9.045623783126860440e-02
8.017314598240900259e-02
7.076478502361872869e-02
6.315211087742271523e-02
5.808030512988400507e-02
5.604583146489756224e-02
5.724783833981753750e-02
6.156866494685149516e-02
6.858535867275601661e-02
7.761107664740701795e-02
8.776231870961316572e-02
9.804541055843614406e-02
1.074537715172462493e-01
1.150664456634322569e-01
1.201382514110011790e-01
1.221727250759670619e-01
1.209707182010405779e-01
1.166498915940056558e-01
1.096331978681156644e-01
1.006074798934498971e-01
9.045623783125952833e-02
8.017314598240934953e-02
7.076478502362126832e-02
6.315211087742254870e-02
5.808030512988343608e-02
5.604583146489756224e-02
5.724783833981608033e-02
6.156866494685071800e-02
6.858535867275389331e-02
7.761107664740736489e-02
8.776231870961817561e-02
