8.468889648009234050e-02
8.588292799093343033e-02
8.738395864609230235e-02
8.904505692136599482e-02
9.070362276971966065e-02
9.219730404612984376e-02
9.337988866608790128e-02
9.413561686257172767e-02
9.439051255802968776e-02
9.411962465775669529e-02
9.334946943640430594e-02
9.215543493981524781e-02
9.065440147739367571e-02
8.899330056267214240e-02
8.733473223265628138e-02
8.584104862293616411e-02
8.465846180915286012e-02
8.390273154999074168e-02
8.364783391516100730e-02
8.391871999199573828e-02
8.468887349891182637e-02
8.588290638355439155e-02
8.738393833039191649e-02
8.904503782012671009e-02
9.070360481034163425e-02
9.219728716035449634e-02
9.337987278973701455e-02
9.413560193530109976e-02
9.439049852310089916e-02
9.411961146182745708e-02
9.334945702932087586e-02
9.215542327442087511e-02
9.065439050935078513e-02
8.899329025029370510e-02
8.733472253674921804e-02
8.584103950664669080e-02
8.465845323782895948e-02
8.390272349105649952e-02
8.364782633798674427e-02
8.391871286778225525e-02
8.468886680057960414e-02
8.588290008564529454e-02
8.738393240896791259e-02
8.904503225268280142e-02
9.070359957571728915e-02
9.219728223865344963e-02
9.337986816225139763e-02
9.413559758444468850e-02
9.439049443233794856e-02
9.411960761560748956e-02
9.334945341302670896e-02
9.215541987430529713e-02
9.065438731249214621e-02
8.899328724454266815e-02
8.733471971067865991e-02
8.584103684951850666e-02
8.465845073954193778e-02
8.390272114211427823e-02
8.364782412946344947e-02
8.391871079128386535e-02
8.468886484821372407e-02
8.588289824999147115e-02
8.738393068304702027e-02
8.904503062993590623e-02
9.070359804997812914e-02
9.219728080412124827e-02
9.337986681347631990e-02
9.413559631629878077e-02
9.439049324000130248e-02
9.411960649455082539e-02
9.334945235898860216e-02
9.215541888327684339e-02
9.065438638070789923e-02
8.899328636845760254e-02
8.733471888696496543e-02
8.584103607504378619e-02
8.465845001136693138e-02
8.390272045747028395e-02
8.364782348574364979e-02
8.391871018604553367e-02
8.468886427915760240e-02
8.588289771495279112e-02
8.738393017999418477e-02
8.904503015695637569e-02
9.070359760527314796e-02
9.219728038600087661e-02
9.337986642035095430e-02
9.413559594667245123e-02
9.439049289247067320e-02
9.411960616779296851e-02
9.334945205176399530e-02
9.215541859442043238e-02
9.065438610911842610e-02
8.899328611310670933e-02
8.733471864688037434e-02
8.584103584931268571e-02
8.465844979913096646e-02
8.390272025792212818e-02
8.364782329812572859e-02
8.391871000964186422e-02
