8.798110804041540944e-02
9.031508739543239739e-02
9.253103375192842095e-02
9.441203484111533595e-02
9.577396517069024229e-02
9.648350951086490102e-02
9.647121271792799546e-02
9.573827848765709136e-02
9.435645152916238843e-02
9.246099469289935369e-02
9.023744850041187648e-02
8.790346914539112766e-02
8.568752278889350815e-02
8.380652169969188270e-02
8.244459137011583838e-02
8.173504702994899285e-02
8.174734382288650902e-02
8.248027805316124339e-02
8.386210501165215769e-02
8.575756184793292825e-02
8.798110804042058586e-02
9.031508739542902509e-02
9.253103375192635316e-02
9.441203484112101196e-02
9.577396517069967918e-02
9.648350951086694105e-02
9.647121271792938324e-02
9.573827848766269799e-02
9.435645152916836975e-02
9.246099469289414952e-02
9.023744850040769927e-02
8.790346914538028911e-02
8.568752278888609741e-02
8.380652169969871057e-02
8.244459137011833638e-02
8.173504702994521809e-02
8.174734382288387224e-02
8.248027805315830130e-02
8.386210501164974296e-02
8.575756184792650283e-02
8.798110804040708277e-02
9.031508739542502828e-02
9.253103375192336943e-02
9.441203484111443389e-02
9.577396517068993698e-02
9.648350951086469285e-02
9.647121271792781505e-02
9.573827848765995019e-02
9.435645152916341538e-02
9.246099469289534301e-02
9.023744850040832377e-02
8.790346914538223200e-02
8.568752278888305818e-02
8.380652169969514398e-02
8.244459137012025152e-02
8.173504702994639770e-02
8.174734382288673107e-02
8.248027805315776007e-02
8.386210501164974296e-02
8.575756184792381054e-02
8.798110804040470967e-02
9.031508739542222497e-02
9.253103375191849833e-02
9.441203484112221933e-02
9.577396517070232984e-02
9.648350951087510119e-02
9.647121271793819564e-02
9.573827848766780502e-02
9.435645152916720402e-02
9.246099469289328909e-02
9.023744850041064136e-02
8.790346914539064194e-02
8.568752278889055218e-02
8.380652169969439458e-02
8.244459137011730943e-02
8.173504702994696669e-02
8.174734382288899315e-02
8.248027805315942540e-02
8.386210501164807762e-02
8.575756184792614201e-02
8.798110804040648603e-02
9.031508739542375153e-02
9.253103375192210656e-02
9.441203484110963218e-02
9.577396517068630100e-02
9.648350951086746841e-02
9.647121271793020203e-02
9.573827848766393311e-02
9.435645152916936895e-02
9.246099469289167927e-02
9.023744850040095467e-02
8.790346914538182954e-02
8.568752278888261409e-02
8.380652169969173004e-02
8.244459137012112582e-02
8.173504702994581483e-02
8.174734382288179058e-02
8.248027805315605310e-02
8.386210501165299036e-02
8.575756184793031922e-02
