8.566961080600034306e-02
8.693554836335008751e-02
8.840544414784799743e-02
8.993541451875225468e-02
9.137569531621542174e-02
9.258530182076812887e-02
9.344582931990819130e-02
9.387304338637657286e-02
9.382512533077867756e-02
9.330676570625456856e-02
9.236870516447735768e-02
9.110276760713004185e-02
8.963287182263085517e-02
8.810290145173046983e-02
8.666262065426295902e-02
8.545301414971621934e-02
8.459248665057639283e-02
8.416527258409869927e-02
8.421319063969502638e-02
8.473155026422082847e-02
8.566961080599999612e-02
8.693554836334509150e-02
8.840544414784395899e-02
8.993541451874548232e-02
9.137569531621073105e-02
9.258530182076311899e-02
9.344582931990445818e-02
9.387304338637597612e-02
9.382512533077773387e-02
9.330676570625535959e-02
9.236870516448415780e-02
9.110276760713502398e-02
8.963287182263884878e-02
8.810290145173922671e-02
8.666262065427353389e-02
8.545301414972558685e-02
8.459248665058340111e-02
8.416527258411639345e-02
8.421319063971280383e-02
8.473155026423433156e-02
8.566961080601005751e-02
8.693554836335629088e-02
8.840544414785188321e-02
8.993541451875440573e-02
9.137569531622187491e-02
9.258530182076850357e-02
9.344582931990981500e-02
9.387304338638111090e-02
9.382512533077808081e-02
9.330676570625565103e-02
9.236870516448057733e-02
9.110276760712987532e-02
8.963287182263034170e-02
8.810290145173241272e-02
8.666262065426301453e-02
8.545301414971560872e-02
8.459248665057590710e-02
8.416527258410493040e-02
8.421319063970360286e-02
8.473155026422417302e-02
8.566961080600613010e-02
8.693554836335717906e-02
8.840544414785500571e-02
8.993541451875297632e-02
9.137569531621361762e-02
9.258530182076100956e-02
9.344582931990513819e-02
9.387304338637419976e-02
9.382512533077938532e-02
9.330676570625687227e-02
9.236870516448182633e-02
9.110276760713126309e-02
8.963287182263092456e-02
8.810290145173280130e-02
8.666262065426449945e-02
8.545301414971699649e-02
8.459248665057669814e-02
8.416527258410382017e-02
8.421319063970217345e-02
8.473155026422711511e-02
8.566961080600253575e-02
8.693554836334979607e-02
8.840544414784516636e-02
8.993541451874510761e-02
9.137569531621024532e-02
9.258530182075845605e-02
9.344582931990613739e-02
9.387304338637778023e-02
9.382512533077821959e-02
9.330676570625176525e-02
9.236870516447645563e-02
9.110276760712995858e-02
8.963287182263006414e-02
8.810290145173226006e-02
8.666262065426701133e-02
8.545301414972017451e-02
8.459248665057428340e-02
8.416527258410391732e-02
8.421319063970665597e-02
8.473155026423044578e-02
