8.905066086128195224e-02
8.933061894998818586e-02
8.958008906936287818e-02
8.977465134600179364e-02
8.989526066866597442e-02
8.993011095651948228e-02
8.987579082056165736e-02
8.973761749418773803e-02
8.952911634526419804e-02
8.927069691897206172e-02
8.898765510928249856e-02
8.870769702058625694e-02
8.845822690119907461e-02
8.826366462455233208e-02
8.814305530187400983e-02
8.810820501403836269e-02
8.816252515000498613e-02
8.830069847638215286e-02
8.850919962530444385e-02
8.876761905159293031e-02
8.905066086128546332e-02
8.933061894998015062e-02
8.958008906937642291e-02
8.977465134603558605e-02
8.989526066867994936e-02
8.993011095652256315e-02
8.987579082057099711e-02
8.973761749418357470e-02
8.952911634525714812e-02
8.927069691897897286e-02
8.898765510929537714e-02
8.870769702060542217e-02
8.845822690120148935e-02
8.826366462455130513e-02
8.814305530187967197e-02
8.810820501403725247e-02
8.816252515000849721e-02
8.830069847639264446e-02
8.850919962531253460e-02
8.876761905160207577e-02
8.905066086128968217e-02
8.933061894996677244e-02
8.958008906934833426e-02
8.977465134600906560e-02
8.989526066866922183e-02
8.993011095652725384e-02
8.987579082056623703e-02
8.973761749418336653e-02
8.952911634526257434e-02
8.927069691897002168e-02
8.898765510928619005e-02
8.870769702058654838e-02
8.845822690119233001e-02
8.826366462454059147e-02
8.814305530188815130e-02
8.810820501404197091e-02
8.816252514997932610e-02
8.830069847636955183e-02
8.850919962528797091e-02
8.876761905157290466e-02
8.905066086126124658e-02
8.933061894996272012e-02
8.958008906935299720e-02
8.977465134600966234e-02
8.989526066866922183e-02
8.993011095652725384e-02
8.987579082055900670e-02
8.973761749418629474e-02
8.952911634526396212e-02
8.927069691897891734e-02
8.898765510929534939e-02
8.870769702060785078e-02
8.845822690120004606e-02
8.826366462455235984e-02
8.814305530187992177e-02
8.810820501403078542e-02
8.816252514999367573e-02
8.830069847636770608e-02
8.850919962529310570e-02
8.876761905157547206e-02
8.905066086126454949e-02
8.933061894995883434e-02
8.958008906934991633e-02
8.977465134601581020e-02
8.989526066868328003e-02
8.993011095652890530e-02
8.987579082056745827e-02
8.973761749418940337e-02
8.952911634526285189e-02
8.927069691897644710e-02
8.898765510928925704e-02
8.870769702059326522e-02
8.845822690119833909e-02
8.826366462454898754e-02
8.814305530187326043e-02
8.810820501403708593e-02
8.816252514999681211e-02
8.830069847637543601e-02
8.850919962529618656e-02
8.876761905157667942e-02
