9.481549137408563921e-02
1.066878171689495808e-01
1.168306114981302046e-01
1.242510269836603620e-01
1.282227016567791256e-01
1.283568603281551590e-01
1.246403706123310612e-01
1.174370284169838768e-01
1.074519470648058750e-01
9.566253588873693814e-02
8.322282459633627283e-02
7.135049880144757328e-02
6.120770447226889927e-02
5.378728898674049741e-02
4.981561431360666953e-02
4.968145564225626837e-02
5.339794535805918868e-02
6.060128755341471357e-02
7.058636890560313071e-02
8.237578008167668886e-02
9.481549137408101791e-02
1.066878171689523008e-01
1.168306114981439714e-01
1.242510269836635262e-01
1.282227016567762667e-01
1.283568603281755316e-01
1.246403706123366956e-01
1.174370284169773820e-01
1.074519470648124114e-01
9.566253588874179536e-02
8.322282459633510709e-02
7.135049880144676837e-02
6.120770447226110689e-02
5.378728898674668690e-02
4.981561431361162390e-02
4.968145564223275940e-02
5.339794535807002029e-02
6.060128755342643336e-02
7.058636890560483768e-02
8.237578008167573129e-02
9.481549137409339689e-02
1.066878171689497612e-01
1.168306114981435689e-01
1.242510269836586828e-01
1.282227016567789313e-01
1.283568603281551590e-01
1.246403706123347527e-01
1.174370284169694995e-01
1.074519470647981312e-01
9.566253588872522529e-02
8.322282459633022211e-02
7.135049880144717083e-02
6.120770447228042477e-02
5.378728898673793696e-02
4.981561431360637809e-02
4.968145564225626837e-02
5.339794535806307446e-02
6.060128755341535195e-02
7.058636890559549792e-02
8.237578008165996613e-02
9.481549137407428718e-02
1.066878171689498028e-01
1.168306114981416954e-01
1.242510269836688275e-01
1.282227016567816513e-01
1.283568603281640963e-01
1.246403706123463823e-01
1.174370284169727052e-01
1.074519470647975899e-01
9.566253588873961655e-02
8.322282459632732166e-02
7.135049880145653833e-02
6.120770447228489342e-02
5.378728898675595033e-02
4.981561431361736236e-02
4.968145564224372979e-02
5.339794535806902803e-02
6.060128755342679419e-02
7.058636890560358867e-02
8.237578008166916710e-02
9.481549137408072647e-02
1.066878171689476240e-01
1.168306114981280397e-01
1.242510269836629849e-01
1.282227016567717703e-01
1.283568603281630971e-01
1.246403706123333510e-01
1.174370284169866524e-01
1.074519470648213487e-01
9.566253588875262004e-02
8.322282459635070573e-02
7.135049880147216472e-02
6.120770447228945227e-02
5.378728898673670183e-02
4.981561431361635622e-02
4.968145564223644395e-02
5.339794535805697517e-02
6.060128755341485235e-02
7.058636890558943333e-02
8.237578008166382415e-02
