1.036591995271631678e-01
1.175060958990347404e-01
1.285644923077339796e-01
1.357519158643941959e-01
1.383648114735789580e-01
1.361474107079249651e-01
1.293167682039462196e-01
1.185415148417547360e-01
1.048764074961523601e-01
8.965908208443064409e-02
7.437911644322862947e-02
6.053222007141187411e-02
4.947382366268171516e-02
4.228640010602958965e-02
3.967350449682940233e-02
4.189090526249046598e-02
4.872154776648682933e-02
5.949680112865651793e-02
7.316190847427293809e-02
8.837923388599991381e-02
1.036591995271640837e-01
1.175060958990380711e-01
1.285644923077327306e-01
1.357519158643919199e-01
1.383648114735789580e-01
1.361474107079242990e-01
1.293167682039544630e-01
1.185415148417616610e-01
1.048764074961462262e-01
8.965908208443157390e-02
7.437911644323501326e-02
6.053222007139206357e-02
4.947382366268459480e-02
4.228640010603781918e-02
3.967350449683011010e-02
4.189090526247798985e-02
4.872154776648959795e-02
5.949680112863973969e-02
7.316190847425398103e-02
8.837923388598263597e-02
1.036591995271685107e-01
1.175060958990194748e-01
1.285644923077409185e-01
1.357519158644105162e-01
1.383648114735715473e-01
1.361474107079266582e-01
1.293167682039640110e-01
1.185415148417856279e-01
1.048764074961392040e-01
8.965908208442727179e-02
7.437911644323827454e-02
6.053222007139186928e-02
4.947382366266936393e-02
4.228640010602979088e-02
3.967350449682415653e-02
4.189090526246572882e-02
4.872154776647184826e-02
5.949680112864471487e-02
7.316190847427075927e-02
8.837923388597171415e-02
1.036591995271669980e-01
1.175060958990121612e-01
1.285644923077251256e-01
1.357519158644050761e-01
1.383648114735819279e-01
1.361474107079503337e-01
1.293167682039702560e-01
1.185415148417761494e-01
1.048764074961377191e-01
8.965908208443533478e-02
7.437911644325395644e-02
6.053222007139351379e-02
4.947382366268684994e-02
4.228640010603298277e-02
3.967350449682418428e-02
4.189090526246353613e-02
4.872154776646584612e-02
5.949680112862105325e-02
7.316190847426488897e-02
8.837923388598836749e-02
1.036591995271503169e-01
1.175060958990229165e-01
1.285644923077304547e-01
1.357519158644068802e-01
1.383648114735749335e-01
1.361474107079449214e-01
1.293167682039625677e-01
1.185415148417984926e-01
1.048764074961366505e-01
8.965908208442516236e-02
7.437911644326845872e-02
6.053222007138103766e-02
4.947382366268848058e-02
4.228640010603647997e-02
3.967350449682418428e-02
4.189090526247362528e-02
4.872154776646712981e-02
5.949680112862437004e-02
7.316190847426939925e-02
8.837923388599391861e-02
