8.906328812032625331e-02
8.906417409403899477e-02
8.906444845515322506e-02
8.906408931806941709e-02
8.906313223181230865e-02
8.906166659314461442e-02
8.905982850048704824e-02
8.905779016264109282e-02
8.905574592334994377e-02
8.905389522247499079e-02
8.905242340011225444e-02
8.905148204057079797e-02
8.905117128695082263e-02
8.905152692847558005e-02
8.905251475527628524e-02
8.905403362816834145e-02
8.905592711080477508e-02
8.905800183516247859e-02
8.906004956218059598e-02
8.906186952388822631e-02
8.906328812032625331e-02
8.906417409402789254e-02
8.906444845515322506e-02
8.906408931806941709e-02
8.906313223181230865e-02
8.906166659314461442e-02
8.905982850048704824e-02
8.905779016264775416e-02
8.905574592334591921e-02
8.905389522245268918e-02
8.905242340011070012e-02
8.905148204057079797e-02
8.905117128695082263e-02
8.905152692847558005e-02
8.905251475527628524e-02
8.905403362816834145e-02
8.905592711080864698e-02
8.905800183517270652e-02
8.906004956218196988e-02
8.906186952390740541e-02
8.906328812032782150e-02
8.906417409403899477e-02
8.906444845515322506e-02
8.906408931806941709e-02
8.906313223181230865e-02
8.906166659314461442e-02
8.905982850048704824e-02
8.905779016264109282e-02
8.905574592333895256e-02
8.905389522246788536e-02
8.905242340013620750e-02
8.905148204056917427e-02
8.905117128694285678e-02
8.905152692847558005e-02
8.905251475527628524e-02
8.905403362816834145e-02
8.905592711080477508e-02
8.905800183516247859e-02
8.906004956218059598e-02
8.906186952388157885e-02
8.906328812033643960e-02
8.906417409402980767e-02
8.906444845515322506e-02
8.906408931806941709e-02
8.906313223181230865e-02
8.906166659314200540e-02
8.905982850048704824e-02
8.905779016264775416e-02
8.905574592334994377e-02
8.905389522247499079e-02
8.905242340013620750e-02
8.905148204056917427e-02
8.905117128695246020e-02
8.905152692847403961e-02
8.905251475527628524e-02
8.905403362816834145e-02
8.905592711080864698e-02
8.905800183514965551e-02
8.906004956216416468e-02
8.906186952388822631e-02
8.906328812032625331e-02
8.906417409403899477e-02
8.906444845515322506e-02
8.906408931806941709e-02
8.906313223181230865e-02
8.906166659314461442e-02
8.905982850048704824e-02
8.905779016264109282e-02
8.905574592334994377e-02
8.905389522247499079e-02
8.905242340013620750e-02
8.905148204056917427e-02
8.905117128695246020e-02
8.905152692847558005e-02
8.905251475527628524e-02
8.905403362816834145e-02
8.905592711080477508e-02
8.905800183514965551e-02
8.906004956216416468e-02
8.906186952388822631e-02
