8.998253563552029155e-02
8.985664471009167931e-02
8.968469176391566378e-02
8.948655237686077568e-02
8.927403790302924913e-02
8.905362377095614457e-02
8.882969156742620553e-02
8.860773020815063128e-02
8.839746530069204911e-02
8.821574137728127596e-02
8.808822739012657499e-02
8.804783628770730675e-02
8.812703934406235229e-02
8.834307103135902173e-02
8.868106486246078723e-02
8.908725023500049800e-02
8.948281355045598073e-02
8.979400211412554011e-02
8.997884903179823035e-02
9.003396424116132113e-02
8.998253563553867962e-02
8.985664471004947695e-02
8.968469176387711128e-02
8.948655237686173325e-02
8.927403790302973485e-02
8.905362377093864468e-02
8.882969156742712147e-02
8.860773020814552425e-02
8.839746530067420227e-02
8.821574137727644649e-02
8.808822739010578606e-02
8.804783628766862935e-02
8.812703934408000483e-02
8.834307103136489203e-02
8.868106486246291054e-02
8.908725023500989326e-02
8.948281355048577634e-02
8.979400211414954869e-02
8.997884903180795868e-02
9.003396424112838914e-02
8.998253563555563828e-02
8.985664471007448473e-02
8.968469176387698638e-02
8.948655237685834707e-02
8.927403790302614051e-02
8.905362377093455073e-02
8.882969156746052530e-02
8.860773020813653145e-02
8.839746530066629193e-02
8.821574137726999332e-02
8.808822739009780634e-02
8.804783628768809989e-02
8.812703934407618844e-02
8.834307103135480288e-02
8.868106486245647124e-02
8.908725023498487161e-02
8.948281355044437890e-02
8.979400211415300426e-02
8.997884903182951088e-02
9.003396424112555807e-02
8.998253563555966283e-02
8.985664471010115784e-02
8.968469176389397279e-02
8.948655237686484187e-02
8.927403790302969322e-02
8.905362377093428705e-02
8.882969156743646122e-02
8.860773020822867996e-02
8.839746530064315766e-02
8.821574137730396614e-02
8.808822739014057768e-02
8.804783628769437265e-02
8.812703934405614892e-02
8.834307103135095873e-02
8.868106486246887799e-02
8.908725023499858287e-02
8.948281355047210672e-02
8.979400211411781019e-02
8.997884903177182092e-02
9.003396424114905316e-02
8.998253563557954970e-02
8.985664471010061660e-02
8.968469176391428987e-02
8.948655237686771458e-02
8.927403790302822217e-02
8.905362377098709203e-02
8.882969156743937555e-02
8.860773020819981416e-02
8.839746530068212649e-02
8.821574137728946385e-02
8.808822739012027447e-02
8.804783628778321825e-02
8.812703934410590079e-02
8.834307103139669992e-02
8.868106486246465914e-02
8.908725023500589646e-02
8.948281355048846863e-02
8.979400211402845111e-02
8.997884903179838301e-02
9.003396424115345242e-02
