8.918329267666837146e-02
8.917708093388396207e-02
8.915936009316403899e-02
8.913197983125552282e-02
8.909762991097508467e-02
8.905957464410561852e-02
8.902137086519908149e-02
8.898658268138694150e-02
8.895849799340009578e-02
8.893985089743929040e-02
8.893256073610944501e-02
8.893751003292654778e-02
8.895439469408975008e-02
8.898168443400344962e-02
8.901672412784125688e-02
8.905598603339408281e-02
8.909545238316546323e-02
8.913107674858133933e-02
8.915925183489799288e-02
8.917720907853551870e-02
8.918329267667067517e-02
8.917708093388047874e-02
8.915936009315543476e-02
8.913197983120137169e-02
8.909762991096198403e-02
8.905957464409754165e-02
8.902137086520413300e-02
8.898658268138624761e-02
8.895849799339705655e-02
8.893985089743393357e-02
8.893256073610547596e-02
8.893751003293816348e-02
8.895439469410240663e-02
8.898168443399205596e-02
8.901672412784430999e-02
8.905598603338395203e-02
8.909545238315864923e-02
8.913107674858430918e-02
8.915925183489679939e-02
8.917720907853175782e-02
8.918329267667013394e-02
8.917708093388047874e-02
8.915936009315543476e-02
8.913197983120137169e-02
8.909762991096198403e-02
8.905957464409754165e-02
8.902137086519758269e-02
8.898658268138875949e-02
8.895849799338988173e-02
8.893985089744128880e-02
8.893256073610961154e-02
8.893751003293237645e-02
8.895439469409223421e-02
8.898168443400283900e-02
8.901672412784261690e-02
8.905598603338189811e-02
8.909545238316182725e-02
8.913107674858601615e-02
8.915925183489888106e-02
8.917720907854084778e-02
8.918329267666200155e-02
8.917708093387455293e-02
8.915936009315640620e-02
8.913197983124264423e-02
8.909762991096110973e-02
8.905957464409297586e-02
8.902137086519899822e-02
8.898658268138816274e-02
8.895849799340382891e-02
8.893985089738419558e-02
8.893256073609907830e-02
8.893751003292364732e-02
8.895439469409925637e-02
8.898168443399499805e-02
8.901672412784494837e-02
8.905598603339676123e-02
8.909545238317513605e-02
8.913107674859292728e-02
8.915925183491264783e-02
8.917720907852466627e-02
8.918329267666504079e-02
8.917708093391883695e-02
8.915936009316507982e-02
8.913197983126684709e-02
8.909762991096195628e-02
8.905957464411297375e-02
8.902137086521871856e-02
8.898658268138306959e-02
8.895849799339418384e-02
8.893985089737643790e-02
8.893256073608117596e-02
8.893751003292509061e-02
8.895439469410092170e-02
8.898168443400561456e-02
8.901672412784504551e-02
8.905598603337706864e-02
8.909545238316092519e-02
8.913107674860265561e-02
8.915925183490704120e-02
8.917720907858428525e-02
