9.021329492507729197e-02
9.011001479084708443e-02
8.991927018829974638e-02
8.966690875730082277e-02
8.937645304166137727e-02
8.906811063090216973e-02
8.875983624372915659e-02
8.846933311398390287e-02
8.821602981276051303e-02
8.802216337184314010e-02
8.791208546772685817e-02
8.790900093747738842e-02
8.802893341562788299e-02
8.827307365472325529e-02
8.862147923300500718e-02
8.903209005733558890e-02
8.944762088182428572e-02
8.980895270250581486e-02
9.006959566515564120e-02
9.020495085770098564e-02
9.021329492502760949e-02
9.011001479082532406e-02
8.991927018829524998e-02
8.966690875729289856e-02
8.937645304164661131e-02
8.906811063089623004e-02
8.875983624373384728e-02
8.846933311400072275e-02
8.821602981277641697e-02
8.802216337184966266e-02
8.791208546777623534e-02
8.790900093747738842e-02
8.802893341563174101e-02
8.827307365471367961e-02
8.862147923300943420e-02
8.903209005734089021e-02
8.944762088183651205e-02
8.980895270251149087e-02
9.006959566516881122e-02
9.020495085769657251e-02
9.021329492502386249e-02
9.011001479083634302e-02
8.991927018829855289e-02
8.966690875729543819e-02
8.937645304164833215e-02
8.906811063089289937e-02
8.875983624374489400e-02
8.846933311398637312e-02
8.821602981274340172e-02
8.802216337185568562e-02
8.791208546776965727e-02
8.790900093746813193e-02
8.802893341563668150e-02
8.827307365472150669e-02
8.862147923300960073e-02
8.903209005733565828e-02
8.944762088182890702e-02
8.980895270250552342e-02
9.006959566514412263e-02
9.020495085769637822e-02
9.021329492506503789e-02
9.011001479086711008e-02
8.991927018828883844e-02
8.966690875729883825e-02
8.937645304167206317e-02
8.906811063090032399e-02
8.875983624372887903e-02
8.846933311395371868e-02
8.821602981277584798e-02
8.802216337189015805e-02
8.791208546775246269e-02
8.790900093748885147e-02
8.802893341566248031e-02
8.827307365464195921e-02
8.862147923298288599e-02
8.903209005732769243e-02
8.944762088181476556e-02
8.980895270253540230e-02
9.006959566513647597e-02
9.020495085768363841e-02
9.021329492503830927e-02
9.011001479082697552e-02
8.991927018833711927e-02
8.966690875728294818e-02
8.937645304165257876e-02
8.906811063091439606e-02
8.875983624362340785e-02
8.846933311397320310e-02
8.821602981280833589e-02
8.802216337190321704e-02
8.791208546774646748e-02
8.790900093746953359e-02
8.802893341562220697e-02
8.827307365463692157e-02
8.862147923298174801e-02
8.903209005740547743e-02
8.944762088183655369e-02
8.980895270252671481e-02
9.006959566518099591e-02
9.020495085764540510e-02
