9.963615207918707917e-02
9.818981860704316389e-02
9.617583397681804536e-02
9.400714220568145985e-02
9.189126860882758374e-02
8.988364151668989943e-02
8.795887470936795960e-02
8.606756576708385342e-02
8.417770744752854639e-02
8.231160589734204391e-02
8.058723986269775152e-02
7.926034208536951453e-02
7.873855809671959083e-02
7.950932527301227126e-02
8.192789260130431406e-02
8.591167730386452261e-02
9.075666416143834958e-02
9.532185739621641674e-02
9.854802140135582311e-02
9.993523675130454309e-02
9.963615207918005701e-02
9.818981860707792775e-02
9.617583397677906265e-02
9.400714220570774438e-02
9.189126860882496084e-02
8.988364151668279400e-02
8.795887470941969599e-02
8.606756576708188278e-02
8.417770744750870116e-02
8.231160589738577282e-02
8.058723986272225970e-02
7.926034208532181657e-02
7.873855809667430761e-02
7.950932527300838548e-02
8.192789260130620144e-02
8.591167730385600165e-02
9.075666416140389103e-02
9.532185739619433718e-02
9.854802140134920341e-02
9.993523675128630768e-02
9.963615207919494787e-02
9.818981860707604037e-02
9.617583397678815260e-02
9.400714220571158852e-02
9.189126860883838066e-02
8.988364151669223090e-02
8.795887470939189878e-02
8.606756576711094286e-02
8.417770744751185141e-02
8.231160589735354860e-02
8.058723986268000183e-02
7.926034208534840642e-02
7.873855809669397243e-02
7.950932527302384534e-02
8.192789260132173068e-02
8.591167730388608870e-02
9.075666416144027859e-02
9.532185739623777465e-02
9.854802140136598165e-02
9.993523675130533412e-02
9.963615207918015415e-02
9.818981860704129039e-02
9.617583397676794654e-02
9.400714220569222901e-02
9.189126860882984582e-02
8.988364151668705448e-02
8.795887470937478747e-02
8.606756576713005258e-02
8.417770744752994805e-02
8.231160589735672661e-02
8.058723986268490069e-02
7.926034208531060332e-02
7.873855809665787631e-02
7.950932527298067154e-02
8.192789260130037277e-02
8.591167730387438972e-02
9.075666416144478887e-02
9.532185739622266174e-02
9.854802140135890398e-02
9.993523675127344297e-02
9.963615207917804473e-02
9.818981860710139509e-02
9.617583397682456792e-02
9.400714220573178070e-02
9.189126860882734782e-02
8.988364151667412039e-02
8.795887470938927588e-02
8.606756576710625217e-02
8.417770744751108813e-02
8.231160589735264654e-02
8.058723986270882600e-02
7.926034208532002634e-02
7.873855809666285843e-02
7.950932527297599473e-02
8.192789260129940132e-02
8.591167730388887813e-02
9.075666416143729487e-02
9.532185739620893661e-02
9.854802140128619825e-02
9.993523675126585182e-02
