9.355398591935566721e-02
9.227880789962282504e-02
9.124940879824951223e-02
9.042725695860473478e-02
8.973282091992516862e-02
8.909017638075944490e-02
8.843261922518592943e-02
8.769848720590252278e-02
8.682934869355694862e-02
8.577957353328206913e-02
8.455297465119536449e-02
8.329112943882749365e-02
8.241716007160512780e-02
8.270636608448714289e-02
8.492276836158517417e-02
8.888770281494465242e-02
9.302328656766348236e-02
9.552941633378710107e-02
9.591460688159178516e-02
9.494005132627907073e-02
9.355398591934681318e-02
9.227880789963649466e-02
9.124940879829807061e-02
9.042725695862012525e-02
8.973282091992523801e-02
8.909017638089973545e-02
8.843261922520977147e-02
8.769848720587243573e-02
8.682934869349663576e-02
8.577957353333069690e-02
8.455297465133898571e-02
8.329112943882677200e-02
8.241716007156719981e-02
8.270636608446081672e-02
8.492276836157240660e-02
8.888770281495000924e-02
9.302328656757936909e-02
9.552941633386617670e-02
9.591460688163941373e-02
9.494005132628245691e-02
9.355398591933822283e-02
9.227880789949441387e-02
9.124940879827687923e-02
9.042725695864971269e-02
8.973282091992201837e-02
8.909017638089125612e-02
8.843261922534308150e-02
8.769848720582705537e-02
8.682934869359974772e-02
8.577957353328774515e-02
8.455297465141593805e-02
8.329112943877735320e-02
8.241716007153278289e-02
8.270636608444842386e-02
8.492276836155814024e-02
8.888770281491931158e-02
9.302328656762946790e-02
9.552941633377803887e-02
9.591460688148624458e-02
9.494005132626687216e-02
9.355398591925596918e-02
9.227880789973676168e-02
9.124940879876065891e-02
9.042725695865579116e-02
8.973282091993298182e-02
8.909017638083850665e-02
8.843261922512574147e-02
8.769848720597388236e-02
8.682934869345464157e-02
8.577957353319583256e-02
8.455297465134911650e-02
8.329112943867973684e-02
8.241716007132912636e-02
8.270636608449682958e-02
8.492276836158080267e-02
8.888770281493028891e-02
9.302328656739282386e-02
9.552941633381169251e-02
9.591460688153249925e-02
9.494005132628260957e-02
9.355398591929542373e-02
9.227880789943485040e-02
9.124940879839668617e-02
9.042725695867026570e-02
8.973282091993430021e-02
8.909017638058865096e-02
8.843261922540603115e-02
8.769848720607845149e-02
8.682934869344076378e-02
8.577957353314907829e-02
8.455297465126507261e-02
8.329112943888894449e-02
8.241716007162311342e-02
8.270636608461259809e-02
8.492276836162691855e-02
8.888770281482143154e-02
9.302328656756565783e-02
9.552941633394197718e-02
9.591460688153458092e-02
9.494005132635002786e-02
