9.581721796205293351e-02
9.398215299572594550e-02
9.241169308994776066e-02
9.112808488274075358e-02
9.004534296975137686e-02
8.906015785776266735e-02
8.807743701880468845e-02
8.701199081342220198e-02
8.578925372590183451e-02
8.435973918799594129e-02
8.274547445769252219e-02
8.114152765070557771e-02
8.006734380575340759e-02
8.042723362318113245e-02
8.312071697001831294e-02
8.805459173209800872e-02
9.353661013806650881e-02
9.734166913885984596e-02
9.849064205377655590e-02
9.759454925669833192e-02
9.581721796207723352e-02
9.398215299568468684e-02
9.241169308997376763e-02
9.112808488272436391e-02
9.004534296974180119e-02
8.906015785778118032e-02
8.807743701877344955e-02
8.701199081347557596e-02
8.578925372591753029e-02
8.435973918798493620e-02
8.274547445767704845e-02
8.114152765066433293e-02
8.006734380573199417e-02
8.042723362315785940e-02
8.312071697000866788e-02
8.805459173210088142e-02
9.353661013795137869e-02
9.734166913882630334e-02
9.849064205379631787e-02
9.759454925663703373e-02
9.581721796205458497e-02
9.398215299568281333e-02
9.241169308990740405e-02
9.112808488272854113e-02
9.004534296975127972e-02
8.906015785785628691e-02
8.807743701878598119e-02
8.701199081345682707e-02
8.578925372588327991e-02
8.435973918795186544e-02
8.274547445763447140e-02
8.114152765063827044e-02
8.006734380573642118e-02
8.042723362318131286e-02
8.312071697000493475e-02
8.805459173208894652e-02
9.353661013805202040e-02
9.734166913884706451e-02
9.849064205378936510e-02
9.759454925667272740e-02
9.581721796210186659e-02
9.398215299570143733e-02
9.241169308998917198e-02
9.112808488276465113e-02
9.004534296974911478e-02
8.906015785783887029e-02
8.807743701880638154e-02
8.701199081344503095e-02
8.578925372595776200e-02
8.435973918790763693e-02
8.274547445770646936e-02
8.114152765068331774e-02
8.006734380570881826e-02
8.042723362314659064e-02
8.312071696999927262e-02
8.805459173205393286e-02
9.353661013803901692e-02
9.734166913894234940e-02
9.849064205388768922e-02
9.759454925661030511e-02
9.581721796218310716e-02
9.398215299579498749e-02
9.241169308997149168e-02
9.112808488269862062e-02
9.004534296973006058e-02
8.906015785790592776e-02
8.807743701877734921e-02
8.701199081339593133e-02
8.578925372586559961e-02
8.435973918800421245e-02
8.274547445760876974e-02
8.114152765059262640e-02
8.006734380568766851e-02
8.042723362312782787e-02
8.312071696999663584e-02
8.805459173211344082e-02
9.353661013806309488e-02
9.734166913893174677e-02
9.849064205381229120e-02
9.759454925665436709e-02
