9.458849883079857579e-02
9.328158029616212543e-02
9.204112597052309386e-02
9.094535502099200530e-02
8.997159727512490934e-02
8.906299471505933762e-02
8.815769799384522154e-02
8.719984067175258480e-02
8.614818332901891251e-02
8.499422877678376731e-02
8.380057008270108687e-02
8.276437383852026930e-02
8.228007823250300945e-02
8.290079043213421928e-02
8.504532455286271941e-02
8.849790007558001881e-02
9.221812031937860754e-02
9.493218862274169223e-02
9.600740418624542638e-02
9.567934375915962408e-02
9.458849883080187870e-02
9.328158029611495483e-02
9.204112597052133138e-02
9.094535502098799462e-02
8.997159727512557548e-02
8.906299471507005128e-02
8.815769799381656391e-02
8.719984067172455167e-02
8.614818332902526854e-02
8.499422877681032940e-02
8.380057008269527208e-02
8.276437383846832474e-02
8.228007823248445485e-02
8.290079043214489130e-02
8.504532455286957504e-02
8.849790007558777649e-02
9.221812031936880982e-02
9.493218862278011982e-02
9.600740418627706774e-02
9.567934375916589684e-02
9.458849883084625987e-02
9.328158029614840030e-02
9.204112597051629374e-02
9.094535502097284008e-02
8.997159727512163419e-02
8.906299471506901044e-02
8.815769799379616356e-02
8.719984067170448438e-02
8.614818332901179321e-02
8.499422877678788901e-02
8.380057008268290697e-02
8.276437383845992868e-02
8.228007823249169905e-02
8.290079043215781152e-02
8.504532455287398818e-02
8.849790007559110716e-02
9.221812031939317922e-02
9.493218862273443415e-02
9.600740418621793448e-02
9.567934375917157286e-02
9.458849883080942822e-02
9.328158029615185587e-02
9.204112597049857181e-02
9.094535502098738400e-02
8.997159727513384664e-02
8.906299471503982546e-02
8.815769799389423789e-02
8.719984067183705889e-02
8.614818332910870180e-02
8.499422877673733223e-02
8.380057008264840679e-02
8.276437383850897278e-02
8.228007823247369956e-02
8.290079043209708232e-02
8.504532455287271142e-02
8.849790007555209670e-02
9.221812031938961263e-02
9.493218862280032588e-02
9.600740418628568584e-02
9.567934375910541744e-02
9.458849883080484855e-02
9.328158029614640190e-02
9.204112597052828415e-02
9.094535502097933488e-02
8.997159727512947514e-02
8.906299471505454979e-02
8.815769799389214234e-02
8.719984067172914521e-02
8.614818332907765719e-02
8.499422877680663790e-02
8.380057008261955487e-02
8.276437383852884577e-02
8.228007823245948871e-02
8.290079043215445309e-02
8.504532455289212645e-02
8.849790007549758475e-02
9.221812031938594889e-02
9.493218862275425163e-02
9.600740418627302930e-02
9.567934375917373779e-02
