8.938689286130854783e-02
8.936090426206783066e-02
8.932021563575964773e-02
8.926939885890790294e-02
8.921097617494901100e-02
8.914624874625567963e-02
8.907621322341578718e-02
8.900250309033114204e-02
8.892839500790714058e-02
8.885983243240480611e-02
8.880612237063495451e-02
8.877948387350033388e-02
8.879230565144378973e-02
8.885167471837074338e-02
8.895320447761706495e-02
8.907894784311229386e-02
8.920305805843109503e-02
8.930252543831757039e-02
8.936532984039925742e-02
8.939119404296845539e-02
8.938689286120397870e-02
8.936090426238105233e-02
8.932021563573927514e-02
8.926939885887674730e-02
8.921097617495031551e-02
8.914624874628519768e-02
8.907621322313140355e-02
8.900250309040794172e-02
8.892839500796660690e-02
8.885983243246314833e-02
8.880612237073991222e-02
8.877948387359051174e-02
8.879230565123698293e-02
8.885167471837285280e-02
8.895320447761696780e-02
8.907894784314207559e-02
8.920305805840042512e-02
8.930252543822411737e-02
8.936532984069966989e-02
8.939119404292494853e-02
8.938689286148120139e-02
8.936090426230129669e-02
8.932021563568780242e-02
8.926939885882705095e-02
8.921097617494298804e-02
8.914624874632111340e-02
8.907621322315156798e-02
8.900250309048847452e-02
8.892839500807556141e-02
8.885983243255922426e-02
8.880612237084445360e-02
8.877948387331976998e-02
8.879230565122762930e-02
8.885167471842804476e-02
8.895320447763402361e-02
8.907894784333572624e-02
8.920305805832971779e-02
8.930252543850564217e-02
8.936532984089066989e-02
8.939119404320043649e-02
8.938689286142594004e-02
8.936090426223407268e-02
8.932021563564861155e-02
8.926939885883891646e-02
8.921097617493541077e-02
8.914624874636260798e-02
8.907621322321367108e-02
8.900250309056702280e-02
8.892839500813819187e-02
8.885983243262474129e-02
8.880612237087438798e-02
8.877948387339983094e-02
8.879230565125721675e-02
8.885167471845860365e-02
8.895320447763151173e-02
8.907894784332490157e-02
8.920305805828931955e-02
8.930252543880085048e-02
8.936532984084107067e-02
8.939119404336297314e-02
8.938689286170126147e-02
8.936090426221873773e-02
8.932021563560071931e-02
8.926939885913456885e-02
8.921097617496502596e-02
8.914624874637999685e-02
8.907621322327553826e-02
8.900250309064294818e-02
8.892839500820538812e-02
8.885983243271748655e-02
8.880612237098575723e-02
8.877948387348984227e-02
8.879230565131662756e-02
8.885167471848359755e-02
8.895320447762534999e-02
8.907894784329958848e-02
8.920305805857217663e-02
8.930252543873698490e-02
8.936532984070842678e-02
8.939119404325257534e-02
