8.931897494536192306e-02
8.930009649127661209e-02
8.926972665925622663e-02
8.923091920065072402e-02
8.918451151332768001e-02
8.913018107501266551e-02
8.906729574924229786e-02
8.899573010207231794e-02
8.891690002812753513e-02
8.883521640773033023e-02
8.875986373796911078e-02
8.870599352016547701e-02
8.869304360568766588e-02
8.873735185945812176e-02
8.883999560967695275e-02
8.897923230875494360e-02
8.911871400586077185e-02
8.922742651721005114e-02
8.929309177355516935e-02
8.931997033497160454e-02
8.931897494540508298e-02
8.930009649135711713e-02
8.926972665925260453e-02
8.923091920062509175e-02
8.918451151334251537e-02
8.913018107497823472e-02
8.906729574927238491e-02
8.899573010202349588e-02
8.891690002811539206e-02
8.883521640776488593e-02
8.875986373798132323e-02
8.870599352019399586e-02
8.869304360569270351e-02
8.873735185951611704e-02
8.883999560969067788e-02
8.897923230872752109e-02
8.911871400585404113e-02
8.922742651725634744e-02
8.929309177365878092e-02
8.931997033491959059e-02
8.931897494536185367e-02
8.930009649134228178e-02
8.926972665921491246e-02
8.923091920064432636e-02
8.918451151332756899e-02
8.913018107500160492e-02
8.906729574921241899e-02
8.899573010206204837e-02
8.891690002812623062e-02
8.883521640777737594e-02
8.875986373791071304e-02
8.870599352014740813e-02
8.869304360572867474e-02
8.873735185949735427e-02
8.883999560967979769e-02
8.897923230875225131e-02
8.911871400586926506e-02
8.922742651723877816e-02
8.929309177360553185e-02
8.931997033496681671e-02
8.931897494536406024e-02
8.930009649131527560e-02
8.926972665919989669e-02
8.923091920061797244e-02
8.918451151334404192e-02
8.913018107495471187e-02
8.906729574920196901e-02
8.899573010211536683e-02
8.891690002811800109e-02
8.883521640783263729e-02
8.875986373790971384e-02
8.870599352012535632e-02
8.869304360571933499e-02
8.873735185946866888e-02
8.883999560967616171e-02
8.897923230874096867e-02
8.911871400586843239e-02
8.922742651719603457e-02
8.929309177359917582e-02
8.931997033500478633e-02
8.931897494531243487e-02
8.930009649133643923e-02
8.926972665922572325e-02
8.923091920065984173e-02
8.918451151334610971e-02
8.913018107499121045e-02
8.906729574924428239e-02
8.899573010205827361e-02
8.891690002804958359e-02
8.883521640781309736e-02
8.875986373789042372e-02
8.870599352012155381e-02
8.869304360569668644e-02
8.873735185947619064e-02
8.883999560967946463e-02
8.897923230884151324e-02
8.911871400584016334e-02
8.922742651726012220e-02
8.929309177359807947e-02
8.931997033497154903e-02
