9.357654449722285772e-02
9.394366282215249608e-02
9.380933222776795255e-02
9.322248397626931027e-02
9.227005070837834833e-02
9.105807892986905738e-02
8.969775045949961167e-02
8.829802322789087610e-02
8.696376693494664578e-02
8.579658155504471528e-02
8.489491314670216671e-02
8.435041176406761487e-02
8.423866410582012132e-02
8.460456031786781073e-02
8.544544576936362323e-02
8.669798053890523382e-02
8.823566864548657018e-02
8.988181856321024454e-02
9.143726318873542092e-02
9.271579798868931355e-02
9.357654449723289136e-02
9.394366282215714514e-02
9.380933222777039504e-02
9.322248397625708394e-02
9.227005070837464296e-02
9.105807892986060581e-02
8.969775045949236747e-02
8.829802322788421476e-02
8.696376693493867993e-02
8.579658155504057970e-02
8.489491314671160360e-02
8.435041176407452601e-02
8.423866410582296627e-02
8.460456031786663111e-02
8.544544576936288771e-02
8.669798053890960532e-02
8.823566864548758326e-02
8.988181856318694374e-02
9.143726318870708247e-02
9.271579798867814193e-02
9.357654449722649370e-02
9.394366282215742270e-02
9.380933222775952873e-02
9.322248397626285710e-02
9.227005070838247003e-02
9.105807892987168028e-02
8.969775045949501813e-02
8.829802322787899671e-02
8.696376693493469701e-02
8.579658155504761574e-02
8.489491314671245015e-02
8.435041176406575525e-02
8.423866410581465347e-02
8.460456031786509068e-02
8.544544576935973745e-02
8.669798053889231360e-02
8.823566864547859045e-02
8.988181856318570861e-02
9.143726318870211422e-02
9.271579798867009281e-02
9.357654449720329004e-02
9.394366282215670105e-02
9.380933222776006997e-02
9.322248397625465532e-02
9.227005070837242251e-02
9.105807892988884711e-02
8.969775045950240111e-02
8.829802322790783475e-02
8.696376693494765886e-02
8.579658155505387462e-02
8.489491314670551125e-02
8.435041176406514463e-02
8.423866410581594411e-02
8.460456031786456332e-02
8.544544576936102809e-02
8.669798053890755141e-02
8.823566864546571187e-02
8.988181856318394614e-02
9.143726318870291914e-02
9.271579798867166100e-02
9.357654449721596046e-02
9.394366282214755559e-02
9.380933222775264535e-02
9.322248397624575966e-02
9.227005070837718259e-02
9.105807892989190022e-02
8.969775045950779957e-02
8.829802322791208136e-02
8.696376693494418941e-02
8.579658155504713002e-02
8.489491314669289634e-02
8.435041176405373708e-02
8.423866410582915576e-02
8.460456031787519371e-02
8.544544576937301850e-02
8.669798053891061840e-02
8.823566864547510713e-02
8.988181856318668006e-02
9.143726318870669389e-02
9.271579798867442268e-02
