1.038816477425453522e-01
1.060942313969007872e-01
1.063677956014460607e-01
1.049157483821665099e-01
1.021151338121022434e-01
9.838531084474054500e-02
9.410693119560444020e-02
8.959179723548239827e-02
8.509436216544954967e-02
8.084745882903646153e-02
7.710389614532689451e-02
7.416624262406250334e-02
7.238729184908825054e-02
7.212622288853487440e-02
7.365640520146109205e-02
7.704372307510827522e-02
8.204228372928480673e-02
8.806764979591899523e-02
9.428608461054065193e-02
9.980344698085191757e-02
1.038816477425352491e-01
1.060942313968851747e-01
1.063677956014352360e-01
1.049157483821587244e-01
1.021151338120924734e-01
9.838531084473910171e-02
9.410693119560614717e-02
8.959179723548758856e-02
8.509436216545163134e-02
8.084745882903865422e-02
7.710389614533283420e-02
7.416624262406752710e-02
7.238729184908897218e-02
7.212622288853665076e-02
7.365640520146335413e-02
7.704372307510833073e-02
8.204228372928211444e-02
8.806764979591358289e-02
9.428608461053593348e-02
9.980344698084413213e-02
1.038816477425560797e-01
1.060942313968953749e-01
1.063677956014389969e-01
1.049157483822092257e-01
1.021151338121276536e-01
9.838531084476140331e-02
9.410693119562849041e-02
8.959179723550197982e-02
8.509436216547192067e-02
8.084745882905518266e-02
7.710389614535174962e-02
7.416624262408715029e-02
7.238729184910908110e-02
7.212622288855305430e-02
7.365640520147199999e-02
7.704372307511381246e-02
8.204228372928354385e-02
8.806764979591660825e-02
9.428608461053065992e-02
9.980344698086983379e-02
1.038816477425717755e-01
1.060942313968971928e-01
1.063677956014400516e-01
1.049157483822052983e-01
1.021151338121241425e-01
9.838531084475983512e-02
9.410693119563019737e-02
8.959179723550295127e-02
8.509436216547357212e-02
8.084745882905963743e-02
7.710389614535505254e-02
7.416624262409965418e-02
7.238729184911521508e-02
7.212622288856693209e-02
7.365640520148968029e-02
7.704372307512613594e-02
8.204228372929028845e-02
8.806764979594799980e-02
9.428608461055677792e-02
9.980344698088368383e-02
1.038816477425814344e-01
1.060942313969142625e-01
1.063677956014826703e-01
1.049157483822361625e-01
1.021151338121529945e-01
9.838531084478455147e-02
9.410693119566168607e-02
8.959179723549696994e-02
8.509436216547114351e-02
8.084745882907122538e-02
7.710389614537094261e-02
7.416624262411025681e-02
7.238729184910341896e-02
7.212622288855545516e-02
7.365640520147499759e-02
7.704372307511132834e-02
8.204228372927643842e-02
8.806764979592474063e-02
9.428608461053050727e-02
9.980344698086138222e-02
