9.472439041846866803e-02
9.395645883398928699e-02
9.288929590315492257e-02
9.170560501812864695e-02
9.050414938503692497e-02
8.932138976460127222e-02
8.816083470243894771e-02
8.701870182452881020e-02
8.590531665982198417e-02
8.486513091983506618e-02
8.399588069979441185e-02
8.346015731149815375e-02
8.347209685734925666e-02
8.423634239998591122e-02
8.583451085743963593e-02
8.810744993247764112e-02
9.063246335112816465e-02
9.286120381716179983e-02
9.435263199538565515e-02
9.493913098667786099e-02
9.472439041845302776e-02
9.395645883397930886e-02
9.288929590315719853e-02
9.170560501813455889e-02
9.050414938504047768e-02
8.932138976460327062e-02
8.816083470244834297e-02
8.701870182451493241e-02
8.590531665984919851e-02
8.486513091986912227e-02
8.399588069974217586e-02
8.346015731147182759e-02
8.347209685736624307e-02
8.423634240005251073e-02
8.583451085746308939e-02
8.810744993241854950e-02
9.063246335106986407e-02
9.286120381713512673e-02
9.435263199538387879e-02
9.493913098662404293e-02
9.472439041844268881e-02
9.395645883393673181e-02
9.288929590314402851e-02
9.170560501814943588e-02
9.050414938505660367e-02
8.932138976466467983e-02
8.816083470254482135e-02
8.701870182452281499e-02
8.590531665976151865e-02
8.486513091984777823e-02
8.399588069974064930e-02
8.346015731148484496e-02
8.347209685739873097e-02
8.423634240002945972e-02
8.583451085745739950e-02
8.810744993242031198e-02
9.063246335109186036e-02
9.286120381715173844e-02
9.435263199538969359e-02
9.493913098668416151e-02
9.472439041847831309e-02
9.395645883395470355e-02
9.288929590313992068e-02
9.170560501817420773e-02
9.050414938506158580e-02
8.932138976463871449e-02
8.816083470249692911e-02
8.701870182450785474e-02
8.590531665988121457e-02
8.486513091990954827e-02
8.399588069978998484e-02
8.346015731152725547e-02
8.347209685737599916e-02
8.423634240003539941e-02
8.583451085745187614e-02
8.810744993239814915e-02
9.063246335105601403e-02
9.286120381710573357e-02
9.435263199535229295e-02
9.493913098664664985e-02
9.472439041841153318e-02
9.395645883389894260e-02
9.288929590316807872e-02
9.170560501819091659e-02
9.050414938506982920e-02
8.932138976471155900e-02
8.816083470250629661e-02
8.701870182454032876e-02
8.590531665981616938e-02
8.486513091979154544e-02
8.399588069976697546e-02
8.346015731148741235e-02
8.347209685737423668e-02
8.423634240000971163e-02
8.583451085745270881e-02
8.810744993242482226e-02
9.063246335112774832e-02
9.286120381720207317e-02
9.435263199542345824e-02
9.493913098668263495e-02
