1.197695627149328174e-01
1.265290077377938249e-01
1.285343335505903795e-01
1.263004945582771321e-01
1.208215628529782371e-01
1.131828907099710069e-01
1.043055524809893969e-01
9.485377980686875155e-02
8.527001930371536087e-02
7.588429034193301670e-02
6.705274046255182974e-02
5.928925828131791087e-02
5.334980983886263711e-02
5.021489487261303342e-02
5.091348531130313743e-02
5.617621647797735318e-02
6.601113442592015934e-02
7.941157546967589353e-02
9.441953696658858530e-02
1.086053296521977823e-01
1.197695627149193282e-01
1.265290077377845546e-01
1.285343335505790552e-01
1.263004945582675287e-01
1.208215628529649560e-01
1.131828907099586140e-01
1.043055524809877871e-01
9.485377980686528210e-02
8.527001930370695093e-02
7.588429034192277489e-02
6.705274046253609233e-02
5.928925828130836989e-02
5.334980983886075667e-02
5.021489487261405343e-02
5.091348531131004163e-02
5.617621647798939216e-02
6.601113442593078973e-02
7.941157546968671821e-02
9.441953696659677320e-02
1.086053296522095923e-01
1.197695627149162056e-01
1.265290077377827782e-01
1.285343335505771956e-01
1.263004945582715810e-01
1.208215628529765856e-01
1.131828907099664411e-01
1.043055524810056339e-01
9.485377980688233790e-02
8.527001930369067229e-02
7.588429034191061795e-02
6.705274046251598341e-02
5.928925828130049425e-02
5.334980983885134059e-02
5.021489487260684392e-02
5.091348531129939042e-02
5.617621647797996220e-02
6.601113442592733416e-02
7.941157546968279080e-02
9.441953696658578199e-02
1.086053296521860001e-01
1.197695627148944314e-01
1.265290077377526357e-01
1.285343335505614581e-01
1.263004945582741623e-01
1.208215628529724639e-01
1.131828907099615283e-01
1.043055524809964330e-01
9.485377980687863253e-02
8.527001930369536298e-02
7.588429034192137324e-02
6.705274046252497622e-02
5.928925828130611475e-02
5.334980983885561495e-02
5.021489487261130563e-02
5.091348531130313743e-02
5.617621647797982343e-02
6.601113442592913827e-02
7.941157546968054259e-02
9.441953696658458850e-02
1.086053296521802963e-01
1.197695627148906566e-01
1.265290077377559663e-01
1.285343335505561013e-01
1.263004945582807126e-01
1.208215628529743929e-01
1.131828907099703546e-01
1.043055524810108103e-01
9.485377980687519084e-02
8.527001930369403071e-02
7.588429034192173406e-02
6.705274046252870934e-02
5.928925828130687803e-02
5.334980983885864031e-02
5.021489487261351914e-02
5.091348531130533706e-02
5.617621647797952505e-02
6.601113442592641822e-02
7.941157546967295144e-02
9.441953696657501283e-02
1.086053296521801853e-01
