9.266598444592674677e-02
9.228914565368263878e-02
9.167392091150715350e-02
9.092496091187185492e-02
9.011507270616793408e-02
8.928743804622790714e-02
8.846673958984353769e-02
8.767245771087357753e-02
8.693140404461996429e-02
8.628831676591788846e-02
8.581259413898140176e-02
8.559680167857905420e-02
8.574057855472370926e-02
8.631596278611135264e-02
8.732086899775384770e-02
8.864380941937223535e-02
9.007027447883998728e-02
9.134278344935956029e-02
9.224846746697061561e-02
9.268422891280270193e-02
9.266598444592770434e-02
9.228914565377499546e-02
9.167392091154941136e-02
9.092496091190285790e-02
9.011507270618621113e-02
8.928743804620134505e-02
8.846673958976170038e-02
8.767245771079863748e-02
8.693140404452552594e-02
8.628831676580732413e-02
8.581259413886815901e-02
8.559680167846256404e-02
8.574057855477230927e-02
8.631596278611591844e-02
8.732086899775359790e-02
8.864380941936784997e-02
9.007027447890421368e-02
9.134278344913160375e-02
9.224846746690126831e-02
9.268422891285932330e-02
9.266598444599390139e-02
9.228914565386732438e-02
9.167392091163027723e-02
9.092496091197951880e-02
9.011507270620723598e-02
8.928743804618041735e-02
8.846673958973153007e-02
8.767245771073035876e-02
8.693140404472832206e-02
8.628831676581638632e-02
8.581259413895309107e-02
8.559680167858720046e-02
8.574057855478421641e-02
8.631596278609934836e-02
8.732086899775198807e-02
8.864380941940035175e-02
9.007027447895472883e-02
9.134278344922178161e-02
9.224846746687996590e-02
9.268422891292299459e-02
9.266598444577998916e-02
9.228914565383140867e-02
9.167392091153195310e-02
9.092496091196210217e-02
9.011507270620568166e-02
8.928743804616551261e-02
8.846673958983282404e-02
8.767245771070282523e-02
8.693140404483405692e-02
8.628831676576209642e-02
8.581259413888241150e-02
8.559680167850126919e-02
8.574057855470285094e-02
8.631596278603367867e-02
8.732086899773010280e-02
8.864380941940512570e-02
9.007027447897919537e-02
9.134278344929794291e-02
9.224846746680506748e-02
9.268422891294551824e-02
9.266598444584908667e-02
9.228914565392774827e-02
9.167392091139479893e-02
9.092496091189554430e-02
9.011507270617613585e-02
8.928743804612164492e-02
8.846673958978176766e-02
8.767245771060869219e-02
8.693140404474002103e-02
8.628831676597074896e-02
8.581259413889488763e-02
8.559680167877058155e-02
8.574057855479946810e-02
8.631596278606469552e-02
8.732086899774534061e-02
8.864380941943462988e-02
9.007027447900882444e-02
9.134278344938447092e-02
9.224846746675885445e-02
9.268422891298995492e-02
