1.079499343441684273e-01
1.083044230682502357e-01
1.065472148341315706e-01
1.033644149682209495e-01
9.940224287294145700e-02
9.512848604904731997e-02
9.081340717481962976e-02
8.658205469670861298e-02
8.249335827678251631e-02
7.862156978022212528e-02
7.513030759533076419e-02
7.232978061492130462e-02
7.069446041523390345e-02
7.080193830389733267e-02
7.315790929354551442e-02
7.792620537018145332e-02
8.468189475434892421e-02
9.237053653366579520e-02
9.958000619048482105e-02
1.050213263665252944e-01
1.079499343441618076e-01
1.083044230682365383e-01
1.065472148341418679e-01
1.033644149682436120e-01
9.940224287295602867e-02
9.512848604904849958e-02
9.081340717483124547e-02
8.658205469673363464e-02
8.249335827681843203e-02
7.862156978024978371e-02
7.513030759536533376e-02
7.232978061494250988e-02
7.069446041525054292e-02
7.080193830390092702e-02
7.315790929354798466e-02
7.792620537018919713e-02
8.468189475435089486e-02
9.237053653368736128e-02
9.958000619048394675e-02
1.050213263665206037e-01
1.079499343441507053e-01
1.083044230682460585e-01
1.065472148341470721e-01
1.033644149682251545e-01
9.940224287295837402e-02
9.512848604903768879e-02
9.081340717480429481e-02
8.658205469670625376e-02
8.249335827681071598e-02
7.862156978025311438e-02
7.513030759537393799e-02
7.232978061493218480e-02
7.069446041524825308e-02
7.080193830390378584e-02
7.315790929354695771e-02
7.792620537019885607e-02
8.468189475434739766e-02
9.237053653366852912e-02
9.958000619048824886e-02
1.050213263665327329e-01
1.079499343441530507e-01
1.083044230682526227e-01
1.065472148341558567e-01
1.033644149682230728e-01
9.940224287295877648e-02
9.512848604904308725e-02
9.081340717482673519e-02
8.658205469671949317e-02
8.249335827680216726e-02
7.862156978024131826e-02
7.513030759536773462e-02
7.232978061493586242e-02
7.069446041524782287e-02
7.080193830389419629e-02
7.315790929354021310e-02
7.792620537017229398e-02
8.468189475433400559e-02
9.237053653365963346e-02
9.958000619046508683e-02
1.050213263665212282e-01
1.079499343441612386e-01
1.083044230682346648e-01
1.065472148341656267e-01
1.033644149682361735e-01
9.940224287294394112e-02
9.512848604903895167e-02
9.081340717481292679e-02
8.658205469672408672e-02
8.249335827678357103e-02
7.862156978023202014e-02
7.513030759536759584e-02
7.232978061495060063e-02
7.069446041526279700e-02
7.080193830392716992e-02
7.315790929356343064e-02
7.792620537019120941e-02
8.468189475435815294e-02
9.237053653368841599e-02
9.958000619049858781e-02
1.050213263665430163e-01
