9.390002350712305101e-02
9.521091138582481184e-02
9.588355530032256768e-02
9.587149934408555063e-02
9.520118474304464784e-02
9.395966551544338019e-02
9.227824145626306596e-02
9.031632083796532762e-02
8.824798662072727562e-02
8.625160327147786410e-02
8.450111623853076570e-02
8.315690715774491648e-02
8.235434942518606027e-02
8.218951341701755120e-02
8.270349424683784423e-02
8.386894149789661523e-02
8.558363612452514479e-02
8.767548694941065812e-02
8.992077389434574575e-02
9.207351218007268912e-02
9.390002350712572943e-02
9.521091138582596369e-02
9.588355530032556528e-02
9.587149934408699392e-02
9.520118474304117839e-02
9.395966551543995238e-02
9.227824145626149777e-02
9.031632083796112265e-02
8.824798662073203570e-02
8.625160327148326256e-02
8.450111623853633069e-02
8.315690715774565200e-02
8.235434942519502532e-02
8.218951341702641911e-02
8.270349424684021733e-02
8.386894149789619890e-02
8.558363612452973834e-02
8.767548694940868748e-02
8.992077389434416368e-02
9.207351218007327198e-02
9.390002350712393919e-02
9.521091138582937763e-02
9.588355530032174889e-02
9.587149934408577268e-02
9.520118474304541112e-02
9.395966551544594758e-02
9.227824145626659091e-02
9.031632083796499455e-02
8.824798662072726174e-02
8.625160327147902983e-02
8.450111623853387433e-02
8.315690715774813613e-02
8.235434942519227752e-02
8.218951341702468438e-02
8.270349424684360351e-02
8.386894149789531072e-02
8.558363612452545011e-02
8.767548694940473231e-02
8.992077389435768064e-02
9.207351218008222316e-02
9.390002350713086421e-02
9.521091138582490898e-02
9.588355530031641982e-02
9.587149934407891705e-02
9.520118474303172762e-02
9.395966551543383227e-02
9.227824145625361518e-02
9.031632083795682053e-02
8.824798662072590172e-02
8.625160327148115313e-02
8.450111623853685805e-02
8.315690715775082842e-02
8.235434942519809232e-02
8.218951341703317759e-02
8.270349424684735051e-02
8.386894149789854425e-02
8.558363612452968283e-02
8.767548694940509313e-02
8.992077389436306523e-02
9.207351218008268112e-02
9.390002350712861601e-02
9.521091138583182012e-02
9.588355530031750229e-02
9.587149934407881990e-02
9.520118474303594647e-02
9.395966551543864786e-02
9.227824145626144225e-02
9.031632083796208021e-02
8.824798662072935729e-02
8.625160327148589934e-02
8.450111623853658049e-02
8.315690715775309050e-02
8.235434942520489243e-02
8.218951341703402413e-02
8.270349424685072282e-02
8.386894149789742015e-02
8.558363612453905034e-02
8.767548694941067200e-02
8.992077389436363422e-02
9.207351218007982230e-02
