7.817091663270010760e-02
8.268675261545316291e-02
8.782623798230639045e-02
9.308628409665137271e-02
9.795200099591822029e-02
1.019470984085734527e-01
1.046805083643714135e-01
1.058846656520634755e-01
1.054416989664607035e-01
1.033949689730898208e-01
9.994482386410770414e-02
9.542898788135494026e-02
9.028950251450541808e-02
8.502945640015494022e-02
8.016373950088744038e-02
7.616864208823538596e-02
7.343523213243388637e-02
7.223107484474655671e-02
7.267404153034527636e-02
7.472077152371429942e-02
7.817091663269412627e-02
8.268675261544056188e-02
8.782623798229358125e-02
9.308628409663798065e-02
9.795200099590511966e-02
1.019470984085604215e-01
1.046805083643660844e-01
1.058846656520559398e-01
1.054416989664561238e-01
1.033949689730917776e-01
9.994482386410978580e-02
9.542898788136026933e-02
9.028950251451201003e-02
8.502945640016225382e-02
8.016373950089158984e-02
7.616864208823891091e-02
7.343523213243717540e-02
7.223107484475199680e-02
7.267404153034548453e-02
7.472077152371300879e-02
7.817091663269833124e-02
8.268675261544480848e-02
8.782623798229488576e-02
9.308628409664189418e-02
9.795200099590983811e-02
1.019470984085644183e-01
1.046805083643683743e-01
1.058846656520609358e-01
1.054416989664614113e-01
1.033949689730903898e-01
9.994482386411016051e-02
9.542898788135432964e-02
9.028950251450548747e-02
8.502945640015525941e-02
8.016373950088763467e-02
7.616864208823721782e-02
7.343523213243524639e-02
7.223107484474539097e-02
7.267404153034211223e-02
7.472077152370858177e-02
7.817091663269003232e-02
8.268675261544024269e-02
8.782623798229775847e-02
9.308628409664629344e-02
9.795200099590940790e-02
1.019470984085680126e-01
1.046805083643629342e-01
1.058846656520513602e-01
1.054416989664516968e-01
1.033949689730862542e-01
9.994482386410437347e-02
9.542898788135600885e-02
9.028950251450221232e-02
8.502945640015217854e-02
8.016373950088398481e-02
7.616864208822908544e-02
7.343523213242894587e-02
7.223107484474199091e-02
7.267404153034058567e-02
7.472077152371338349e-02
7.817091663269831736e-02
8.268675261544718158e-02
8.782623798229804990e-02
9.308628409664204684e-02
9.795200099591015730e-02
1.019470984085650567e-01
1.046805083643688739e-01
1.058846656520612273e-01
1.054416989664616888e-01
1.033949689730935678e-01
9.994482386411251973e-02
9.542898788135754928e-02
9.028950251450801323e-02
8.502945640016260076e-02
8.016373950089224210e-02
7.616864208823743987e-02
7.343523213243578762e-02
7.223107484474830531e-02
7.267404153034615066e-02
7.472077152371756070e-02
