1.042549921287330983e-01
1.180702099021617019e-01
1.290505299048163856e-01
1.361211219104261072e-01
1.385898671098167723e-01
1.362151075220262020e-01
1.292293011615342768e-01
1.183162674278466359e-01
1.045442500983191497e-01
8.926135018452707737e-02
7.396356441224725964e-02
6.014834663881339638e-02
4.916802663617420716e-02
4.209743463055928142e-02
3.962868943115430143e-02
4.200344901890993438e-02
4.898925537945933439e-02
5.990228911317885957e-02
7.367430644265991757e-02
8.895720635645718022e-02
1.042549921287465875e-01
1.180702099021614659e-01
1.290505299048163856e-01
1.361211219104261072e-01
1.385898671098167723e-01
1.362151075220360552e-01
1.292293011615379406e-01
1.183162674278423615e-01
1.045442500983302520e-01
8.926135018451755720e-02
7.396356441224687106e-02
6.014834663881383353e-02
4.916802663616844093e-02
4.209743463055665158e-02
3.962868943115430143e-02
4.200344901891973209e-02
4.898925537945933439e-02
5.990228911317636851e-02
7.367430644265945960e-02
8.895720635646009455e-02
1.042549921287437842e-01
1.180702099021686963e-01
1.290505299048086418e-01
1.361211219104220826e-01
1.385898671098167723e-01
1.362151075220360552e-01
1.292293011615379406e-01
1.183162674278384757e-01
1.045442500983341516e-01
8.926135018452711900e-02
7.396356441224725964e-02
6.014834663881339638e-02
4.916802663616356289e-02
4.209743463056044022e-02
3.962868943115430143e-02
4.200344901890993438e-02
4.898925537945933439e-02
5.990228911317885957e-02
7.367430644265991757e-02
8.895720635646360563e-02
1.042549921287376780e-01
1.180702099021614659e-01
1.290505299048163856e-01
1.361211219104261072e-01
1.385898671098167723e-01
1.362151075220379426e-01
1.292293011615379406e-01
1.183162674278423615e-01
1.045442500983291279e-01
8.926135018452707737e-02
7.396356441224745393e-02
6.014834663881383353e-02
4.916802663616844093e-02
4.209743463055999613e-02
3.962868943115430143e-02
4.200344901890993438e-02
4.898925537945383185e-02
5.990228911318121185e-02
7.367430644265991757e-02
8.895720635646184316e-02
1.042549921287330983e-01
1.180702099021617019e-01
1.290505299048086418e-01
1.361211219104261072e-01
1.385898671098167723e-01
1.362151075220360552e-01
1.292293011615379406e-01
1.183162674278384757e-01
1.045442500983191497e-01
8.926135018452707737e-02
7.396356441224725964e-02
6.014834663881339638e-02
4.916802663617420716e-02
4.209743463055928142e-02
3.962868943115430143e-02
4.200344901890993438e-02
4.898925537945933439e-02
5.990228911318378618e-02
7.367430644265961226e-02
8.895720635645718022e-02
