9.187716613263760546e-02
9.561816866877931309e-02
9.871700348729685326e-02
1.008703350451973652e-01
1.018673802465343836e-01
1.016105413601336854e-01
1.001249595657191099e-01
9.755605395999340790e-02
9.415528692224414686e-02
9.025554922465647834e-02
8.623857436415904854e-02
8.249757182799674626e-02
7.939873700952279623e-02
7.724540545161576177e-02
7.624836025026039688e-02
7.650519913666460614e-02
7.799078093107887633e-02
8.055968653681663816e-02
8.396045357456527469e-02
8.786019127215524693e-02
9.187716613264716725e-02
9.561816866879913057e-02
9.871700348729087193e-02
1.008703350451888719e-01
1.018673802465229067e-01
1.016105413601368218e-01
1.001249595657094787e-01
9.755605395999204787e-02
9.415528692225166862e-02
9.025554922465113539e-02
8.623857436416874911e-02
8.249757182800337985e-02
7.939873700953173352e-02
7.724540545160779592e-02
7.624836025027191544e-02
7.650519913666913030e-02
7.799078093106671938e-02
8.055968653680822822e-02
8.396045357456802249e-02
8.786019127214012014e-02
9.187716613264011734e-02
9.561816866879949139e-02
9.871700348729960106e-02
1.008703350451994191e-01
1.018673802465417111e-01
1.016105413601171709e-01
1.001249595657377894e-01
9.755605395999165930e-02
9.415528692224213458e-02
9.025554922465856000e-02
8.623857436417056710e-02
8.249757182799137556e-02
7.939873700950837720e-02
7.724540545159691574e-02
7.624836025027059705e-02
7.650519913666650740e-02
7.799078093106301401e-02
8.055968653680060931e-02
8.396045357455407532e-02
8.786019127215234648e-02
9.187716613263308130e-02
9.561816866879892240e-02
9.871700348730452768e-02
1.008703350452101605e-01
1.018673802465255435e-01
1.016105413601256224e-01
1.001249595657202202e-01
9.755605395999336626e-02
9.415528692224126028e-02
9.025554922464808227e-02
8.623857436415016675e-02
8.249757182799900834e-02
7.939873700954154512e-02
7.724540545159373772e-02
7.624836025027051378e-02
7.650519913666929683e-02
7.799078093107633669e-02
8.055968653681221114e-02
8.396045357458113700e-02
8.786019127216208868e-02
9.187716613264537702e-02
9.561816866878801446e-02
9.871700348730662322e-02
1.008703350452154202e-01
1.018673802465389633e-01
1.016105413601128132e-01
1.001249595657267427e-01
9.755605395999600304e-02
9.415528692224379992e-02
9.025554922465814367e-02
8.623857436416035305e-02
8.249757182799208333e-02
7.939873700950297875e-02
7.724540545158466165e-02
7.624836025026744679e-02
7.650519913667357119e-02
7.799078093108403886e-02
8.055968653681544467e-02
8.396045357458467584e-02
8.786019127216120050e-02
