1.002130862124648580e-01
1.119036733444285642e-01
1.213629862686707445e-01
1.276650815292395269e-01
1.301930661327464767e-01
1.286994833327292365e-01
1.233305354200221748e-01
1.146117724240026392e-01
1.033966476138776236e-01
9.078297554649361611e-02
7.800547032838089923e-02
6.631488319643563667e-02
5.685557027219638460e-02
5.055347501163259816e-02
4.802549040812145731e-02
4.951907320813842689e-02
5.488802112083755042e-02
6.360678411685732891e-02
7.482190892695957107e-02
8.743558099436736508e-02
1.002130862124702981e-01
1.119036733444268295e-01
1.213629862686730898e-01
1.276650815292397767e-01
1.301930661327464767e-01
1.286994833327233523e-01
1.233305354200163184e-01
1.146117724240050539e-01
1.033966476138685892e-01
9.078297554648794010e-02
7.800547032838398009e-02
6.631488319641826168e-02
5.685557027219163839e-02
5.055347501163322960e-02
4.802549040812145731e-02
4.951907320813700442e-02
5.488802112083287360e-02
6.360678411685806444e-02
7.482190892695658735e-02
8.743558099436885001e-02
1.002130862124697569e-01
1.119036733444269960e-01
1.213629862686710081e-01
1.276650815292419139e-01
1.301930661327452832e-01
1.286994833327243792e-01
1.233305354200101983e-01
1.146117724239942848e-01
1.033966476138740292e-01
9.078297554649156220e-02
7.800547032838188455e-02
6.631488319643161211e-02
5.685557027219470538e-02
5.055347501163482554e-02
4.802549040812573861e-02
4.951907320814309676e-02
5.488802112083100704e-02
6.360678411686462863e-02
7.482190892695750328e-02
8.743558099436432585e-02
1.002130862124727406e-01
1.119036733444381954e-01
1.213629862686754352e-01
1.276650815292413033e-01
1.301930661327452832e-01
1.286994833327226861e-01
1.233305354200169984e-01
1.146117724240092867e-01
1.033966476138958868e-01
9.078297554649374101e-02
7.800547032838003880e-02
6.631488319642712959e-02
5.685557027218950815e-02
5.055347501162885809e-02
4.802549040812566922e-02
4.951907320814091795e-02
5.488802112082339507e-02
6.360678411686924993e-02
7.482190892696036211e-02
8.743558099436778142e-02
1.002130862124809701e-01
1.119036733444476461e-01
1.213629862686756572e-01
1.276650815292401930e-01
1.301930661327452832e-01
1.286994833327206322e-01
1.233305354200142229e-01
1.146117724240058866e-01
1.033966476138848123e-01
9.078297554648860623e-02
7.800547032838292538e-02
6.631488319641699880e-02
5.685557027219150655e-02
5.055347501163120344e-02
4.802549040812550268e-02
4.951907320814642743e-02
5.488802112083406015e-02
6.360678411686766787e-02
7.482190892695755879e-02
8.743558099436150866e-02
