9.161938332912757110e-02
9.416970156290577210e-02
9.621963813140818611e-02
9.756853096053008656e-02
9.808434102189804438e-02
9.771657723283057317e-02
9.650123887537012668e-02
9.455729173570998070e-02
9.207502290415925383e-02
8.929741414889787177e-02
8.649635716767263560e-02
8.394603893387690696e-02
8.189610236538268084e-02
8.054720953627038382e-02
8.003139947490865713e-02
8.039916326396190360e-02
8.161450162143729647e-02
8.355844876110976593e-02
8.604071759265843888e-02
8.881832634792294345e-02
9.161938332915241234e-02
9.416970156290720151e-02
9.621963813139815247e-02
9.756853096053375030e-02
9.808434102189804438e-02
9.771657723281693131e-02
9.650123887535219658e-02
9.455729173570470714e-02
9.207502290414942836e-02
8.929741414888851814e-02
8.649635716765649573e-02
8.394603893390839566e-02
8.189610236540229016e-02
8.054720953628015379e-02
8.003139947491270945e-02
8.039916326396928659e-02
8.161450162143141229e-02
8.355844876109345953e-02
8.604071759265755071e-02
8.881832634793498937e-02
9.161938332914380811e-02
9.416970156290457861e-02
9.621963813139840227e-02
9.756853096053402785e-02
9.808434102189804438e-02
9.771657723281693131e-02
9.650123887534495237e-02
9.455729173570726065e-02
9.207502290415478519e-02
8.929741414889226514e-02
8.649635716766342075e-02
8.394603893389178395e-02
8.189610236540430244e-02
8.054720953628279057e-02
8.003139947491270945e-02
8.039916326396921720e-02
8.161450162142841469e-02
8.355844876110850306e-02
8.604071759265732866e-02
8.881832634790322312e-02
9.161938332914672245e-02
9.416970156291397387e-02
9.621963813140230193e-02
9.756853096052865715e-02
9.808434102189041159e-02
9.771657723283073971e-02
9.650123887535554112e-02
9.455729173570429080e-02
9.207502290415048307e-02
8.929741414888862916e-02
8.649635716766697346e-02
8.394603893390042981e-02
8.189610236539117405e-02
8.054720953627991786e-02
8.003139947491270945e-02
8.039916326397443525e-02
8.161450162143124576e-02
8.355844876111524766e-02
8.604071759265459474e-02
8.881832634792920234e-02
9.161938332912854255e-02
9.416970156291512573e-02
9.621963813139208788e-02
9.756853096052792162e-02
9.808434102189041159e-02
9.771657723283073971e-02
9.650123887537592760e-02
9.455729173570284751e-02
9.207502290414248947e-02
8.929741414890912665e-02
8.649635716766768123e-02
8.394603893389672444e-02
8.189610236539100752e-02
8.054720953628258240e-02
8.003139947491270945e-02
8.039916326397426871e-02
8.161450162142544484e-02
8.355844876111595543e-02
8.604071759266465613e-02
8.881832634791374248e-02
