8.725324400205486386e-02
9.402357532510589866e-02
1.003128610125266357e-01
1.055054619611962563e-01
1.090930902112843826e-01
1.107245637131832189e-01
1.102401824734012131e-01
1.076873611025466887e-01
1.033159875429912333e-01
9.755396229585984458e-02
9.096531253872965073e-02
8.419498121567922655e-02
7.790569552824287702e-02
7.271309457957640665e-02
6.912546632949514991e-02
6.749399282758618279e-02
6.797837406737751442e-02
7.053119543821369242e-02
7.490256899778144350e-02
8.066459424492412877e-02
8.725324400204596820e-02
9.402357532510392801e-02
1.003128610125151171e-01
1.055054619611802136e-01
1.090930902112700052e-01
1.107245637131776955e-01
1.102401824733986735e-01
1.076873611025498945e-01
1.033159875429886798e-01
9.755396229585461265e-02
9.096531253872443268e-02
8.419498121566366955e-02
7.790569552824190558e-02
7.271309457957859934e-02
6.912546632949788383e-02
6.749399282759296903e-02
6.797837406737804178e-02
7.053119543820852988e-02
7.490256899778598154e-02
8.066459424491907726e-02
8.725324400204607922e-02
9.402357532510137450e-02
1.003128610125175735e-01
1.055054619611841271e-01
1.090930902112768747e-01
1.107245637131768212e-01
1.102401824733933861e-01
1.076873611025351979e-01
1.033159875429838781e-01
9.755396229586210666e-02
9.096531253872963685e-02
8.419498121567475790e-02
7.790569552824810895e-02
7.271309457957494948e-02
6.912546632949673198e-02
6.749399282759198371e-02
6.797837406737418375e-02
7.053119543821537163e-02
7.490256899778519051e-02
8.066459424492514185e-02
8.725324400205074216e-02
9.402357532510689786e-02
1.003128610125210013e-01
1.055054619611899142e-01
1.090930902112870193e-01
1.107245637131857030e-01
1.102401824734044328e-01
1.076873611025574717e-01
1.033159875429857932e-01
9.755396229584664680e-02
9.096531253872199019e-02
8.419498121566712512e-02
7.790569552823706223e-02
7.271309457958030631e-02
6.912546632950725134e-02
6.749399282759549479e-02
6.797837406738037325e-02
7.053119543821891047e-02
7.490256899777836264e-02
8.066459424491967400e-02
8.725324400204734210e-02
9.402357532510317861e-02
1.003128610125156861e-01
1.055054619611902472e-01
1.090930902112803996e-01
1.107245637131760857e-01
1.102401824733949126e-01
1.076873611025383204e-01
1.033159875429776331e-01
9.755396229585291956e-02
9.096531253872397471e-02
8.419498121567178806e-02
7.790569552824740118e-02
7.271309457956794120e-02
6.912546632948927960e-02
6.749399282758999918e-02
6.797837406737236576e-02
7.053119543821066706e-02
7.490256899778577337e-02
8.066459424491914665e-02
