9.390145861924863169e-02
9.872387855218103803e-02
1.026001222453356426e-01
1.051507559585757312e-01
1.061261058928130441e-01
1.054306980007708172e-01
1.031326036521017092e-01
9.945677633348584679e-02
9.476303163379809491e-02
8.951082598753491715e-02
8.421428187758200901e-02
7.939186194461463064e-02
7.551561825146634044e-02
7.296498453819934282e-02
7.198963460398610792e-02
7.268504249604215706e-02
7.498313684467169948e-02
7.865896416331001617e-02
8.335270886300301385e-02
8.860491450928593971e-02
9.390145861925386361e-02
9.872387855217942820e-02
1.026001222453408329e-01
1.051507559585848350e-01
1.061261058928132384e-01
1.054306980007708172e-01
1.031326036521329897e-01
9.945677633348279367e-02
9.476303163378713146e-02
8.951082598752033159e-02
8.421428187758195349e-02
7.939186194458119905e-02
7.551561825148639384e-02
7.296498453820479679e-02
7.198963460398742631e-02
7.268504249604640366e-02
7.498313684468758955e-02
7.865896416331454033e-02
8.335270886299600557e-02
8.860491450927927837e-02
9.390145861922034876e-02
9.872387855218649200e-02
1.026001222453245681e-01
1.051507559585905804e-01
1.061261058928134049e-01
1.054306980007658073e-01
1.031326036521275774e-01
9.945677633349372937e-02
9.476303163379520833e-02
8.951082598753613839e-02
8.421428187757397377e-02
7.939186194458801304e-02
7.551561825149954998e-02
7.296498453821392838e-02
7.198963460399718239e-02
7.268504249604489098e-02
7.498313684468765894e-02
7.865896416332299190e-02
8.335270886299507576e-02
8.860491450930044199e-02
9.390145861922637172e-02
9.872387855218596464e-02
1.026001222453351153e-01
1.051507559585969503e-01
1.061261058928228695e-01
1.054306980007702760e-01
1.031326036521113265e-01
9.945677633349347957e-02
9.476303163378886618e-02
8.951082598752226061e-02
8.421428187757498685e-02
7.939186194460182144e-02
7.551561825148489504e-02
7.296498453821308183e-02
7.198963460399718239e-02
7.268504249605020617e-02
7.498313684468810303e-02
7.865896416331785712e-02
8.335270886297450887e-02
8.860491450929257329e-02
9.390145861924470427e-02
9.872387855219041941e-02
1.026001222453469253e-01
1.051507559585936058e-01
1.061261058928130857e-01
1.054306980007566341e-01
1.031326036521182377e-01
9.945677633349511715e-02
9.476303163380134231e-02
8.951082598751301800e-02
8.421428187757407091e-02
7.939186194459521562e-02
7.551561825147573570e-02
7.296498453820191021e-02
7.198963460399715464e-02
7.268504249604545997e-02
7.498313684467577955e-02
7.865896416330703245e-02
8.335270886298004611e-02
8.860491450927594770e-02
