8.411032987997980881e-02
9.011778212187908366e-02
9.602148280476205389e-02
1.012435365722654246e-01
1.052727724174636337e-01
1.077147806624688398e-01
1.083305205257916043e-01
1.070597190995135062e-01
1.040267712814171297e-01
9.952856313574948155e-02
9.400541061663898745e-02
8.799795837473234350e-02
8.209425769185087207e-02
7.687220392435148431e-02
7.284296807915920102e-02
7.040095983415324554e-02
6.978521997081335582e-02
7.105602139710233411e-02
7.408896921519227130e-02
7.858717736087254824e-02
8.411032987998207089e-02
9.011778212188062409e-02
9.602148280476074937e-02
1.012435365722642727e-01
1.052727724174604973e-01
1.077147806624664389e-01
1.083305205257934917e-01
1.070597190995188491e-01
1.040267712814264833e-01
9.952856313574648395e-02
9.400541061663714171e-02
8.799795837473105287e-02
8.209425769185009492e-02
7.687220392435380190e-02
7.284296807916348926e-02
7.040095983415346759e-02
6.978521997081202355e-02
7.105602139709696341e-02
7.408896921519236844e-02
7.858717736087732220e-02
8.411032987999303434e-02
9.011778212188122084e-02
9.602148280476389963e-02
1.012435365722638425e-01
1.052727724174533364e-01
1.077147806624698528e-01
1.083305205257921178e-01
1.070597190995195847e-01
1.040267712814262752e-01
9.952856313575034197e-02
9.400541061664123565e-02
8.799795837473299576e-02
8.209425769185312027e-02
7.687220392435231697e-02
7.284296807915981165e-02
7.040095983415564640e-02
6.978521997081356398e-02
7.105602139709402132e-02
7.408896921519078638e-02
7.858717736087293682e-02
8.411032987998286192e-02
9.011778212187848691e-02
9.602148280476495434e-02
1.012435365722667013e-01
1.052727724174620377e-01
1.077147806624677434e-01
1.083305205257912296e-01
1.070597190995140752e-01
1.040267712814225282e-01
9.952856313575060565e-02
9.400541061664119402e-02
8.799795837473006754e-02
8.209425769185541011e-02
7.687220392435072103e-02
7.284296807915924266e-02
7.040095983415499414e-02
6.978521997081482686e-02
7.105602139709968346e-02
7.408896921519096679e-02
7.858717736087079964e-02
8.411032987997967003e-02
9.011778212187443460e-02
9.602148280476061060e-02
1.012435365722614694e-01
1.052727724174601920e-01
1.077147806624688398e-01
1.083305205257911602e-01
1.070597190995070253e-01
1.040267712814119255e-01
9.952856313573293923e-02
9.400541061662762155e-02
8.799795837472915161e-02
8.209425769185320354e-02
7.687220392435177574e-02
7.284296807915895122e-02
7.040095983415610437e-02
6.978521997081493788e-02
7.105602139710151532e-02
7.408896921518880185e-02
7.858717736087283967e-02
