9.427684075574853384e-02
9.906607865346420128e-02
1.028756433811690019e-01
1.053326282005646181e-01
1.061965263187053948e-01
1.053827733686575618e-01
1.029710251589193298e-01
9.919736040785648301e-02
9.443117171406101296e-02
8.913900683479507314e-02
8.383889974110950161e-02
7.904966184343067970e-02
7.524009711571626180e-02
7.278311229632190849e-02
7.191921417818783469e-02
7.273296712824360577e-02
7.514471533800071157e-02
7.891838008902120338e-02
8.368456878286192890e-02
8.897673366211487911e-02
9.427684075575180900e-02
9.906607865346420128e-02
1.028756433811690019e-01
1.053326282005646181e-01
1.061965263187053948e-01
1.053827733686575618e-01
1.029710251589220915e-01
9.919736040785648301e-02
9.443117171403285492e-02
8.913900683477174458e-02
8.383889974111534416e-02
7.904966184343775737e-02
7.524009711571626180e-02
7.278311229631266588e-02
7.191921417818783469e-02
7.273296712824808830e-02
7.514471533798916525e-02
7.891838008901598533e-02
8.368456878286192890e-02
8.897673366209309098e-02
9.427684075575069877e-02
9.906607865346420128e-02
1.028756433811666426e-01
1.053326282005646181e-01
1.061965263187053948e-01
1.053827733686575618e-01
1.029710251589220915e-01
9.919736040785648301e-02
9.443117171403285492e-02
8.913900683477174458e-02
8.383889974111534416e-02
7.904966184343328872e-02
7.524009711571626180e-02
7.278311229631266588e-02
7.191921417818783469e-02
7.273296712824360577e-02
7.514471533800071157e-02
7.891838008902120338e-02
8.368456878286192890e-02
8.897673366210870349e-02
9.427684075574853384e-02
9.906607865346420128e-02
1.028756433811690019e-01
1.053326282005646181e-01
1.061965263187053948e-01
1.053827733686506646e-01
1.029710251589221470e-01
9.919736040785648301e-02
9.443117171406101296e-02
8.913900683478816200e-02
8.383889974112861132e-02
7.904966184343775737e-02
7.524009711571626180e-02
7.278311229632190849e-02
7.191921417818783469e-02
7.273296712824360577e-02
7.514471533798916525e-02
7.891838008901598533e-02
8.368456878286451017e-02
8.897673366211487911e-02
9.427684075574853384e-02
9.906607865346420128e-02
1.028756433811666426e-01
1.053326282005646181e-01
1.061965263187053948e-01
1.053827733686575618e-01
1.029710251589220915e-01
9.919736040785648301e-02
9.443117171406101296e-02
8.913900683479507314e-02
8.383889974110950161e-02
7.904966184344024149e-02
7.524009711571361114e-02
7.278311229632190849e-02
7.191921417818783469e-02
7.273296712824360577e-02
7.514471533800071157e-02
7.891838008902117563e-02
8.368456878286451017e-02
8.897673366211487911e-02
