9.653088541355528407e-02
1.035955527563111878e-01
1.092371704452078096e-01
1.129034976333893603e-01
1.142356486708269309e-01
1.131032233324260200e-01
1.096170713003059155e-01
1.041184414248420287e-01
9.714557790943981197e-02
8.938103321782286947e-02
8.158485508313328971e-02
7.452018774039236015e-02
6.887857005149887468e-02
6.521224286333138220e-02
6.388009182584339363e-02
6.501251716430768435e-02
6.849866919640498764e-02
7.399729907186017308e-02
8.097016258723434279e-02
8.873470727887139420e-02
9.653088541355224483e-02
1.035955527563231643e-01
1.092371704452086700e-01
1.129034976333777029e-01
1.142356486708269309e-01
1.131032233324191505e-01
1.096170713003034453e-01
1.041184414248414875e-01
9.714557790944847171e-02
8.938103321782374378e-02
8.158485508312980639e-02
7.452018774038444981e-02
6.887857005150470335e-02
6.521224286332197306e-02
6.388009182584339363e-02
6.501251716429880256e-02
6.849866919639870100e-02
7.399729907186862465e-02
8.097016258725754645e-02
8.873470727888357890e-02
9.653088541354973295e-02
1.035955527563079265e-01
1.092371704452178155e-01
1.129034976333776474e-01
1.142356486708269309e-01
1.131032233324163333e-01
1.096170713003124242e-01
1.041184414248331885e-01
9.714557790944990112e-02
8.938103321781556976e-02
8.158485508315310719e-02
7.452018774040317095e-02
6.887857005149167211e-02
6.521224286333048015e-02
6.388009182584339363e-02
6.501251716429858052e-02
6.849866919640772156e-02
7.399729907186788913e-02
8.097016258722913862e-02
8.873470727886396958e-02
9.653088541357512931e-02
1.035955527563146711e-01
1.092371704451835651e-01
1.129034976333800622e-01
1.142356486708288460e-01
1.131032233324353736e-01
1.096170713003014469e-01
1.041184414248371021e-01
9.714557790946735938e-02
8.938103321781983024e-02
8.158485508313115253e-02
7.452018774038605964e-02
6.887857005150584133e-02
6.521224286333054954e-02
6.388009182584339363e-02
6.501251716428714522e-02
6.849866919638818163e-02
7.399729907186537725e-02
8.097016258723624405e-02
8.873470727886724474e-02
9.653088541355871188e-02
1.035955527563170164e-01
1.092371704452012593e-01
1.129034976333799095e-01
1.142356486708288460e-01
1.131032233324281294e-01
1.096170713003048885e-01
1.041184414248319812e-01
9.714557790944826354e-02
8.938103321780767330e-02
8.158485508313595425e-02
7.452018774039712024e-02
6.887857005151036549e-02
6.521224286332540088e-02
6.388009182584339363e-02
6.501251716429519434e-02
6.849866919640193452e-02
7.399729907186569644e-02
8.097016258724534787e-02
8.873470727886313691e-02
