8.935253714849232531e-02
8.962943732262773633e-02
8.985038852924283337e-02
8.999376252470286941e-02
9.004552486341484141e-02
9.000060868702335071e-02
8.986341070379547102e-02
8.964736080828000775e-02
8.937360746953419699e-02
8.906894757168198895e-02
8.876320334826315328e-02
8.848630317411762536e-02
8.826535196749700496e-02
8.812197797201866412e-02
8.807021563332836922e-02
8.811513180970709236e-02
8.825232979292775559e-02
8.846837968847709455e-02
8.874213302722426533e-02
8.904679292504513732e-02
8.935253714849221429e-02
8.962943732262737551e-02
8.985038852924283337e-02
8.999376252470286941e-02
9.004552486341484141e-02
9.000060868702335071e-02
8.986341070379547102e-02
8.964736080828000775e-02
8.937360746952950630e-02
8.906894757167455046e-02
8.876320334826390268e-02
8.848630317411762536e-02
8.826535196749700496e-02
8.812197797201866412e-02
8.807021563332836922e-02
8.811513180970709236e-02
8.825232979292775559e-02
8.846837968847709455e-02
8.874213302723785168e-02
8.904679292505675303e-02
8.935253714849236695e-02
8.962943732262737551e-02
8.985038852924283337e-02
8.999376252470286941e-02
9.004552486341484141e-02
9.000060868702886019e-02
8.986341070379877394e-02
8.964736080828009102e-02
8.937360746952950630e-02
8.906894757167754806e-02
8.876320334827010605e-02
8.848630317411797230e-02
8.826535196749700496e-02
8.812197797201866412e-02
8.807021563332836922e-02
8.811513180970709236e-02
8.825232979292775559e-02
8.846837968848383915e-02
8.874213302722426533e-02
8.904679292504187604e-02
8.935253714849221429e-02
8.962943732262737551e-02
8.985038852924277786e-02
8.999376252470148163e-02
9.004552486341484141e-02
9.000060868702886019e-02
8.986341070379877394e-02
8.964736080828009102e-02
8.937360746952950630e-02
8.906894757167754806e-02
8.876320334827007830e-02
8.848630317411987356e-02
8.826535196749575596e-02
8.812197797201866412e-02
8.807021563332836922e-02
8.811513180970709236e-02
8.825232979292463309e-02
8.846837968848383915e-02
8.874213302723785168e-02
8.904679292504492916e-02
8.935253714849203388e-02
8.962943732262725061e-02
8.985038852924277786e-02
8.999376252470148163e-02
9.004552486341484141e-02
9.000060868702886019e-02
8.986341070379877394e-02
8.964736080828009102e-02
8.937360746952950630e-02
8.906894757167754806e-02
8.876320334826452718e-02
8.848630317411987356e-02
8.826535196749343837e-02
8.812197797201866412e-02
8.807021563332836922e-02
8.811513180970739767e-02
8.825232979293037849e-02
8.846837968848383915e-02
8.874213302723785168e-02
8.904679292504492916e-02
