8.036184269169094341e-02
8.339101953898397923e-02
8.697993939716773537e-02
9.077729378460085152e-02
9.441137119571439695e-02
9.752644281303386731e-02
9.981758372234357524e-02
1.010605210878215698e-01
1.011335875398048784e-01
1.000296308246394067e-01
9.785671391709641065e-02
9.482753706348079348e-02
9.123861719955406180e-02
8.744126280690237007e-02
8.380718539104521636e-02
8.069211376941137770e-02
7.840097285617939060e-02
7.715803548713519311e-02
7.708496903191246197e-02
7.818892574413169316e-02
8.036184264899755292e-02
8.339101950018029674e-02
8.697993936189565845e-02
9.077729375253616728e-02
9.441137116656608819e-02
9.752644278653889442e-02
9.981758369825942390e-02
1.010605210659309833e-01
1.011335875199076417e-01
1.000296308065501683e-01
9.785671390065200925e-02
9.482753704853319476e-02
9.123861718596888715e-02
8.744126279455131934e-02
8.380718537981748928e-02
8.069211375920615215e-02
7.840097284690479562e-02
7.715803547870779544e-02
7.708496902425195085e-02
7.818892573717088623e-02
8.036184264267026700e-02
8.339101949442737083e-02
8.697993935666555043e-02
9.077729374778395477e-02
9.441137116224709858e-02
9.752644278261206334e-02
9.981758369469037606e-02
1.010605210626841222e-01
1.011335875169554616e-01
1.000296308038702425e-01
9.785671389821891386e-02
9.482753704632085334e-02
9.123861718395598341e-02
8.744126279272435021e-02
8.380718537815624869e-02
8.069211375769617944e-02
7.840097284553047829e-02
7.715803547745721247e-02
7.708496902311487431e-02
7.818892573613797636e-02
8.036184264173033831e-02
8.339101949357330401e-02
8.697993935588947678e-02
9.077729374707879662e-02
9.441137116160613907e-02
9.752644278203069506e-02
9.981758369416378340e-02
1.010605210622080447e-01
1.011335875165210313e-01
1.000296308034748644e-01
9.785671389785814689e-02
9.482753704599301836e-02
9.123861718365808282e-02
8.744126279245216515e-02
8.380718537790983469e-02
8.069211375747148418e-02
7.840097284532612787e-02
7.715803547726961253e-02
7.708496902294610653e-02
7.818892573598196227e-02
8.036184264158865997e-02
8.339101949344444875e-02
8.697993935577223723e-02
9.077729374697124376e-02
9.441137116150705166e-02
9.752644278194122496e-02
9.981758369408150200e-02
1.010605210621320776e-01
1.011335875164522252e-01
1.000296308034107073e-01
9.785671389780052631e-02
9.482753704594164279e-02
9.123861718361143958e-02
8.744126279240936606e-02
8.380718537786864542e-02
8.069211375743304271e-02
7.840097284528994848e-02
7.715803547723663891e-02
7.708496902291345210e-02
7.818892573595315199e-02
