8.992258256304597186e-02
9.251189795565033236e-02
9.476814122607118973e-02
9.647045556274365385e-02
9.745220657772289685e-02
9.761729364137811116e-02
9.694955688168357955e-02
9.551435902509390619e-02
9.345218723741917366e-02
9.096490126123404907e-02
8.829597397781380197e-02
8.570665858519033176e-02
8.345041531479310826e-02
8.174810097810755738e-02
8.076634996313833414e-02
8.060126289949368084e-02
8.126899965917810942e-02
8.270419751576510436e-02
8.476636930343002529e-02
8.725365527962596068e-02
8.992258256304570818e-02
9.251189795565259444e-02
9.476814122606759538e-02
9.647045556274748412e-02
9.745220657772267481e-02
9.761729364137521070e-02
9.694955688168377383e-02
9.551435902509697318e-02
9.345218723742239331e-02
9.096490126123719933e-02
8.829597397781061008e-02
8.570665858519256608e-02
8.345041531478636365e-02
8.174810097810972231e-02
8.076634996314818737e-02
8.060126289950401979e-02
8.126899965917740165e-02
8.270419751576317535e-02
8.476636930342963672e-02
8.725365527962750112e-02
8.992258256304368202e-02
9.251189795566452934e-02
9.476814122607256363e-02
9.647045556273828315e-02
9.745220657771923312e-02
9.761729364136806364e-02
9.694955688167238017e-02
9.551435902508977061e-02
9.345218723741888223e-02
9.096490126123127351e-02
8.829597397781431545e-02
8.570665858519327385e-02
8.345041531478962493e-02
8.174810097811333054e-02
8.076634996314929760e-02
8.060126289950492184e-02
8.126899965918313318e-02
8.270419751576070511e-02
8.476636930343210696e-02
8.725365527962752887e-02
8.992258256304670738e-02
9.251189795565692431e-02
9.476814122606630475e-02
9.647045556274282119e-02
9.745220657772524220e-02
9.761729364137294862e-02
9.694955688167260222e-02
9.551435902508458031e-02
9.345218723741680056e-02
9.096490126123107922e-02
8.829597397781667467e-02
8.570665858519004032e-02
8.345041531479308050e-02
8.174810097810894516e-02
8.076634996314438486e-02
8.060126289949665068e-02
8.126899965917959434e-02
8.270419751576260636e-02
8.476636930343904586e-02
8.725365527962807011e-02
8.992258256305209196e-02
9.251189795566470975e-02
9.476814122606655455e-02
9.647045556274704003e-02
9.745220657772241113e-02
9.761729364137454457e-02
9.694955688167414265e-02
9.551435902509214371e-02
9.345218723741999245e-02
9.096490126123460418e-02
8.829597397781055457e-02
8.570665858518738967e-02
8.345041531478675223e-02
8.174810097810709941e-02
8.076634996314185910e-02
8.060126289950100831e-02
8.126899965918271684e-02
8.270419751576041367e-02
8.476636930343374454e-02
8.725365527962604395e-02
