8.242159971770807170e-02
8.517428061555891439e-02
8.830711432522944659e-02
9.151343725548459485e-02
9.447939217814914359e-02
9.691465076036095971e-02
9.858083292465608105e-02
9.931484115181155037e-02
9.904482560242573730e-02
9.779721727977747081e-02
9.569414077908189320e-02
9.294145988123375668e-02
8.980862617155464800e-02
8.660230324130313573e-02
8.363634831864427688e-02
8.120108973642951866e-02
7.953490757213667328e-02
7.880089934498332727e-02
7.907091489437061138e-02
8.031852321702032116e-02
8.242159971771292892e-02
8.517428061556045482e-02
8.830711432523498383e-02
9.151343725549281050e-02
9.447939217815570778e-02
9.691465076036580306e-02
9.858083292466049419e-02
9.931484115181866967e-02
9.904482560243489664e-02
9.779721727978754608e-02
9.569414077909102478e-02
9.294145988123875268e-02
8.980862617156416816e-02
8.660230324130892277e-02
8.363634831865171537e-02
8.120108973643803962e-02
7.953490757213939333e-02
7.880089934498175908e-02
7.907091489437059750e-02
8.031852321702177833e-02
8.242159971771562121e-02
8.517428061556239771e-02
8.830711432523465076e-02
9.151343725548953534e-02
9.447939217815730373e-02
9.691465076036497039e-02
9.858083292465723291e-02
9.931484115181492267e-02
9.904482560243282885e-02
9.779721727978624157e-02
9.569414077909237093e-02
9.294145988123954372e-02
8.980862617156132321e-02
8.660230324130842317e-02
8.363634831864658059e-02
8.120108973643198891e-02
7.953490757213833862e-02
7.880089934498073212e-02
7.907091489436715581e-02
8.031852321702291631e-02
8.242159971771452487e-02
8.517428061556003849e-02
8.830711432523570548e-02
9.151343725549365704e-02
9.447939217815834456e-02
9.691465076036788473e-02
9.858083292465902314e-02
9.931484115181879457e-02
9.904482560242834632e-02
9.779721727978264723e-02
9.569414077909300931e-02
9.294145988124302704e-02
8.980862617156766536e-02
8.660230324130839541e-02
8.363634831865050800e-02
8.120108973643551387e-02
7.953490757213715900e-02
7.880089934497831738e-02
7.907091489436778031e-02
8.031852321702352693e-02
8.242159971771223503e-02
8.517428061556027441e-02
8.830711432523713489e-02
9.151343725549455910e-02
9.447939217815855273e-02
9.691465076036785697e-02
9.858083292465902314e-02
9.931484115181882233e-02
9.904482560242837408e-02
9.779721727977987167e-02
9.569414077908447447e-02
9.294145988123747593e-02
8.980862617156229466e-02
8.660230324130889501e-02
8.363634831864950880e-02
8.120108973643397343e-02
7.953490757214094764e-02
7.880089934498270277e-02
7.907091489437136078e-02
8.031852321702483144e-02
