7.604557509019047035e-02
8.144298861538998291e-02
8.758579981083634836e-02
9.387270751722791295e-02
9.968830540479750590e-02
1.044633222326628030e-01
1.077303460842121419e-01
1.091695779021737839e-01
1.086401356484703179e-01
1.061938448197412010e-01
1.020701654066131087e-01
9.667275188141494224e-02
9.052994068597149113e-02
8.424303297958303516e-02
7.842743509201455243e-02
7.365241826414288540e-02
7.038539441259294982e-02
6.894616259463777486e-02
6.947560484834375272e-02
7.192189567706380737e-02
7.604557509018676498e-02
8.144298861538964984e-02
8.758579981083187971e-02
9.387270751722459616e-02
9.968830540479474422e-02
1.044633222326605132e-01
1.077303460842125443e-01
1.091695779021716328e-01
1.086401356484688052e-01
1.061938448197413259e-01
1.020701654066147879e-01
9.667275188141205566e-02
9.052994068597060295e-02
8.424303297958017633e-02
7.842743509201101360e-02
7.365241826414384296e-02
7.038539441259350493e-02
6.894616259463880181e-02
6.947560484834049144e-02
7.192189567706447351e-02
7.604557509019202466e-02
8.144298861539392420e-02
8.758579981084384236e-02
9.387270751722914808e-02
9.968830540479836633e-02
1.044633222326690480e-01
1.077303460842247707e-01
1.091695779021834706e-01
1.086401356484758135e-01
1.061938448197446011e-01
1.020701654066206027e-01
9.667275188141756515e-02
9.052994068597652877e-02
8.424303297958699033e-02
7.842743509201652308e-02
7.365241826414666015e-02
7.038539441259511475e-02
6.894616259464227126e-02
6.947560484833928407e-02
7.192189567706497311e-02
7.604557509018854133e-02
8.144298861539486789e-02
8.758579981084002597e-02
9.387270751722669171e-02
9.968830540479768632e-02
1.044633222326662031e-01
1.077303460842151811e-01
1.091695779021760598e-01
1.086401356484768821e-01
1.061938448197492085e-01
1.020701654066212133e-01
9.667275188141588593e-02
9.052994068597079724e-02
8.424303297957901060e-02
7.842743509200504615e-02
7.365241826413715387e-02
7.038539441258551133e-02
6.894616259463175190e-02
6.947560484833373295e-02
7.192189567706036568e-02
7.604557509018861072e-02
8.144298861539363277e-02
8.758579981083892962e-02
9.387270751722372186e-02
9.968830540479418911e-02
1.044633222326603744e-01
1.077303460842179011e-01
1.091695779021776280e-01
1.086401356484723302e-01
1.061938448197417006e-01
1.020701654066165087e-01
9.667275188141238873e-02
9.052994068596707800e-02
8.424303297958080083e-02
7.842743509200576779e-02
7.365241826414237192e-02
7.038539441259247798e-02
6.894616259464050878e-02
6.947560484834081063e-02
7.192189567706552822e-02
