9.304737174202044880e-02
9.670837571187979043e-02
9.962049490278745978e-02
1.014986707983936143e-01
1.021590544559730362e-01
1.015370029220642178e-01
9.969340693481056059e-02
9.680873051456140299e-02
9.316534588802380390e-02
8.911989292741563651e-02
8.506836875485712657e-02
8.140736478500508466e-02
7.849524559410973878e-02
7.661706969849167714e-02
7.595668604086851239e-02
7.657873757480225529e-02
7.842233356209774020e-02
8.130700998234696719e-02
8.495039460885581151e-02
8.899584756946223030e-02
9.304737174201639649e-02
9.670837571187979043e-02
9.962049490278745978e-02
1.014986707983936143e-01
1.021590544559730362e-01
1.015370029220642178e-01
9.969340693481056059e-02
9.680873051454973177e-02
9.316534588802380390e-02
8.911989292741563651e-02
8.506836875485712657e-02
8.140736478500508466e-02
7.849524559410972491e-02
7.661706969849167714e-02
7.595668604086851239e-02
7.657873757480236632e-02
7.842233356209774020e-02
8.130700998234696719e-02
8.495039460885581151e-02
8.899584756946489483e-02
9.304737174202044880e-02
9.670837571187979043e-02
9.962049490278745978e-02
1.014986707983936143e-01
1.021590544559730362e-01
1.015370029220666048e-01
9.969340693481104632e-02
9.680873051456140299e-02
9.316534588802380390e-02
8.911989292741563651e-02
8.506836875485712657e-02
8.140736478500508466e-02
7.849524559411169555e-02
7.661706969849167714e-02
7.595668604086851239e-02
7.657873757480225529e-02
7.842233356209774020e-02
8.130700998234696719e-02
8.495039460885581151e-02
8.899584756946223030e-02
9.304737174202044880e-02
9.670837571187979043e-02
9.962049490278745978e-02
1.014986707983936143e-01
1.021590544559730362e-01
1.015370029220666048e-01
9.969340693481104632e-02
9.680873051454973177e-02
9.316534588802380390e-02
8.911989292741044622e-02
8.506836875485712657e-02
8.140736478500508466e-02
7.849524559410972491e-02
7.661706969849167714e-02
7.595668604086851239e-02
7.657873757480225529e-02
7.842233356209774020e-02
8.130700998234920152e-02
8.495039460885518701e-02
8.899584756946223030e-02
9.304737174202044880e-02
9.670837571187979043e-02
9.962049490278745978e-02
1.014986707983936143e-01
1.021590544559730362e-01
1.015370029220666048e-01
9.969340693481104632e-02
9.680873051456140299e-02
9.316534588802380390e-02
8.911989292741563651e-02
8.506836875485712657e-02
8.140736478500508466e-02
7.849524559410973878e-02
7.661706969849167714e-02
7.595668604086851239e-02
7.657873757480225529e-02
7.842233356209774020e-02
8.130700998234920152e-02
8.495039460885518701e-02
8.899584756946223030e-02
