8.940267028951393372e-03
8.940447088676835644e-03
8.940637002323411839e-03
8.940820445104706929e-03
8.940983245796537207e-03
8.941113491703381669e-03
8.941201455753092567e-03
8.941239617527471997e-03
8.941222976643558099e-03
8.941149780322021207e-03
8.941022662306738825e-03
8.940849961261185946e-03
8.940646651068384979e-03
8.940434025899663198e-03
8.940237379106204946e-03
8.940081685181228491e-03
8.939986497820512704e-03
8.939962027755014515e-03
8.940007898084276899e-03
8.940114674422745822e-03
8.940267028951408984e-03
8.940447088676832174e-03
8.940637002323286939e-03
8.940820445104580294e-03
8.940983245796394960e-03
8.941113491703274116e-03
8.941201455752988483e-03
8.941239617527348832e-03
8.941222976643632692e-03
8.941149780322003859e-03
8.941022662306787397e-03
8.940849961261182477e-03
8.940646651068378040e-03
8.940434025899657994e-03
8.940237379106251783e-03
8.940081685181330839e-03
8.939986497820585562e-03
8.939962027755111659e-03
8.940007898084353227e-03
8.940114674422875926e-03
8.940267028951514802e-03
8.940447088676894624e-03
8.940637002323451737e-03
8.940820445104684377e-03
8.940983245796499043e-03
8.941113491703272381e-03
8.941201455753012770e-03
8.941239617527380057e-03
8.941222976643532078e-03
8.941149780322036819e-03
8.941022662306789132e-03
8.940849961261203294e-03
8.940646651068412734e-03
8.940434025899600748e-03
8.940237379106196272e-03
8.940081685181257981e-03
8.939986497820582093e-03
8.939962027755135945e-03
8.940007898084342819e-03
8.940114674422803068e-03
8.940267028951495720e-03
8.940447088676788806e-03
8.940637002323356328e-03
8.940820445104623662e-03
8.940983245796408838e-03
8.941113491703242891e-03
8.941201455753026647e-03
8.941239617527388731e-03
8.941222976643559833e-03
8.941149780321983043e-03
8.941022662306792601e-03
8.940849961261267478e-03
8.940646651068549777e-03
8.940434025899763812e-03
8.940237379106281274e-03
8.940081685181372473e-03
8.939986497820621991e-03
8.939962027755099516e-03
8.940007898084370574e-03
8.940114674422862048e-03
8.940267028951509598e-03
8.940447088676911971e-03
8.940637002323382349e-03
8.940820445104575090e-03
8.940983245796289142e-03
8.941113491703178706e-03
8.941201455752936442e-03
8.941239617527282912e-03
8.941222976643473097e-03
8.941149780321970900e-03
8.941022662306745764e-03
8.940849961261237988e-03
8.940646651068426612e-03
8.940434025899567788e-03
8.940237379106050555e-03
8.940081685181138285e-03
8.939986497820427702e-03
8.939962027754962473e-03
8.940007898084238736e-03
8.940114674422704188e-03
