8.939965291196992972e-03
8.940236293224370842e-03
8.940515938004834837e-03
8.940782092040555282e-03
8.941016705583790594e-03
8.941205053564922275e-03
8.941334906344355904e-03
8.941396013773379031e-03
8.941380188880621721e-03
8.941282266634868747e-03
8.941102164615005038e-03
8.940847976897070212e-03
8.940539263635851816e-03
8.940208545602609802e-03
8.939898403806096142e-03
8.939653061667697520e-03
8.939507040794599652e-03
8.939476432681186038e-03
8.939557059803463282e-03
8.939729226579129148e-03
8.939965291196980829e-03
8.940236293224346556e-03
8.940515938004871266e-03
8.940782092040633344e-03
8.941016705583807941e-03
8.941205053564950031e-03
8.941334906344404476e-03
8.941396013773320051e-03
8.941380188880623456e-03
8.941282266634889564e-03
8.941102164615064019e-03
8.940847976897077151e-03
8.940539263635973247e-03
8.940208545602628884e-03
8.939898403806132571e-03
8.939653061667681908e-03
8.939507040794603121e-03
8.939476432681349102e-03
8.939557059803608999e-03
8.939729226579247109e-03
8.939965291196935726e-03
8.940236293224353495e-03
8.940515938004907695e-03
8.940782092040591711e-03
8.941016705583773247e-03
8.941205053564936153e-03
8.941334906344314271e-03
8.941396013773215967e-03
8.941380188880455188e-03
8.941282266634702214e-03
8.941102164614833300e-03
8.940847976896969598e-03
8.940539263635683548e-03
8.940208545602415513e-03
8.939898403806028487e-03
8.939653061667692316e-03
8.939507040794580570e-03
8.939476432681309204e-03
8.939557059803463282e-03
8.939729226579078841e-03
8.939965291196809091e-03
8.940236293224232064e-03
8.940515938004833102e-03
8.940782092040560486e-03
8.941016705583832228e-03
8.941205053565000338e-03
8.941334906344433966e-03
8.941396013773384235e-03
8.941380188880661620e-03
8.941282266634905176e-03
8.941102164615077896e-03
8.940847976897101437e-03
8.940539263635881306e-03
8.940208545602526535e-03
8.939898403806047569e-03
8.939653061667619457e-03
8.939507040794495568e-03
8.939476432681151344e-03
8.939557059803378281e-03
8.939729226579165577e-03
8.939965291196949604e-03
8.940236293224403802e-03
8.940515938004893817e-03
8.940782092040631610e-03
8.941016705583832228e-03
8.941205053565010746e-03
8.941334906344335087e-03
8.941396013773205559e-03
8.941380188880482943e-03
8.941282266634749051e-03
8.941102164614881873e-03
8.940847976896959190e-03
8.940539263635718242e-03
8.940208545602408574e-03
8.939898403805872362e-03
8.939653061667437312e-03
8.939507040794339443e-03
8.939476432681121854e-03
8.939557059803347056e-03
8.939729226578966084e-03
