8.940427383673867773e-03
8.940446400003725785e-03
8.940472054000793076e-03
8.940501867525126392e-03
8.940533312947336955e-03
8.940563902025869258e-03
8.940591232431075591e-03
8.940613031279475570e-03
8.940627230851410506e-03
8.940632108311832166e-03
8.940626511845682287e-03
8.940610167805746605e-03
8.940584007070408179e-03
8.940550373935806164e-03
8.940512937976690527e-03
8.940476194140378405e-03
8.940444629766300388e-03
8.940421847149221043e-03
8.940409977474871733e-03
8.940409552425854917e-03
8.940419757147861565e-03
8.940438854221023982e-03
8.940464588921229888e-03
8.940494482811268614e-03
8.940526007967235234e-03
8.940556675866167397e-03
8.940584083915228616e-03
8.940605958990386140e-03
8.940620233161699834e-03
8.940625183428384248e-03
8.940619657877141996e-03
8.940603382860186354e-03
8.940577289384280327e-03
8.940543722019663256e-03
8.940506350746333861e-03
8.940469670991314094e-03
8.940438170559858108e-03
8.940415452109943401e-03
8.940403647032560755e-03
8.940403287050306680e-03
8.940413557214877890e-03
8.940432719924753385e-03
8.940458520229184469e-03
8.940488479449285736e-03
8.940520069421713581e-03
8.940550801394806651e-03
8.940578272561790218e-03
8.940600209603067478e-03
8.940614544417697929e-03
8.940619553870257294e-03
8.940614085967489577e-03
8.940597867061219478e-03
8.940571828262430451e-03
8.940538314364261663e-03
8.940500995676108065e-03
8.940464368014882854e-03
8.940432919564559808e-03
8.940410253278371563e-03
8.940398500714086955e-03
8.940398193626917026e-03
8.940408516992071064e-03
8.940427733060377080e-03
8.940453586696834459e-03
8.940483599026114239e-03
8.940515241690261128e-03
8.940546025751679171e-03
8.940573548229685877e-03
8.940595535645658870e-03
8.940609919759740995e-03
8.940614977326923757e-03
8.940609556288996174e-03
8.940593382997500185e-03
8.940567388648157018e-03
8.940533918215212705e-03
8.940496642275886155e-03
8.940460056964040156e-03
8.940428650771513330e-03
8.940406026891566799e-03
8.940394317017562320e-03
8.940394052931162003e-03
8.940404419545478973e-03
8.940423678991277559e-03
8.940449575983788061e-03
8.940479631487982873e-03
8.940511316987691248e-03
8.940542143394115265e-03
8.940569707585223694e-03
8.940591735953174607e-03
8.940606160145060655e-03
8.940611256826918457e-03
8.940605873887664395e-03
8.940589737678576732e-03
8.940563779464298991e-03
8.940530344366330942e-03
8.940493103179555923e-03
8.940456552295576731e-03
8.940425180456434626e-03
8.940402591050560996e-03
8.940390915881536726e-03
8.940390686752576130e-03
