8.960712618853360067e-03
8.960767237915851641e-03
8.960825585491228804e-03
8.960882725769208496e-03
8.960934732906086775e-03
8.960978463179886458e-03
8.961011284979530922e-03
8.961030874863893173e-03
8.961035147857203051e-03
8.961022384766505894e-03
8.960991622850066410e-03
8.960943341772661247e-03
8.960880340186468465e-03
8.960808431991276746e-03
8.960736333787236094e-03
8.960674226858042837e-03
8.960631211072749708e-03
8.960612794472458051e-03
8.960619731986127490e-03
8.960648636967315575e-03
8.960693692785194273e-03
8.960748426447713230e-03
8.960806889612826093e-03
8.960864144361578923e-03
8.960916263203161716e-03
8.960960101125518135e-03
8.960993025464375830e-03
8.961012711872166220e-03
8.961017074580834504e-03
8.961004393767960791e-03
8.960973706380197940e-03
8.960925492359493247e-03
8.960862551565876299e-03
8.960790700299661737e-03
8.960718658687416571e-03
8.960656612072299965e-03
8.960613663896457859e-03
8.960595324304213710e-03
8.960602348426544364e-03
8.960631348191456721e-03
8.960676504613030932e-03
8.960731342122253695e-03
8.960789910040989001e-03
8.960847268539072139e-03
8.960899488632250581e-03
8.960943424138232208e-03
8.960976441436965811e-03
8.960996215357985503e-03
8.961000659413579511e-03
8.960988053209328896e-03
8.960957433407999023e-03
8.960909280201746763e-03
8.960846394544981497e-03
8.960774594914438368e-03
8.960702604634822321e-03
8.960640612731508511e-03
8.960597725888213086e-03
8.960579456157862985e-03
8.960586558855497888e-03
8.960615644616557948e-03
8.960660892318901560e-03
8.960715824055708392e-03
8.960774487029232391e-03
8.960831939674975682e-03
8.960884251653171081e-03
8.960928275719225178e-03
8.960961377385199406e-03
8.960981230733262165e-03
8.960985748622057878e-03
8.960973210137409758e-03
8.960942651683937235e-03
8.960894553680329513e-03
8.960831718073965571e-03
8.960759965316908437e-03
8.960688021636877693e-03
8.960626079401937463e-03
8.960583248238725845e-03
8.960565041933188021e-03
8.960572215967769691e-03
8.960601379804705377e-03
8.960646710382633856e-03
8.960701727672366543e-03
8.960760476951689854e-03
8.960818015081375987e-03
8.960870410490784713e-03
8.960914514970557895e-03
8.960947693244554133e-03
8.960967618716102895e-03
8.960972203650035411e-03
8.960959726660019595e-03
8.960929223915956379e-03
8.960881176042075416e-03
8.960818385887294943e-03
8.960746675697354308e-03
8.960674774336194193e-03
8.960612877207540725e-03
8.960570096610718724e-03
8.960551947905558492e-03
8.960559186726779757e-03
8.960588421471224474e-03
