8.940166823681691688e-03
8.940289771370669297e-03
8.940428027779560166e-03
8.940569265073800356e-03
8.940702585353238127e-03
8.940818560238336307e-03
8.940909053535067361e-03
8.940967068377015173e-03
8.940986809576592989e-03
8.940964118539559274e-03
8.940897386018432230e-03
8.940788904990433147e-03
8.940646322302283830e-03
8.940483429621233491e-03
8.940319308278257479e-03
8.940175288033367848e-03
8.940070388834864962e-03
8.940017077412369673e-03
8.940019162720419174e-03
8.940072382275563931e-03
8.940166819507497711e-03
8.940289767434092538e-03
8.940428024068379498e-03
8.940569261575640261e-03
8.940702582055854927e-03
8.940818557129706634e-03
8.940909050603386421e-03
8.940967065610988182e-03
8.940986806965339762e-03
8.940964116072811982e-03
8.940897383686439992e-03
8.940788902784260403e-03
8.940646320213792991e-03
8.940483427643282702e-03
8.940319306404711022e-03
8.940175286259028492e-03
8.940070387155331713e-03
8.940017075823848691e-03
8.940019161219210295e-03
8.940072380858076276e-03
8.940166818170027646e-03
8.940289766172766425e-03
8.940428022879268188e-03
8.940569260454901343e-03
8.940702580999441290e-03
8.940818556133744641e-03
8.940909049664156824e-03
8.940967064724790817e-03
8.940986806128830081e-03
8.940964115282548294e-03
8.940897382939367449e-03
8.940788902077435180e-03
8.940646319544715351e-03
8.940483427009617706e-03
8.940319305804482822e-03
8.940175285690599508e-03
8.940070386617302023e-03
8.940017075314899905e-03
8.940019160738230455e-03
8.940072380403934343e-03
8.940166817741443395e-03
8.940289765768605346e-03
8.940428022498300362e-03
8.940569260095699092e-03
8.940702580660847554e-03
8.940818555814522561e-03
8.940909049363071279e-03
8.940967064440762807e-03
8.940986805860612341e-03
8.940964115029158971e-03
8.940897382699826423e-03
8.940788901850819578e-03
8.940646319330130057e-03
8.940483426806375769e-03
8.940319305612029130e-03
8.940175285508373745e-03
8.940070386444787243e-03
8.940017075151778653e-03
8.940019160584065580e-03
8.940072380258389309e-03
8.940166817604155644e-03
8.940289765639111708e-03
8.940428022376177564e-03
8.940569259980655700e-03
8.940702580552380499e-03
8.940818555712300511e-03
8.940909049266627592e-03
8.940967064349715845e-03
8.940986805774682813e-03
8.940964114947999933e-03
8.940897382623035419e-03
8.940788901778198849e-03
8.940646319261395109e-03
8.940483426741308026e-03
8.940319305550335424e-03
8.940175285449929177e-03
8.940070386389449564e-03
8.940017075099481944e-03
8.940019160534627696e-03
8.940072380211622899e-03
