8.940445617436039785e-03
8.940458077416358132e-03
8.940473308703920929e-03
8.940489866116530307e-03
8.940506446693332471e-03
8.940521868311790410e-03
8.940535025892553181e-03
8.940544861012417535e-03
8.940550369438277079e-03
8.940550666207454020e-03
8.940545123658969612e-03
8.940533582863827156e-03
8.940516600838159522e-03
8.940495635399753338e-03
8.940473022014335663e-03
8.940451631879462249e-03
8.940434255740639310e-03
8.940422950003738822e-03
8.940418638688810496e-03
8.940421113425410168e-03
8.940429343009332480e-03
8.940441880303660188e-03
8.940457189271697885e-03
8.940473824312809847e-03
8.940490482098040897e-03
8.940505980179338369e-03
8.940519213180465538e-03
8.940529122400297374e-03
8.940534703347938900e-03
8.940535070839927129e-03
8.940529597067776307e-03
8.940518123083222163e-03
8.940501206074348561e-03
8.940480304266732250e-03
8.940457753758197096e-03
8.940436426507679391e-03
8.940419113987361013e-03
8.940407873125865920e-03
8.940403628163827790e-03
8.940406170656408844e-03
8.940414469116388790e-03
8.940427076023892833e-03
8.940442454944753578e-03
8.940459159911743128e-03
8.940475887272326602e-03
8.940491454291283474e-03
8.940504755329595904e-03
8.940514731439428223e-03
8.940520377900345109e-03
8.940520809331570923e-03
8.940515397791710603e-03
8.940503984312704946e-03
8.940487126232039145e-03
8.940466282133822593e-03
8.940443788673929290e-03
8.940422518485089884e-03
8.940405263683941228e-03
8.940394081663959394e-03
8.940389896863274594e-03
8.940392500772871218e-03
8.940400861655666345e-03
8.940413531652499288e-03
8.940428973976099689e-03
8.940445742332913878e-03
8.940462532781679600e-03
8.940478162330327966e-03
8.940491525104321199e-03
8.940501561934238728e-03
8.940507267893133339e-03
8.940507757422281460e-03
8.940502402459714337e-03
8.940491044018061828e-03
8.940474239567066175e-03
8.940453448010813459e-03
8.940431006504464054e-03
8.940409788284652687e-03
8.940392586046379958e-03
8.940381457601013354e-03
8.940377327565069907e-03
8.940379987372971612e-03
8.940388405064083471e-03
8.940401132474870213e-03
8.940416632500898519e-03
8.940433458554983281e-03
8.940450306435724845e-03
8.940465992919269245e-03
8.940479411918248950e-03
8.940489504062761397e-03
8.940495264238779854e-03
8.940495806726112688e-03
8.940490503353054272e-03
8.940479195113827313e-03
8.940462439596756281e-03
8.940441695994234828e-03
8.940419301912140917e-03
8.940398131132766546e-03
8.940380976874207769e-03
8.940369897326187407e-03
8.940365817267176274e-03
8.940368528081069077e-03
