8.940952638416608048e-03
8.941355203942428706e-03
8.941670689728623694e-03
8.941885712126049213e-03
8.941993937528269071e-03
8.941992987695875778e-03
8.941882831400975798e-03
8.941665763899762573e-03
8.941348005828167814e-03
8.940942884386640643e-03
8.940475163144027612e-03
8.939985070203953013e-03
8.939529048419858279e-03
8.939173419923372027e-03
8.938979326594107336e-03
8.938983374981583283e-03
8.939184162020026927e-03
8.939543203357200318e-03
8.939999352991556680e-03
8.940487535557550131e-03
8.940952638416937645e-03
8.941355203942640342e-03
8.941670689728443283e-03
8.941885712126054417e-03
8.941993937528279479e-03
8.941992987695804654e-03
8.941882831400857837e-03
8.941665763899720940e-03
8.941348005828212916e-03
8.940942884386510539e-03
8.940475163143904447e-03
8.939985070203930462e-03
8.939529048419880830e-03
8.939173419923208963e-03
8.938979326593933863e-03
8.938983374981560731e-03
8.939184162020032132e-03
8.939543203357193379e-03
8.939999352991560150e-03
8.940487535557331555e-03
8.940952638416720805e-03
8.941355203942426971e-03
8.941670689728616755e-03
8.941885712125962477e-03
8.941993937528206621e-03
8.941992987695953840e-03
8.941882831401039983e-03
8.941665763899760838e-03
8.941348005828133119e-03
8.940942884386340536e-03
8.940475163143873222e-03
8.939985070203982503e-03
8.939529048419983179e-03
8.939173419923261005e-03
8.938979326593939068e-03
8.938983374981477464e-03
8.939184162019983559e-03
8.939543203357228074e-03
8.939999352991672907e-03
8.940487535557562274e-03
8.940952638416899481e-03
8.941355203942282989e-03
8.941670689728535223e-03
8.941885712126109928e-03
8.941993937528435604e-03
8.941992987695967718e-03
8.941882831401069473e-03
8.941665763899615121e-03
8.941348005827970055e-03
8.940942884386345740e-03
8.940475163143961693e-03
8.939985070204221895e-03
8.939529048419728174e-03
8.939173419923295699e-03
8.938979326594057029e-03
8.938983374981437566e-03
8.939184162020089378e-03
8.939543203357285320e-03
8.939999352991546272e-03
8.940487535557409618e-03
8.940952638416699988e-03
8.941355203942243091e-03
8.941670689728651450e-03
8.941885712126096050e-03
8.941993937528196212e-03
8.941992987695919146e-03
8.941882831401043452e-03
8.941665763899649816e-03
8.941348005827966586e-03
8.940942884386560846e-03
8.940475163143946080e-03
8.939985070204048423e-03
8.939529048419912055e-03
8.939173419923340802e-03
8.938979326594039682e-03
8.938983374981432362e-03
8.939184162019945395e-03
8.939543203357267973e-03
8.939999352991641682e-03
8.940487535557404414e-03
