8.941221156609842347e-03
8.942247791985885250e-03
8.942951308199836510e-03
8.943387205674391272e-03
8.943595414186898684e-03
8.943596542061319279e-03
8.943391592353055683e-03
8.942961765501397653e-03
8.942267949770413629e-03
8.941252529147980868e-03
8.939851999380412154e-03
8.938039970773102583e-03
8.935928003166416014e-03
8.933905957078996582e-03
8.932637504916815172e-03
8.932671720852840627e-03
8.933964338221965160e-03
8.935949667054987958e-03
8.938019656365134291e-03
8.939815930464575441e-03
8.941221156609901327e-03
8.942247791985899127e-03
8.942951308199843449e-03
8.943387205674264637e-03
8.943595414186829295e-03
8.943596542061192645e-03
8.943391592353076500e-03
8.942961765501475715e-03
8.942267949770384139e-03
8.941252529148020767e-03
8.939851999380287254e-03
8.938039970772851048e-03
8.935928003166235603e-03
8.933905957078642698e-03
8.932637504916799559e-03
8.932671720852785116e-03
8.933964338222013732e-03
8.935949667055109388e-03
8.938019656365505522e-03
8.939815930464669116e-03
8.941221156609828469e-03
8.942247791986004946e-03
8.942951308199978758e-03
8.943387205674366985e-03
8.943595414186928175e-03
8.943596542061199584e-03
8.943391592353118133e-03
8.942961765501356020e-03
8.942267949770463936e-03
8.941252529147951378e-03
8.939851999380389602e-03
8.938039970773222279e-03
8.935928003166325809e-03
8.933905957079090257e-03
8.932637504916818641e-03
8.932671720853211858e-03
8.933964338222280879e-03
8.935949667055360923e-03
8.938019656365522869e-03
8.939815930464837385e-03
8.941221156609960308e-03
8.942247791986010150e-03
8.942951308199839980e-03
8.943387205674366985e-03
8.943595414186898684e-03
8.943596542061085092e-03
8.943391592352920375e-03
8.942961765501357754e-03
8.942267949770439650e-03
8.941252529148071074e-03
8.939851999380382663e-03
8.938039970773276055e-03
8.935928003166317135e-03
8.933905957078760660e-03
8.932637504916886295e-03
8.932671720852972466e-03
8.933964338222270471e-03
8.935949667055380005e-03
8.938019656365401439e-03
8.939815930464674321e-03
8.941221156609913470e-03
8.942247791986091682e-03
8.942951308199957941e-03
8.943387205674389537e-03
8.943595414186919501e-03
8.943596542061222135e-03
8.943391592353038336e-03
8.942961765501418470e-03
8.942267949770479549e-03
8.941252529147963521e-03
8.939851999380354908e-03
8.938039970773270851e-03
8.935928003166298053e-03
8.933905957078875151e-03
8.932637504916881091e-03
8.932671720852988079e-03
8.933964338222013732e-03
8.935949667054981019e-03
8.938019656365299090e-03
8.939815930464788812e-03
