8.939620781299534302e-03
8.939720138105506156e-03
8.939838626119399681e-03
8.939965532899208506e-03
8.940091574507749370e-03
8.940208714160409464e-03
8.940309780240478579e-03
8.940388065831271491e-03
8.940437053412856466e-03
8.940450439087106044e-03
8.940422710380029059e-03
8.940350579896385805e-03
8.940235383742559799e-03
8.940085826473294708e-03
8.939919292547185425e-03
8.939759547540383072e-03
8.939630581559013245e-03
8.939549649868091391e-03
8.939523526962291078e-03
8.939549282615612963e-03
8.939617751226513684e-03
8.939717184724287752e-03
8.939835748498192389e-03
8.939962729618949541e-03
8.940088843759106535e-03
8.940206053827726151e-03
8.940307187964227284e-03
8.940385539050023714e-03
8.940434589391022674e-03
8.940448034941332958e-03
8.940420363123919092e-03
8.940348286532633429e-03
8.940233141430798183e-03
8.940083632777363204e-03
8.939917145705680510e-03
8.939757446637944943e-03
8.939628526482525789e-03
8.939547641043299117e-03
8.939521564991996516e-03
8.939547367969237490e-03
8.939615884058317585e-03
8.939715364814535339e-03
8.939833975272723152e-03
8.939961002203261620e-03
8.940087161038296620e-03
8.940204414498100979e-03
8.940305590571812761e-03
8.940383982016388009e-03
8.940433071030477741e-03
8.940446553477121236e-03
8.940418916715821632e-03
8.940346873333697084e-03
8.940231759690726865e-03
8.940082280995022626e-03
8.939915822795654193e-03
8.939756152036125100e-03
8.939627260119261537e-03
8.939546403180861564e-03
8.939520356001885368e-03
8.939546188140742172e-03
8.939614733486445433e-03
8.939714243363870369e-03
8.939832882589473714e-03
8.939959937748556684e-03
8.940086124125095485e-03
8.940203404323094835e-03
8.940304606239044688e-03
8.940383022553208964e-03
8.940432135398178673e-03
8.940445640580810607e-03
8.940418025421507237e-03
8.940346002503228584e-03
8.940230908245559022e-03
8.940081448010136697e-03
8.939915007602210195e-03
8.939755354286508734e-03
8.939626479770567888e-03
8.939545640394737369e-03
8.939519611007227390e-03
8.939545461115781105e-03
8.939614024489818400e-03
8.939713552312095537e-03
8.939832209264539711e-03
8.939959281818406212e-03
8.940085485166391829e-03
8.940202781840780877e-03
8.940303999681046415e-03
8.940382431320156864e-03
8.940431558850013560e-03
8.940445078042801377e-03
8.940417476194943702e-03
8.940345465886756840e-03
8.940230383574563136e-03
8.940080934714603883e-03
8.939914505269999645e-03
8.939754862703448018e-03
8.939625998910172983e-03
8.939545170356629974e-03
8.939519151932480423e-03
8.939545013114232053e-03
