8.939519951956784172e-03
8.939815806178396870e-03
8.940123869092210865e-03
8.940421159126882289e-03
8.940689914540205646e-03
8.940915893343793705e-03
8.941086777363676033e-03
8.941191011566611627e-03
8.941217307751660529e-03
8.941155160981663005e-03
8.940996947069110301e-03
8.940742207136524733e-03
8.940403963550249550e-03
8.940014672573231083e-03
8.939626504262178017e-03
8.939300987760285741e-03
8.939090193590334965e-03
8.939020263906272482e-03
8.939087314570758405e-03
8.939265581163617289e-03
8.939519951934730632e-03
8.939815806158307038e-03
8.940123869073933818e-03
8.940421159110301802e-03
8.940689914525117021e-03
8.940915893330056430e-03
8.941086777351139186e-03
8.941191011555200616e-03
8.941217307741297290e-03
8.941155160972255600e-03
8.940996947060551175e-03
8.940742207128576230e-03
8.940403963542913404e-03
8.940014672566448314e-03
8.939626504255913930e-03
8.939300987754500438e-03
8.939090193584908750e-03
8.939020263901283417e-03
8.939087314566163123e-03
8.939265581159424462e-03
8.939519951930929853e-03
8.939815806154769937e-03
8.940123869070660395e-03
8.940421159107316343e-03
8.940689914522320647e-03
8.940915893327431793e-03
8.941086777348733125e-03
8.941191011553044354e-03
8.941217307739340522e-03
8.941155160970352608e-03
8.940996947058880637e-03
8.940742207127051408e-03
8.940403963541419807e-03
8.940014672565162884e-03
8.939626504254862688e-03
8.939300987753515115e-03
8.939090193583947713e-03
8.939020263900514934e-03
8.939087314565434539e-03
8.939265581158761798e-03
8.939519951930296679e-03
8.939815806154169722e-03
8.940123869070160795e-03
8.940421159106835824e-03
8.940689914521921661e-03
8.940915893327107400e-03
8.941086777348486794e-03
8.941191011552740778e-03
8.941217307739030007e-03
8.941155160970083726e-03
8.940996947058592673e-03
8.940742207126718341e-03
8.940403963541204702e-03
8.940014672564829817e-03
8.939626504254448089e-03
8.939300987753228886e-03
8.939090193583706587e-03
8.939020263900148908e-03
8.939087314565078921e-03
8.939265581158432200e-03
8.939519951930053818e-03
8.939815806154004924e-03
8.940123869069947424e-03
8.940421159106646740e-03
8.940689914521737780e-03
8.940915893326939132e-03
8.941086777348275158e-03
8.941191011552589857e-03
8.941217307738886025e-03
8.941155160970029950e-03
8.940996947058504202e-03
8.940742207126728749e-03
8.940403963541192559e-03
8.940014672564848899e-03
8.939626504254538295e-03
8.939300987753332969e-03
8.939090193583824548e-03
8.939020263900343197e-03
8.939087314565297496e-03
8.939265581158532814e-03
