2.213280038863270072e+00
2.265860480729281701e+00
2.293526262096823309e+00
2.298166817804761841e+00
2.281234472713924877e+00
2.243760848162934529e+00
2.186847758673980735e+00
2.112270053021260807e+00
2.023096176927833945e+00
1.924339225880760784e+00
1.823598761664340984e+00
1.731456269236659962e+00
1.661073116137753658e+00
1.626207128787184208e+00
1.637234591412907836e+00
1.696241334590383731e+00
1.794146292402126974e+00
1.912791566946600907e+00
2.031595568842477828e+00
2.134539314187237302e+00
2.213280038863300714e+00
2.265860480729316340e+00
2.293526262096823309e+00
2.298166817804728979e+00
2.281234472713915551e+00
2.243760848162959398e+00
2.186847758673955866e+00
2.112270053021277683e+00
2.023096176927897893e+00
1.924339225880793647e+00
1.823598761664346535e+00
1.731456269236639978e+00
1.661073116137723016e+00
1.626207128787152234e+00
1.637234591412915830e+00
1.696241334590390393e+00
1.794146292402153842e+00
1.912791566946659971e+00
2.031595568842540889e+00
2.134539314187240855e+00
2.213280038863263854e+00
2.265860480729285698e+00
2.293526262096812207e+00
2.298166817804748074e+00
2.281234472713927541e+00
2.243760848162934973e+00
2.186847758673943876e+00
2.112270053021229277e+00
2.023096176927856593e+00
1.924339225880771442e+00
1.823598761664316781e+00
1.731456269236606671e+00
1.661073116137718353e+00
1.626207128787144018e+00
1.637234591412926710e+00
1.696241334590404826e+00
1.794146292402158283e+00
1.912791566946646649e+00
2.031595568842542665e+00
2.134539314187276826e+00
2.213280038863272736e+00
2.265860480729297244e+00
2.293526262096800217e+00
2.298166817804740525e+00
2.281234472713912442e+00
2.243760848162935417e+00
2.186847758673933662e+00
2.112270053021238159e+00
2.023096176927845491e+00
1.924339225880757009e+00
1.823598761664349643e+00
1.731456269236646861e+00
1.661073116137718131e+00
1.626207128787176881e+00
1.637234591412930929e+00
1.696241334590401717e+00
1.794146292402166498e+00
1.912791566946650201e+00
2.031595568842560873e+00
2.134539314187310133e+00
2.213280038863315813e+00
2.265860480729319004e+00
2.293526262096819757e+00
2.298166817804745410e+00
2.281234472713924877e+00
2.243760848162933197e+00
2.186847758673943432e+00
2.112270053021213734e+00
2.023096176927843270e+00
1.924339225880763005e+00
1.823598761664388501e+00
1.731456269236630652e+00
1.661073116137732786e+00
1.626207128787177325e+00
1.637234591412942253e+00
1.696241334590451233e+00
1.794146292402206910e+00
1.912791566946686839e+00
2.031595568842579524e+00
2.134539314187307024e+00
