2.088490223380232269e+00
2.133584143789517551e+00
2.166272862831011725e+00
2.183456525630133704e+00
2.183641157222333096e+00
2.167012352675073306e+00
2.135339893053809224e+00
2.091751633156248680e+00
2.040417858589057776e+00
1.986179772029544210e+00
1.934144567297127804e+00
1.889261367766728039e+00
1.855891618771937868e+00
1.837395311529734343e+00
1.835767775147979508e+00
1.851374529890646992e+00
1.882836198990797127e+00
1.927105477808721989e+00
1.979751960670502076e+00
2.035433003491962989e+00
2.088490226912901537e+00
2.133584147128555930e+00
2.166272865965882755e+00
2.183456528550462128e+00
2.183641159920610697e+00
2.167012355148457470e+00
2.135339895304969371e+00
2.091751635193391134e+00
2.040417860425352448e+00
1.986179773682076544e+00
1.934144568785698626e+00
1.889261369112526623e+00
1.855891619996266062e+00
1.837395312652835067e+00
1.835767776188057310e+00
1.851374530863094892e+00
1.882836199907698571e+00
1.927105478678653228e+00
1.979751961498678048e+00
2.035433004280648994e+00
2.088490227662058274e+00
2.133584147836657952e+00
2.166272866630698068e+00
2.183456529169775173e+00
2.183641160492836519e+00
2.167012355672987667e+00
2.135339895782364827e+00
2.091751635625395345e+00
2.040417860814752515e+00
1.986179774032512890e+00
1.934144569101361233e+00
1.889261369397909451e+00
1.855891620255891050e+00
1.837395312890994559e+00
1.835767776408604224e+00
1.851374531069303275e+00
1.882836200102128155e+00
1.927105478863121890e+00
1.979751961674290683e+00
2.035433004447886329e+00
2.088490227820920087e+00
2.133584147986805846e+00
2.166272866771663530e+00
2.183456529301091464e+00
2.183641160614164356e+00
2.167012355784203148e+00
2.135339895883581196e+00
2.091751635716988744e+00
2.040417860897314473e+00
1.986179774106816565e+00
1.934144569168289252e+00
1.889261369458414164e+00
1.855891620310933243e+00
1.837395312941487946e+00
1.835767776455375921e+00
1.851374531113033406e+00
1.882836200143359395e+00
1.927105478902242819e+00
1.979751961711528452e+00
2.035433004483348185e+00
2.088490227854603809e+00
2.133584148018647042e+00
2.166272866801552510e+00
2.183456529328929197e+00
2.183641160639886447e+00
2.167012355807786061e+00
2.135339895905047136e+00
2.091751635736418091e+00
2.040417860914838677e+00
1.986179774122573960e+00
1.934144569182488560e+00
1.889261369471256335e+00
1.855891620322615898e+00
1.837395312952207815e+00
1.835767776465309753e+00
1.851374531122326417e+00
1.882836200152125938e+00
1.927105478910559722e+00
1.979751961719453446e+00
2.035433004490890152e+00
