2.108508659945360186e+00
2.179158698775742753e+00
2.232942873211893442e+00
2.264662867501324062e+00
2.271382580315423283e+00
2.252650420533182984e+00
2.210464964814991884e+00
2.149017177977404103e+00
2.074257472999415430e+00
1.993338006136804452e+00
1.913975258156911163e+00
1.843771907859261372e+00
1.789535623391824037e+00
1.756637712786923711e+00
1.748464488554790419e+00
1.766023023670543202e+00
1.807763336426253753e+00
1.869664815269741265e+00
1.945604065568036223e+00
2.027978675853727264e+00
2.108516631127458130e+00
2.179166649199002936e+00
2.232950732893851598e+00
2.264670556257944778e+00
2.271390017428175145e+00
2.252657533472428586e+00
2.210471696214438175e+00
2.149023490405753023e+00
2.074263351399999067e+00
1.993343458050246486e+00
1.913980311990103100e+00
1.843776609534684585e+00
1.789540031739485837e+00
1.756641894064278508e+00
1.748468510518987662e+00
1.766026949682234060e+00
1.807767220111537343e+00
1.869668696270679442e+00
1.945607966839749903e+00
2.027982602803771517e+00
2.108520572658397096e+00
2.179170580452570505e+00
2.232954619264510221e+00
2.264674358096817830e+00
2.271393694823255149e+00
2.252661050561882927e+00
2.210475024634996899e+00
2.149026611651725815e+00
2.074266258029202170e+00
1.993346153793731590e+00
1.913982810896029507e+00
1.843778934311364193e+00
1.789542211476951694e+00
1.756643961524628095e+00
1.748470499205468265e+00
1.766028890923899253e+00
1.807769140423857390e+00
1.869670615254432455e+00
1.945609895844585102e+00
2.027984544502772657e+00
2.108522521563676921e+00
2.179172524272277922e+00
2.232956540887453656e+00
2.264676237918443746e+00
2.271395513109231157e+00
2.252662789580837988e+00
2.210476670363450857e+00
2.149028154940407997e+00
2.074267695199196737e+00
1.993347486690606019e+00
1.913984046466464140e+00
1.843780083783884249e+00
1.789543289235283385e+00
1.756644983767999157e+00
1.748471482499437180e+00
1.766029850758909836e+00
1.807770089910236244e+00
1.869671564083514648e+00
1.945610849627930072e+00
2.027985504561858221e+00
2.108523485184844670e+00
2.179173485377733588e+00
2.232957491016598350e+00
2.264677167377946443e+00
2.271396412141708065e+00
2.252663649419340608e+00
2.210477484074446775e+00
2.149028918000399635e+00
2.074268405789433611e+00
1.993348145723849774e+00
1.913984657377615584e+00
1.843780652124866748e+00
1.789543822118045968e+00
1.756645489202091737e+00
1.748471968675490817e+00
1.766030325335958606e+00
1.807770559370470487e+00
1.869672033218631624e+00
1.945611321212440625e+00
2.027985979249066872e+00
