2.597744871295251556e+00
2.670609593460716802e+00
2.689213233139990056e+00
2.667666594476374886e+00
2.615536691807757830e+00
2.537293292924683197e+00
2.434180423980469410e+00
2.306505893252716266e+00
2.155646951008721945e+00
1.985890449073804742e+00
1.806402413449208266e+00
1.633266710513935349e+00
1.490651665297601625e+00
1.408939438253933529e+00
1.417228097127207764e+00
1.530221780856218405e+00
1.735714517660814415e+00
1.993238860507521304e+00
2.248855922825984788e+00
2.457542173761519955e+00
2.597744871295347036e+00
2.670609593460794962e+00
2.689213233140067771e+00
2.667666594476214126e+00
2.615536691807679670e+00
2.537293292924601928e+00
2.434180423980393915e+00
2.306505893252652761e+00
2.155646951008630907e+00
1.985890449073685504e+00
1.806402413449096134e+00
1.633266710513833209e+00
1.490651665297539896e+00
1.408939438253872689e+00
1.417228097127193109e+00
1.530221780856252156e+00
1.735714517660899237e+00
1.993238860507624111e+00
2.248855922826115350e+00
2.457542173761658511e+00
2.597744871295464719e+00
2.670609593460904208e+00
2.689213233140148596e+00
2.667666594476195474e+00
2.615536691807659242e+00
2.537293292924557964e+00
2.434180423980337071e+00
2.306505893252880135e+00
2.155646951008676204e+00
1.985890449073656416e+00
1.806402413449028854e+00
1.633266710513744613e+00
1.490651665297460626e+00
1.408939438253834942e+00
1.417228097127196440e+00
1.530221780856284131e+00
1.735714517660968514e+00
1.993238860507480004e+00
2.248855922826066500e+00
2.457542173761654514e+00
2.597744871295519342e+00
2.670609593460961051e+00
2.689213233140180126e+00
2.667666594476231889e+00
2.615536691807666791e+00
2.537293292924531318e+00
2.434180423980279340e+00
2.306505893252796646e+00
2.155646951008598933e+00
1.985890449073566488e+00
1.806402413448904953e+00
1.633266710513632258e+00
1.490651665297373807e+00
1.408939438253792531e+00
1.417228097127182895e+00
1.530221780856334757e+00
1.735714517661053558e+00
1.993238860507609678e+00
2.248855922826201503e+00
2.457542173761553261e+00
2.597744871295487812e+00
2.670609593460734565e+00
2.689213233140077985e+00
2.667666594476149733e+00
2.615536691807596625e+00
2.537293292924483801e+00
2.434180423980211838e+00
2.306505893252692729e+00
2.155646951008834300e+00
1.985890449073620889e+00
1.806402413448904731e+00
1.633266710513584519e+00
1.490651665297318074e+00
1.408939438253745458e+00
1.417228097127182007e+00
1.530221780856367841e+00
1.735714517661130385e+00
1.993238860507379417e+00
2.248855922826078935e+00
2.457542173761504412e+00
