2.056325805800085504e+00
2.091665200813116687e+00
2.118465305428258283e+00
2.134808335042473804e+00
2.139582320996574971e+00
2.132455350114526915e+00
2.113871858944609716e+00
2.085076402932697359e+00
2.048154845840856719e+00
2.006063459285887252e+00
1.962590662352913462e+00
1.922169448604280406e+00
1.889453071559916042e+00
1.868623246005791216e+00
1.862546742023280855e+00
1.872074009784651105e+00
1.895815090374261658e+00
1.930517291153527548e+00
1.971843986891461897e+00
2.015196946510177334e+00
2.056325805800103268e+00
2.091665200813125569e+00
2.118465305428265388e+00
2.134808335042458705e+00
2.139582320996583853e+00
2.132455350114539794e+00
2.113871858944612825e+00
2.085076402932712458e+00
2.048154845840847393e+00
2.006063459285884143e+00
1.962590662352921012e+00
1.922169448604276187e+00
1.889453071559923814e+00
1.868623246005790106e+00
1.862546742023280855e+00
1.872074009784685744e+00
1.895815090374249667e+00
1.930517291153526216e+00
1.971843986891511635e+00
2.015196946510207532e+00
2.056325805800064188e+00
2.091665200813078496e+00
2.118465305428290701e+00
2.134808335042451599e+00
2.139582320996583409e+00
2.132455350114538906e+00
2.113871858944602611e+00
2.085076402932710682e+00
2.048154845840882476e+00
2.006063459285875261e+00
1.962590662352916349e+00
1.922169448604279074e+00
1.889453071559920927e+00
1.868623246005789884e+00
1.862546742023280855e+00
1.872074009784651105e+00
1.895815090374261658e+00
1.930517291153527326e+00
1.971843986891461675e+00
2.015196946510172005e+00
2.056325805800093498e+00
2.091665200813124237e+00
2.118465305428265388e+00
2.134808335042458260e+00
2.139582320996583853e+00
2.132455350114541570e+00
2.113871858944613269e+00
2.085076402932712458e+00
2.048154845840864269e+00
2.006063459285877038e+00
1.962590662352911908e+00
1.922169448604284181e+00
1.889453071559913822e+00
1.868623246005803651e+00
1.862546742023305280e+00
1.872074009784661541e+00
1.895815090374251666e+00
1.930517291153508008e+00
1.971843986891477662e+00
2.015196946510212861e+00
2.056325805800084616e+00
2.091665200813090930e+00
2.118465305428291146e+00
2.134808335042464034e+00
2.139582320996583409e+00
2.132455350114538906e+00
2.113871858944602611e+00
2.085076402932710682e+00
2.048154845840844729e+00
2.006063459285886363e+00
1.962590662352913906e+00
1.922169448604278630e+00
1.889453071559947128e+00
1.868623246005782113e+00
1.862546742023294177e+00
1.872074009784681081e+00
1.895815090374250556e+00
1.930517291153506898e+00
1.971843986891476996e+00
2.015196946510227960e+00
