2.481635562529800776e+00
2.721989838908222215e+00
2.880352154088561711e+00
2.945727298951111184e+00
2.918747444072003816e+00
2.808809847877877353e+00
2.630748112377959025e+00
2.402130670449908134e+00
2.141686225233891516e+00
1.868808335172102764e+00
1.603724244601858695e+00
1.367722817495622856e+00
1.182785382094640125e+00
1.070062332830567398e+00
1.046957558543570865e+00
1.123169561347166390e+00
1.296774474187179838e+00
1.551958240065762551e+00
1.859849127061411922e+00
2.182881342410046166e+00
2.481635563979308845e+00
2.721989840357008639e+00
2.880352155480129905e+00
2.945727300238400126e+00
2.918747445222460879e+00
2.808809848874624482e+00
2.630748113217915130e+00
2.402130671140438434e+00
2.141686225789267262e+00
1.868808335610656624e+00
1.603724244943702137e+00
1.367722817761585219e+00
1.182785382305341804e+00
1.070062333005808775e+00
1.046957558701641755e+00
1.123169561503748914e+00
1.296774474354134510e+00
1.551958240250152166e+00
1.859849127264858293e+00
2.182881342629265475e+00
2.481635564207306466e+00
2.721989840584869036e+00
2.880352155698997496e+00
2.945727300440839969e+00
2.918747445403393925e+00
2.808809849031375538e+00
2.630748113349998807e+00
2.402130671249018690e+00
2.141686225876628047e+00
1.868808335679606136e+00
1.603724244997476900e+00
1.367722817803398438e+00
1.182785382338475078e+00
1.070062333033376500e+00
1.046957558726516746e+00
1.123169561528399862e+00
1.296774474380446129e+00
1.551958240279191381e+00
1.859849127296929749e+00
2.182881342663785862e+00
2.481635564243219072e+00
2.721989840620764323e+00
2.880352155733456598e+00
2.945727300472728238e+00
2.918747445431871590e+00
2.808809849056041141e+00
2.630748113370785290e+00
2.402130671266085926e+00
2.141686225890327311e+00
1.868808335690432809e+00
1.603724245005884841e+00
1.367722817809962299e+00
1.182785382343665814e+00
1.070062333037709701e+00
1.046957558730428506e+00
1.123169561532286309e+00
1.296774474384581044e+00
1.551958240283786594e+00
1.859849127301983707e+00
2.182881342669256597e+00
2.481635564248877657e+00
2.721989840626426016e+00
2.880352155738890474e+00
2.945727300477741561e+00
2.918747445436334687e+00
2.808809849059887842e+00
2.630748113373998276e+00
2.402130671268738471e+00
2.141686225892448725e+00
1.868808335692089928e+00
1.603724245007180027e+00
1.367722817810955727e+00
1.182785382344475833e+00
1.070062333038376723e+00
1.046957558731044458e+00
1.123169561532905592e+00
1.296774474385260056e+00
1.551958240284524004e+00
1.859849127302811489e+00
2.182881342670127900e+00
