2.491879412142968153e+00
2.573136199736504981e+00
2.606895189513348754e+00
2.597923766636344389e+00
2.553256229635010754e+00
2.479725130222821150e+00
2.383064139142050841e+00
2.268232153347307545e+00
2.140404447981916203e+00
2.006173430822114412e+00
1.874613305981359446e+00
1.757843534815401121e+00
1.670598840450714384e+00
1.628268469407299746e+00
1.643212997556517063e+00
1.720102141194673750e+00
1.852213597448880700e+00
2.021079453722157027e+00
2.200610254974829871e+00
2.364264134923192096e+00
2.491879412143003236e+00
2.573136199736532514e+00
2.606895189513386502e+00
2.597923766636392795e+00
2.553256229635029406e+00
2.479725130222829588e+00
2.383064139142049509e+00
2.268232153347307545e+00
2.140404447981907765e+00
2.006173430822098869e+00
1.874613305981329470e+00
1.757843534815378916e+00
1.670598840450709943e+00
1.628268469407294861e+00
1.643212997556509514e+00
1.720102141194662648e+00
1.852213597448877591e+00
2.021079453722169017e+00
2.200610254974819657e+00
2.364264134923177885e+00
2.491879412143009453e+00
2.573136199736545393e+00
2.606895189513373623e+00
2.597923766636367038e+00
2.553256229635007202e+00
2.479725130222816709e+00
2.383064139142057947e+00
2.268232153347303992e+00
2.140404447981882896e+00
2.006173430822068227e+00
1.874613305981298383e+00
1.757843534815344499e+00
1.670598840450683076e+00
1.628268469407279095e+00
1.643212997556498411e+00
1.720102141194651990e+00
1.852213597448853610e+00
2.021079453722139707e+00
2.200610254974797453e+00
2.364264134923165450e+00
2.491879412142981920e+00
2.573136199736505425e+00
2.606895189513352751e+00
2.597923766636357268e+00
2.553256229635032959e+00
2.479725130222846907e+00
2.383064139142090365e+00
2.268232153347344404e+00
2.140404447981961944e+00
2.006173430822181025e+00
1.874613305981416067e+00
1.757843534815462405e+00
1.670598840450780775e+00
1.628268469407335939e+00
1.643212997556520172e+00
1.720102141194625789e+00
1.852213597448780336e+00
2.021079453722018027e+00
2.200610254974650015e+00
2.364264134923009575e+00
2.491879412142837591e+00
2.573136199736372642e+00
2.606895189513246169e+00
2.597923766636301313e+00
2.553256229635009422e+00
2.479725130222864671e+00
2.383064139142150317e+00
2.268232153347430113e+00
2.140404447982082292e+00
2.006173430822306702e+00
1.874613305981531752e+00
1.757843534815578312e+00
1.670598840450870037e+00
1.628268469407397445e+00
1.643212997556522170e+00
1.720102141194595147e+00
1.852213597448697735e+00
2.021079453721902564e+00
2.200610254974537217e+00
2.364264134922899441e+00
