2.399514032089959059e+00
2.528113722463918300e+00
2.616748045031675129e+00
2.658000819855547370e+00
2.649814109698124920e+00
2.594919056052185535e+00
2.499855585069517439e+00
2.373928751527345948e+00
2.228323983309826506e+00
2.075437491055695638e+00
1.928333637549238144e+00
1.800156787170951400e+00
1.703320041638581639e+00
1.648372621828621654e+00
1.642600435180845198e+00
1.688602366294438717e+00
1.783237167702059978e+00
1.917366438109013416e+00
2.076671691760078708e+00
2.243520678777599198e+00
2.399514040240305235e+00
2.528113730421058136e+00
2.616748052650806233e+00
2.658000827002668043e+00
2.649814116267354525e+00
2.594919061975314190e+00
2.499855590318203813e+00
2.373928756109993987e+00
2.228323987265217632e+00
2.075437494445508069e+00
1.928333640450605069e+00
1.800156789669862700e+00
1.703320043823860930e+00
1.648372623786546809e+00
1.642600436990116375e+00
1.688602368021455913e+00
1.783237169397013488e+00
1.917366439803346312e+00
2.076671693465971469e+00
2.243520680489683006e+00
2.399514041939547315e+00
2.528113732080001341e+00
2.616748054239290688e+00
2.658000828492727230e+00
2.649814117636923427e+00
2.594919063210177068e+00
2.499855591412458722e+00
2.373928757065381756e+00
2.228323988089842889e+00
2.075437495152204992e+00
1.928333641055488767e+00
1.800156790190824196e+00
1.703320044279446055e+00
1.648372624194737623e+00
1.642600437367322863e+00
1.688602368381510344e+00
1.783237169750397255e+00
1.917366440156597518e+00
2.076671693821641629e+00
2.243520680846626369e+00
2.399514042293816374e+00
2.528113732425888660e+00
2.616748054570468440e+00
2.658000828803391169e+00
2.649814117922461687e+00
2.594919063467625797e+00
2.499855591640590902e+00
2.373928757264557099e+00
2.228323988261744049e+00
2.075437495299528479e+00
1.928333641181572133e+00
1.800156790299429321e+00
1.703320044374416087e+00
1.648372624279838661e+00
1.642600437445959738e+00
1.688602368456587621e+00
1.783237169824077650e+00
1.917366440230262592e+00
2.076671693895797421e+00
2.243520680921073929e+00
2.399514042367689282e+00
2.528113732498014077e+00
2.616748054639531418e+00
2.658000828868166909e+00
2.649814117981999395e+00
2.594919063521304636e+00
2.499855591688147527e+00
2.373928757306084769e+00
2.228323988297626901e+00
2.075437495330272331e+00
1.928333641207886417e+00
1.800156790322090528e+00
1.703320044394238231e+00
1.648372624297595346e+00
1.642600437462379714e+00
1.688602368472248871e+00
1.783237169839461345e+00
1.917366440245633852e+00
2.076671693911291694e+00
2.243520680936578415e+00
