2.158564924348258529e+00
2.160833431486624878e+00
2.162554042154864575e+00
2.163561627361385575e+00
2.163759787919979249e+00
2.163129457424517010e+00
2.161730647352538170e+00
2.159697205658499986e+00
2.157224870290813890e+00
2.154553361910962472e+00
2.151943799383924549e+00
2.149653306855083379e+00
2.147909218337903603e+00
2.146885630601671924e+00
2.146685055879606008e+00
2.147327483055753383e+00
2.148748279721885535e+00
2.150805199190348738e+00
2.153293535838220141e+00
2.155967457681883914e+00
2.158564924348256753e+00
2.160833431486630207e+00
2.162554042154867240e+00
2.163561627361385575e+00
2.163759787919979249e+00
2.163129457424517454e+00
2.161730647352538615e+00
2.159697205658496877e+00
2.157224870290814778e+00
2.154553361910966913e+00
2.151943799383918332e+00
2.149653306855078050e+00
2.147909218337905823e+00
2.146885630601668815e+00
2.146685055879606452e+00
2.147327483055753383e+00
2.148748279721885091e+00
2.150805199190351402e+00
2.153293535838217476e+00
2.155967457681883026e+00
2.158564924348258085e+00
2.160833431486623546e+00
2.162554042154858802e+00
2.163561627361382911e+00
2.163759787919970368e+00
2.163129457424515678e+00
2.161730647352539503e+00
2.159697205658501318e+00
2.157224870290817886e+00
2.154553361910971354e+00
2.151943799383920108e+00
2.149653306855085155e+00
2.147909218337920034e+00
2.146885630601682582e+00
2.146685055879610005e+00
2.147327483055752051e+00
2.148748279721877097e+00
2.150805199190350958e+00
2.153293535838217032e+00
2.155967457681879917e+00
2.158564924348258085e+00
2.160833431486622214e+00
2.162554042154863243e+00
2.163561627361382911e+00
2.163759787919970368e+00
2.163129457424515678e+00
2.161730647352540391e+00
2.159697205658498653e+00
2.157224870290818330e+00
2.154553361910975351e+00
2.151943799383926326e+00
2.149653306855084267e+00
2.147909218337921367e+00
2.146885630601683470e+00
2.146685055879610005e+00
2.147327483055752051e+00
2.148748279721885535e+00
2.150805199190350514e+00
2.153293535838214368e+00
2.155967457681876809e+00
2.158564924348258085e+00
2.160833431486623990e+00
2.162554042154860134e+00
2.163561627361382467e+00
2.163759787919970368e+00
2.163129457424516122e+00
2.161730647352540835e+00
2.159697205658509311e+00
2.157224870290833429e+00
2.154553361910975795e+00
2.151943799383924993e+00
2.149653306855085155e+00
2.147909218337923143e+00
2.146885630601685246e+00
2.146685055879610005e+00
2.147327483055753383e+00
2.148748279721885535e+00
2.150805199190349182e+00
2.153293535838210815e+00
2.155967457681872368e+00
