2.232336100464963557e+00
2.358372254512089317e+00
2.447630326587661553e+00
2.492191601702731241e+00
2.489172830985920015e+00
2.440429122710443099e+00
2.351789679443654801e+00
2.232112483771888201e+00
2.092369751069456107e+00
1.944854556025852776e+00
1.802481675388105664e+00
1.678078635660203544e+00
1.583546233240623824e+00
1.528818152126678154e+00
1.520659123219716857e+00
1.561482054412598908e+00
1.648484162278859300e+00
1.773434982982624808e+00
1.923348309857165095e+00
2.082044354039267464e+00
2.232336111206626228e+00
2.358372265008744417e+00
2.447630336648481730e+00
2.492191611150401886e+00
2.489172839679516969e+00
2.440429130558161130e+00
2.351789686405997948e+00
2.232112489857770221e+00
2.092369756328133601e+00
1.944854560537254251e+00
1.802481679253159497e+00
1.678078638992017479e+00
1.583546236156594178e+00
1.528818154741208524e+00
1.520659125637418896e+00
1.561482056721939404e+00
1.648484164546851538e+00
1.773434985251367335e+00
1.923348312143031480e+00
2.082044356335211344e+00
2.232336113487251694e+00
2.358372267237347941e+00
2.447630338784561932e+00
2.492191613156290675e+00
2.489172841525298274e+00
2.440429132224352760e+00
2.351789687884217717e+00
2.232112491149910394e+00
2.092369757444642264e+00
1.944854561495102496e+00
1.802481680073782178e+00
1.678078639699424057e+00
1.583546236775706273e+00
1.528818155296324921e+00
1.520659126150747387e+00
1.561482057212264740e+00
1.648484165028397452e+00
1.773434985733082447e+00
1.923348312628383461e+00
2.082044356822703612e+00
2.232336113971489677e+00
2.358372267710545422e+00
2.447630339238110242e+00
2.492191613582195320e+00
2.489172841917214996e+00
2.440429132578126659e+00
2.351789688198075545e+00
2.232112491424256717e+00
2.092369757681697529e+00
1.944854561698475370e+00
1.802481680248009921e+00
1.678078639849616138e+00
1.583546236907155347e+00
1.528818155414190860e+00
1.520659126259741534e+00
1.561482057316375460e+00
1.648484165130653656e+00
1.773434985835372180e+00
1.923348312731452792e+00
2.082044356926214146e+00
2.232336114074309652e+00
2.358372267811015721e+00
2.447630339334405214e+00
2.492191613672615880e+00
2.489172842000416885e+00
2.440429132653224809e+00
2.351789688264692479e+00
2.232112491482474148e+00
2.092369757732007507e+00
1.944854561741630850e+00
1.802481680284982790e+00
1.678078639881487311e+00
1.583546236935047924e+00
1.528818155439206183e+00
1.520659126282879026e+00
1.561482057338481777e+00
1.648484165152370506e+00
1.773434985857098800e+00
1.923348312753343947e+00
2.082044356948191677e+00
