2.089734903209100825e+00
2.113036273911821361e+00
2.125815622229272339e+00
2.127350002037061483e+00
2.117947026290524004e+00
2.098750987717043603e+00
2.071561068169900821e+00
2.038693539777082897e+00
2.002880971407878352e+00
1.967175078140755318e+00
1.934809270701947082e+00
1.908982343905053281e+00
1.892546385752345239e+00
1.887619213003184582e+00
1.895188040503678728e+00
1.914810305852445937e+00
1.944525837126886758e+00
1.981053636838152832e+00
2.020261205436510110e+00
2.057798949645438302e+00
2.089734903209101713e+00
2.113036273911835128e+00
2.125815622229286550e+00
2.127350002037072585e+00
2.117947026290535995e+00
2.098750987717053373e+00
2.071561068169905706e+00
2.038693539777069574e+00
2.002880971407859700e+00
1.967175078140732003e+00
1.934809270701926431e+00
1.908982343905042178e+00
1.892546385752339688e+00
1.887619213003187246e+00
1.895188040503685833e+00
1.914810305852465033e+00
1.944525837126902301e+00
1.981053636838170817e+00
2.020261205436515439e+00
2.057798949645445408e+00
2.089734903209099937e+00
2.113036273911844898e+00
2.125815622229306978e+00
2.127350002037097010e+00
2.117947026290542212e+00
2.098750987717055594e+00
2.071561068169892383e+00
2.038693539777067798e+00
2.002880971407868582e+00
1.967175078140732447e+00
1.934809270701934203e+00
1.908982343905054835e+00
1.892546385752339022e+00
1.887619213003186802e+00
1.895188040503684945e+00
1.914810305852461259e+00
1.944525837126907630e+00
1.981053636838163712e+00
2.020261205436507890e+00
2.057798949645443631e+00
2.089734903209097272e+00
2.113036273911842677e+00
2.125815622229286994e+00
2.127350002037079246e+00
2.117947026290520895e+00
2.098750987717039163e+00
2.071561068169918141e+00
2.038693539777082453e+00
2.002880971407884569e+00
1.967175078140763977e+00
1.934809270701952189e+00
1.908982343905069490e+00
1.892546385752367222e+00
1.887619213003205676e+00
1.895188040503697158e+00
1.914810305852439498e+00
1.944525837126878987e+00
1.981053636838141951e+00
2.020261205436489238e+00
2.057798949645407216e+00
2.089734903209070627e+00
2.113036273911858220e+00
2.125815622229303425e+00
2.127350002037079246e+00
2.117947026290552870e+00
2.098750987717084016e+00
2.071561068169943898e+00
2.038693539777085117e+00
2.002880971407897448e+00
1.967175078140779965e+00
1.934809270701960182e+00
1.908982343905058165e+00
1.892546385752335247e+00
1.887619213003167262e+00
1.895188040503673399e+00
1.914810305852405081e+00
1.944525837126855450e+00
1.981053636838114862e+00
2.020261205436475915e+00
2.057798949645386788e+00
