2.238302400218698640e+00
2.285999046593164330e+00
2.320509049813845870e+00
2.338576442183608162e+00
2.338646106987966711e+00
2.320933856305895215e+00
2.287320966084338103e+00
2.241115124659025515e+00
2.186720989397192394e+00
2.129253956121397007e+00
2.074117998970768095e+00
2.026559948051068982e+00
1.991213076225794243e+00
1.971653010227482961e+00
1.970004989878903823e+00
1.986656062277375234e+00
2.020130302864270533e+00
2.067173014023345079e+00
2.123059886059187384e+00
2.182105320732438791e+00
2.238302428978637515e+00
2.285999074122552432e+00
2.320509075993321790e+00
2.338576466888569350e+00
2.338646130111880161e+00
2.320933877777442422e+00
2.287320985877606461e+00
2.241115142796970439e+00
2.186721005949499919e+00
2.129253971198046713e+00
2.074118012712778736e+00
2.026559960619640943e+00
1.991213087790924874e+00
1.971653020956817048e+00
1.970004999927596367e+00
1.986656071779548505e+00
2.020130311926783939e+00
2.067173022722330167e+00
2.123059894439646822e+00
2.182105328810829636e+00
2.238302436748027535e+00
2.285999081559508372e+00
2.320509083065600553e+00
2.338576473562513858e+00
2.338646136358710770e+00
2.320933883577894541e+00
2.287320991224669253e+00
2.241115147696862930e+00
2.186721010421038169e+00
2.129253975270941179e+00
2.074118016425118505e+00
2.026559964014984061e+00
1.991213090915200823e+00
1.971653023855314268e+00
1.970005002642221781e+00
1.986656074346533796e+00
2.020130314374996683e+00
2.067173025072341463e+00
2.123059896703608729e+00
2.182105330993191483e+00
2.238302438846903719e+00
2.285999083568588830e+00
2.320509084976163372e+00
2.338576475365466312e+00
2.338646138046271528e+00
2.320933885144861097e+00
2.287320992669151565e+00
2.241115149020544539e+00
2.186721011629004785e+00
2.129253976371214385e+00
2.074118017427987848e+00
2.026559964932219238e+00
1.991213091759196585e+00
1.971653024638317486e+00
1.970005003375551844e+00
1.986656075039983316e+00
2.020130315036359647e+00
2.067173025707183864e+00
2.123059897315208389e+00
2.182105331582744778e+00
2.238302439413911493e+00
2.285999084111333790e+00
2.320509085492291845e+00
2.338576475852522041e+00
2.338646138502155303e+00
2.320933885568170485e+00
2.287320993059374974e+00
2.241115149378125615e+00
2.186721011955325089e+00
2.129253976668442849e+00
2.074118017698909799e+00
2.026559965180005030e+00
1.991213091987209527e+00
1.971653024849854274e+00
1.970005003573671809e+00
1.986656075227326346e+00
2.020130315215041161e+00
2.067173025878689341e+00
2.123059897480436220e+00
2.182105331742012044e+00
