2.110207481602562662e+00
2.172796212493962820e+00
2.218282245822999155e+00
2.244510448228696831e+00
2.250258546888808997e+00
2.235142901040739094e+00
2.199628362290883654e+00
2.145154252608392209e+00
2.074394161770635403e+00
1.991653914599349262e+00
1.903355928744496994e+00
1.818405141434379590e+00
1.747937633836696536e+00
1.703675989352134712e+00
1.694502739617715248e+00
1.722563249250524509e+00
1.781903670047239485e+00
1.861227225785265338e+00
1.948476248119350940e+00
2.033817697219521659e+00
2.110207481602547563e+00
2.172796212493951717e+00
2.218282245822958298e+00
2.244510448228692390e+00
2.250258546888809885e+00
2.235142901040776398e+00
2.199628362290904970e+00
2.145154252608425960e+00
2.074394161770664713e+00
1.991653914599391895e+00
1.903355928744510761e+00
1.818405141434381145e+00
1.747937633836700755e+00
1.703675989352148257e+00
1.694502739617739895e+00
1.722563249250518069e+00
1.781903670047227273e+00
1.861227225785219597e+00
1.948476248119374699e+00
2.033817697219554077e+00
2.110207481602573321e+00
2.172796212493933954e+00
2.218282245822964960e+00
2.244510448228724808e+00
2.250258546888797007e+00
2.235142901040772401e+00
2.199628362290932060e+00
2.145154252608461931e+00
2.074394161770683365e+00
1.991653914599438746e+00
1.903355928744565162e+00
1.818405141434324523e+00
1.747937633836714744e+00
1.703675989352140485e+00
1.694502739617738118e+00
1.722563249250496753e+00
1.781903670047194632e+00
1.861227225785184070e+00
1.948476248119357157e+00
2.033817697219512777e+00
2.110207481602583091e+00
2.172796212493883328e+00
2.218282245823004040e+00
2.244510448228703936e+00
2.250258546888812994e+00
2.235142901040833685e+00
2.199628362290942274e+00
2.145154252608502787e+00
2.074394161770654055e+00
1.991653914599441411e+00
1.903355928744588477e+00
1.818405141434328964e+00
1.747937633836655014e+00
1.703675989352070541e+00
1.694502739617730125e+00
1.722563249250462336e+00
1.781903670047189747e+00
1.861227225785117234e+00
1.948476248119402898e+00
2.033817697219525655e+00
2.110207481602526691e+00
2.172796212493881551e+00
2.218282245823021359e+00
2.244510448228695054e+00
2.250258546888806332e+00
2.235142901040790608e+00
2.199628362290908079e+00
2.145154252608513001e+00
2.074394161770672262e+00
1.991653914599440078e+00
1.903355928744621561e+00
1.818405141434358940e+00
1.747937633836620375e+00
1.703675989352076314e+00
1.694502739617721243e+00
1.722563249250440576e+00
1.781903670047231047e+00
1.861227225785077266e+00
1.948476248119389798e+00
2.033817697219511444e+00
