2.088921132943638348e+00
2.137608105462626806e+00
2.173102378348734209e+00
2.193391292686633243e+00
2.197347819237177813e+00
2.184674315104036868e+00
2.155921430366643854e+00
2.112582286823056155e+00
2.057258043526472679e+00
1.993868234038304044e+00
1.927826312928985431e+00
1.866007391208543309e+00
1.816228032931196168e+00
1.785967596747027875e+00
1.780413186582274543e+00
1.800618452622410048e+00
1.842985264266656431e+00
1.900574667078487545e+00
1.965367026731868361e+00
2.030078286672843735e+00
2.088921132943634795e+00
2.137608105462610819e+00
2.173102378348692021e+00
2.193391292686598160e+00
2.197347819237184918e+00
2.184674315104046638e+00
2.155921430366670055e+00
2.112582286823126321e+00
2.057258043526484670e+00
1.993868234038313370e+00
1.927826312928900165e+00
1.866007391208561295e+00
1.816228032931224146e+00
1.785967596747048081e+00
1.780413186582265883e+00
1.800618452622380072e+00
1.842985264266641110e+00
1.900574667078456681e+00
1.965367026731848377e+00
2.030078286672900578e+00
2.088921132943623249e+00
2.137608105462612595e+00
2.173102378348715114e+00
2.193391292686611482e+00
2.197347819237177813e+00
2.184674315104036424e+00
2.155921430366677161e+00
2.112582286823142752e+00
2.057258043526498437e+00
1.993868234038300491e+00
1.927826312928937469e+00
1.866007391208543309e+00
1.816228032931236580e+00
1.785967596747067176e+00
1.780413186582284757e+00
1.800618452622390731e+00
1.842985264266639334e+00
1.900574667078445579e+00
1.965367026731847488e+00
2.030078286672901466e+00
2.088921132943609926e+00
2.137608105462653452e+00
2.173102378348692909e+00
2.193391292686587057e+00
2.197347819237189803e+00
2.184674315104009334e+00
2.155921430366619429e+00
2.112582286823109445e+00
2.057258043526466462e+00
1.993868234038302267e+00
1.927826312928961006e+00
1.866007391208539312e+00
1.816228032931242797e+00
1.785967596747062069e+00
1.780413186582266105e+00
1.800618452622369192e+00
1.842985264266594259e+00
1.900574667078449131e+00
1.965367026731834610e+00
2.030078286672871712e+00
2.088921132943603709e+00
2.137608105462648567e+00
2.173102378348680030e+00
2.193391292686584837e+00
2.197347819237184918e+00
2.184674315104032427e+00
2.155921430366638525e+00
2.112582286823115663e+00
2.057258043526485114e+00
1.993868234038296716e+00
1.927826312928954788e+00
1.866007391208572175e+00
1.816228032931232361e+00
1.785967596747078723e+00
1.780413186582283647e+00
1.800618452622395393e+00
1.842985264266620904e+00
1.900574667078448243e+00
1.965367026731821509e+00
2.030078286672866827e+00
