8.372900386819447094e-02
8.508237884453290212e-02
8.681465766803210526e-02
8.875627146978272430e-02
9.071716028307554025e-02
9.250537743370371158e-02
9.394587861450443000e-02
9.489765643863018463e-02
9.526754322205593928e-02
9.501933088281153128e-02
9.417731523765375534e-02
9.282391775569404091e-02
9.109161756833540624e-02
8.914998348656240357e-02
8.718907542209819450e-02
8.540083999695531614e-02
8.396032146874622681e-02
8.300852717728560148e-02
8.263862476195174556e-02
8.288682226232829686e-02
8.372882382143005675e-02
8.508220793195124532e-02
8.681449542623458082e-02
8.875611745888135895e-02
9.071701408549900925e-02
9.250523865306246873e-02
9.394574687452274253e-02
9.489753138211871886e-02
9.526742450994460376e-02
9.501921819323681795e-02
9.417720826507634813e-02
9.282381621007820827e-02
9.109152117435895257e-02
8.914989198287377736e-02
8.718898856059950631e-02
8.540075754213820314e-02
8.396024319704917249e-02
8.300845287649021020e-02
8.263855423060519068e-02
8.288675530919650813e-02
8.372876026498224378e-02
8.508214759986609810e-02
8.681443815493215810e-02
8.875606309308112229e-02
9.071696247779750810e-02
9.250518966353867001e-02
9.394570037034878640e-02
9.489748723720617396e-02
9.526738260460589081e-02
9.501917841385236485e-02
9.417717050379179056e-02
9.282378036451088832e-02
9.109148714731996055e-02
8.914985968210178968e-02
8.718895789852028344e-02
8.540072843561603844e-02
8.396021556716905254e-02
8.300842664833693596e-02
8.263852933306456428e-02
8.288673167476569292e-02
8.372873782957945821e-02
8.508212630266127896e-02
8.681441793818396591e-02
8.875604390197604221e-02
9.071694426030292580e-02
9.250517237025661366e-02
9.394568395439496789e-02
9.489747165407090568e-02
9.526736781203908044e-02
9.501916437174701136e-02
9.417715717407434961e-02
9.282376771103917346e-02
9.109147513578816358e-02
8.914984827994422434e-02
8.718894707481984752e-02
8.540071816102565161e-02
8.396020581383037418e-02
8.300841738980713203e-02
8.263852054424253302e-02
8.288672333182113550e-02
8.372872990989199682e-02
8.508211878475860357e-02
8.681441080168268709e-02
8.875603712752427876e-02
9.071693782953449414e-02
9.250516626573486445e-02
9.394567815956765544e-02
9.489746615322887380e-02
9.526736259026742648e-02
9.501915941488674189e-02
9.417715246868708923e-02
9.282376324436673876e-02
9.109147089572044997e-02
8.914984425498356790e-02
8.718894325405361634e-02
8.540071453409797675e-02
8.396020237090541516e-02
8.300841412155146593e-02
8.263851744179231962e-02
8.288672038676499210e-02
