1.038978063567499305e-01
1.177053589384918497e-01
1.286984242039553306e-01
1.358009243317153947e-01
1.383176171232481100e-01
1.360021511533304750e-01
1.290811803638628741e-01
1.182321775970219258e-01
1.045171188329718920e-01
8.927852958203871814e-02
7.400806913355362227e-02
6.020051655183196460e-02
4.920745128639934796e-02
4.210495115864473781e-02
3.958825836706542783e-02
4.190372433698878740e-02
4.882469512644355830e-02
5.967369789332167829e-02
7.338875665739284793e-02
8.862734590832602177e-02
1.038978063567547044e-01
1.177053589384890603e-01
1.286984242039553306e-01
1.358009243317153947e-01
1.383176171232481100e-01
1.360021511533305305e-01
1.290811803638899358e-01
1.182321775970219258e-01
1.045171188329766521e-01
8.927852958204124389e-02
7.400806913356032524e-02
6.020051655183483730e-02
4.920745128640177657e-02
4.210495115864473781e-02
3.958825836706542783e-02
4.190372433698878740e-02
4.882469512644626447e-02
5.967369789331125607e-02
7.338875665737974729e-02
8.862734590830796677e-02
1.038978063567498195e-01
1.177053589384918497e-01
1.286984242039580228e-01
1.358009243317257198e-01
1.383176171232514684e-01
1.360021511533305305e-01
1.290811803638899358e-01
1.182321775970204408e-01
1.045171188329824946e-01
8.927852958203871814e-02
7.400806913355362227e-02
6.020051655183196460e-02
4.920745128641578620e-02
4.210495115864473781e-02
3.958825836706542783e-02
4.190372433698878740e-02
4.882469512644355830e-02
5.967369789332167829e-02
7.338875665739284793e-02
8.862734590832527237e-02
1.038978063567475019e-01
1.177053589384917387e-01
1.286984242039553306e-01
1.358009243317153947e-01
1.383176171232481100e-01
1.360021511533368310e-01
1.290811803638916011e-01
1.182321775970219258e-01
1.045171188329718920e-01
8.927852958203894018e-02
7.400806913355820194e-02
6.020051655183483730e-02
4.920745128640177657e-02
4.210495115864747173e-02
3.958825836706542783e-02
4.190372433701208127e-02
4.882469512644626447e-02
5.967369789331480878e-02
7.338875665737262799e-02
8.862734590832546666e-02
1.038978063567638777e-01
1.177053589384891713e-01
1.286984242039580228e-01
1.358009243317153947e-01
1.383176171232481100e-01
1.360021511533305305e-01
1.290811803638899358e-01
1.182321775970204408e-01
1.045171188329718920e-01
8.927852958203871814e-02
7.400806913355362227e-02
6.020051655183196460e-02
4.920745128639934796e-02
4.210495115864473781e-02
3.958825836706542783e-02
4.190372433698878740e-02
4.882469512644355830e-02
5.967369789332988700e-02
7.338875665738400778e-02
8.862734590832602177e-02
