8.384999973190600253e-02
8.686136777352197746e-02
9.007747325678377992e-02
9.318350136906131120e-02
9.587541243777505939e-02
9.788970345185246669e-02
9.902920157246085375e-02
9.918236478419721613e-02
9.833420040473977997e-02
9.656773267306287267e-02
9.405587575845475445e-02
9.104450771684614863e-02
8.782840223358480414e-02
8.472237412129639267e-02
8.203046305258730742e-02
8.001617203848947202e-02
7.887667391788617810e-02
7.872351070616531721e-02
7.957167508562480729e-02
8.133814281729948026e-02
8.384999973190528089e-02
8.686136777352160276e-02
9.007747325678136519e-02
9.318350136905968750e-02
9.587541243777328304e-02
9.788970345185581123e-02
9.902920157246471178e-02
9.918236478419718838e-02
9.833420040473714319e-02
9.656773267306094366e-02
9.405587575845161807e-02
9.104450771684427512e-02
8.782840223357658849e-02
8.472237412128252876e-02
8.203046305257850890e-02
8.001617203850630577e-02
7.887667391790789684e-02
7.872351070617916724e-02
7.957167508561907576e-02
8.133814281729766227e-02
8.384999973191026301e-02
8.686136777352085336e-02
9.007747325678326644e-02
9.318350136906253245e-02
9.587541243777432387e-02
9.788970345185397937e-02
9.902920157246394850e-02
9.918236478419542590e-02
9.833420040474030732e-02
9.656773267306568986e-02
9.405587575845544834e-02
9.104450771684235999e-02
8.782840223357570031e-02
8.472237412127982259e-02
8.203046305257725990e-02
8.001617203850369675e-02
7.887667391790123550e-02
7.872351070617651658e-02
7.957167508562004721e-02
8.133814281729698226e-02
8.384999973190253308e-02
8.686136777351269322e-02
9.007747325678132355e-02
9.318350136906121406e-02
9.587541243777507327e-02
9.788970345185211974e-02
9.902920157245924393e-02
9.918236478419768798e-02
9.833420040473676849e-02
9.656773267306067998e-02
9.405587575844839843e-02
9.104450771683801624e-02
8.782840223357343823e-02
8.472237412129081380e-02
8.203046305258340776e-02
8.001617203850379390e-02
7.887667391790618987e-02
7.872351070617762681e-02
7.957167508562026925e-02
8.133814281729830065e-02
8.384999973190801481e-02
8.686136777352339300e-02
9.007747325677796513e-02
9.318350136905974301e-02
9.587541243777078503e-02
9.788970345185148136e-02
9.902920157245978516e-02
9.918236478420031088e-02
9.833420040473551949e-02
9.656773267305968078e-02
9.405587575845232584e-02
9.104450771684333144e-02
8.782840223357721299e-02
8.472237412128680312e-02
8.203046305257599702e-02
8.001617203850357185e-02
7.887667391790582905e-02
7.872351070617469859e-02
7.957167508562419667e-02
8.133814281729977169e-02
