8.833465466987909520e-02
9.875503116449971253e-02
1.082159104600575739e-01
1.157911957732731673e-01
1.207393653975390030e-01
1.225760580141377204e-01
1.211214853527503160e-01
1.165180311201079177e-01
1.092163134906141281e-01
9.993107545992989393e-02
8.957122082054104484e-02
7.915084432588898045e-02
6.968996503035156109e-02
6.211467971715205899e-02
5.716651009286630863e-02
5.532981747627908203e-02
5.678439013764993021e-02
6.138784437031285374e-02
6.868956199979468769e-02
7.797480003049440944e-02
8.833465466987985848e-02
9.875503116449715901e-02
1.082159104600591004e-01
1.157911957732736946e-01
1.207393653975390030e-01
1.225760580141362077e-01
1.211214853527717572e-01
1.165180311201043789e-01
1.092163134905999866e-01
9.993107545991741780e-02
8.957122082052837442e-02
7.915084432590141494e-02
6.968996503034557977e-02
6.211467971715173980e-02
5.716651009287956192e-02
5.532981747626548874e-02
5.678439013765141513e-02
6.138784437031464397e-02
6.868956199979260602e-02
7.797480003050125119e-02
8.833465466989269543e-02
9.875503116452578889e-02
1.082159104600856625e-01
1.157911957732827568e-01
1.207393653975466358e-01
1.225760580141461026e-01
1.211214853527538826e-01
1.165180311201011037e-01
1.092163134906039001e-01
9.993107545991208873e-02
8.957122082052765277e-02
7.915084432589208907e-02
6.968996503034345646e-02
6.211467971715629866e-02
5.716651009287661983e-02
5.532981747627446073e-02
5.678439013766523047e-02
6.138784437033144303e-02
6.868956199981324229e-02
7.797480003051149300e-02
8.833465466989150194e-02
9.875503116452047370e-02
1.082159104600752125e-01
1.157911957732698921e-01
1.207393653975339792e-01
1.225760580141314615e-01
1.211214853527561169e-01
1.165180311201008262e-01
1.092163134906062594e-01
9.993107545989780849e-02
8.957122082050170131e-02
7.915084432588699592e-02
6.968996503033665635e-02
6.211467971714916547e-02
5.716651009288157420e-02
5.532981747628207270e-02
5.678439013766493904e-02
6.138784437032356739e-02
6.868956199980531807e-02
7.797480003050757946e-02
8.833465466989878778e-02
9.875503116452649666e-02
1.082159104600815408e-01
1.157911957732721819e-01
1.207393653975529224e-01
1.225760580141445066e-01
1.211214853527670249e-01
1.165180311200900015e-01
1.092163134905967947e-01
9.993107545989204921e-02
8.957122082049535916e-02
7.915084432588177787e-02
6.968996503032355572e-02
6.211467971715022018e-02
5.716651009286990298e-02
5.532981747627924163e-02
5.678439013766609089e-02
6.138784437032239472e-02
6.868956199980487398e-02
7.797480003050820396e-02
