8.625426860353931080e-02
8.784681901016280769e-02
8.954764402534187706e-02
9.119025504626716849e-02
9.261386186145494082e-02
9.367911191697488038e-02
9.428173111536845841e-02
9.436273089080493559e-02
9.391418242090973645e-02
9.297999275512516815e-02
9.165160688682154333e-02
9.005905648019364718e-02
8.835823146501986525e-02
8.671562044408956393e-02
8.529201362891129790e-02
8.422676357338532149e-02
8.362414437498989772e-02
8.354314459955414218e-02
8.399169306945231117e-02
8.492588273523650477e-02
8.625426860354394598e-02
8.784681901016683225e-02
8.954764402535102252e-02
9.119025504626347700e-02
9.261386186144560106e-02
9.367911191697424200e-02
9.428173111536723716e-02
9.436273089079945386e-02
9.391418242090018853e-02
9.297999275511154016e-02
9.165160688681124601e-02
9.005905648019719989e-02
8.835823146501173286e-02
8.671562044408796799e-02
8.529201362890338756e-02
8.422676357339239916e-02
8.362414437498723319e-02
8.354314459955200500e-02
8.399169306944995195e-02
8.492588273523672682e-02
8.625426860354583336e-02
8.784681901016766492e-02
8.954764402535153600e-02
9.119025504627083223e-02
9.261386186145055543e-02
9.367911191697109174e-02
9.428173111536612694e-02
9.436273089080617071e-02
9.391418242091047197e-02
9.297999275512525141e-02
9.165160688681987800e-02
9.005905648019496557e-02
8.835823146501341208e-02
8.671562044408925862e-02
8.529201362890810600e-02
8.422676357339173303e-02
8.362414437498570663e-02
8.354314459954828576e-02
8.399169306945440672e-02
8.492588273524370734e-02
8.625426860355450698e-02
8.784681901017310501e-02
8.954764402536362355e-02
9.119025504628149037e-02
9.261386186146437771e-02
9.367911191698684303e-02
9.428173111538623585e-02
9.436273089082342080e-02
9.391418242091593982e-02
9.297999275512201789e-02
9.165160688681746326e-02
9.005905648019678356e-02
8.835823146501892156e-02
8.671562044408552550e-02
8.529201362890205529e-02
8.422676357338895747e-02
8.362414437499185449e-02
8.354314459955942962e-02
8.399169306945895863e-02
8.492588273524719067e-02
8.625426860354801217e-02
8.784681901017038497e-02
8.954764402536470602e-02
9.119025504628189283e-02
9.261386186146927657e-02
9.367911191699108964e-02
9.428173111538558360e-02
9.436273089082318488e-02
9.391418242091585655e-02
9.297999275512414119e-02
9.165160688682331969e-02
9.005905648019288390e-02
8.835823146501391168e-02
8.671562044408948067e-02
8.529201362891090932e-02
8.422676357338666764e-02
8.362414437498887076e-02
8.354314459955146377e-02
8.399169306944496982e-02
8.492588273523891951e-02
