8.865853747518112615e-02
8.883227024680973027e-02
8.901781479392872898e-02
8.919700872347770260e-02
8.935231128513394794e-02
8.946852038209981983e-02
8.953426065829314662e-02
8.954309699742503403e-02
8.949416443706988133e-02
8.939225283718477133e-02
8.924733801518172638e-02
8.907360524354686337e-02
8.888806069644038244e-02
8.870886676688516381e-02
8.855356420522894623e-02
8.843735510826147839e-02
8.837161483206942836e-02
8.836277849292638320e-02
8.841171105328816948e-02
8.851362265319158429e-02
8.865853747518079309e-02
8.883227024681521200e-02
8.901781479392292806e-02
8.919700872347469112e-02
8.935231128512313714e-02
8.946852038210166558e-02
8.953426065829314662e-02
8.954309699742554751e-02
8.949416443707004787e-02
8.939225283718228721e-02
8.924733801518101861e-02
8.907360524354954179e-02
8.888806069644331065e-02
8.870886676688359562e-02
8.855356420523428918e-02
8.843735510826655766e-02
8.837161483207615909e-02
8.836277849293985853e-02
8.841171105329027891e-02
8.851362265318980793e-02
8.865853747518137595e-02
8.883227024681254747e-02
8.901781479392355256e-02
8.919700872347542664e-02
8.935231128513247689e-02
8.946852038210155456e-02
8.953426065829388214e-02
8.954309699742750428e-02
8.949416443707779167e-02
8.939225283717196213e-02
8.924733801517380216e-02
8.907360524354671072e-02
8.888806069644042407e-02
8.870886676688563566e-02
8.855356420522803029e-02
8.843735510826182533e-02
8.837161483207836565e-02
8.836277849294264797e-02
8.841171105328625435e-02
8.851362265319004385e-02
8.865853747518369354e-02
8.883227024681783490e-02
8.901781479392703589e-02
8.919700872347675891e-02
8.935231128513367038e-02
8.946852038209979208e-02
8.953426065829314662e-02
8.954309699742503403e-02
8.949416443706988133e-02
8.939225283718472970e-02
8.924733801518451581e-02
8.907360524354848708e-02
8.888806069644140939e-02
8.870886676688587158e-02
8.855356420522955685e-02
8.843735510826160329e-02
8.837161483206952550e-02
8.836277849292914488e-02
8.841171105328458901e-02
8.851362265319047407e-02
8.865853747518648298e-02
8.883227024681696060e-02
8.901781479392421870e-02
8.919700872348157450e-02
8.935231128513913823e-02
8.946852038210982572e-02
8.953426065830136227e-02
8.954309699744210371e-02
8.949416443708708979e-02
8.939225283717289194e-02
8.924733801517532872e-02
8.907360524354718256e-02
8.888806069644063224e-02
8.870886676688446992e-02
8.855356420523151362e-02
8.843735510826024326e-02
8.837161483207268964e-02
8.836277849293452946e-02
8.841171105329288793e-02
8.851362265319391576e-02
