9.236405907984820973e-02
9.606800252668799833e-02
9.907547385916809501e-02
1.010920808289223344e-01
1.019204238952733516e-01
1.014794190674556534e-01
9.981223497070403072e-02
9.708206720032074022e-02
9.355616359993261522e-02
8.957966418028526223e-02
8.554181641052487073e-02
8.183787296366550057e-02
7.883040163122197186e-02
7.681379466144908075e-02
7.598545159509653701e-02
7.642645642291438779e-02
7.809364051969007459e-02
8.082380829004584544e-02
8.434971189043946604e-02
8.832621131010554016e-02
9.236405907987997599e-02
9.606800252669542295e-02
9.907547385914111659e-02
1.010920808289384187e-01
1.019204238952723246e-01
1.014794190674499497e-01
9.981223497069734163e-02
9.708206720032137860e-02
9.355616359993693121e-02
8.957966418028190381e-02
8.554181641052767404e-02
8.183787296366948349e-02
7.883040163121965427e-02
7.681379466145185630e-02
7.598545159509653701e-02
7.642645642291420738e-02
7.809364051968295528e-02
8.082380829003953104e-02
8.434971189047132945e-02
8.832621131009316118e-02
9.236405907983394337e-02
9.606800252669675522e-02
9.907547385914383664e-02
1.010920808289341860e-01
1.019204238952721997e-01
1.014794190674504215e-01
9.981223497069559303e-02
9.708206720033114856e-02
9.355616359990079345e-02
8.957966418028041888e-02
8.554181641054445229e-02
8.183787296368001674e-02
7.883040163123539168e-02
7.681379466145907275e-02
7.598545159510719516e-02
7.642645642291220898e-02
7.809364051968295528e-02
8.082380829005716971e-02
8.434971189046962248e-02
8.832621131009087134e-02
9.236405907983591401e-02
9.606800252671240936e-02
9.907547385913048621e-02
1.010920808289009487e-01
1.019204238952736985e-01
1.014794190674504215e-01
9.981223497071400885e-02
9.708206720032783177e-02
9.355616359991428266e-02
8.957966418028191768e-02
8.554181641053773544e-02
8.183787296367407704e-02
7.883040163123483657e-02
7.681379466145780988e-02
7.598545159510558533e-02
7.642645642291605312e-02
7.809364051968087361e-02
8.082380829005522682e-02
8.434971189044795925e-02
8.832621131009152360e-02
9.236405907984958363e-02
9.606800252670812112e-02
9.907547385914917959e-02
1.010920808288959666e-01
1.019204238952683278e-01
1.014794190674561808e-01
9.981223497071439743e-02
9.708206720032878934e-02
9.355616359990644171e-02
8.957966418026949706e-02
8.554181641053058838e-02
8.183787296366601405e-02
7.883040163123482269e-02
7.681379466145780988e-02
7.598545159510558533e-02
7.642645642290901709e-02
7.809364051969996945e-02
8.082380829004882916e-02
8.434971189045432916e-02
8.832621131009109339e-02
