8.917191149807875139e-02
8.945370935460032757e-02
8.968648819690905327e-02
8.984746201000604060e-02
8.992087355557104589e-02
8.989953680002599201e-02
8.978554033364299913e-02
8.959004292482339316e-02
8.933218122205746625e-02
8.903719652543949648e-02
8.873396399230355780e-02
8.845216613583947729e-02
8.821938729356121334e-02
8.805841348042722783e-02
8.798500193486027965e-02
8.800633869040871970e-02
8.812033515677861195e-02
8.831583256558328543e-02
8.857369426837032045e-02
8.886867896500762198e-02
8.917191149807875139e-02
8.945370935460032757e-02
8.968648819690905327e-02
8.984746201000604060e-02
8.992087355557104589e-02
8.989953680002599201e-02
8.978554033364299913e-02
8.959004292482339316e-02
8.933218122205746625e-02
8.903719652543949648e-02
8.873396399230355780e-02
8.845216613583947729e-02
8.821938729356121334e-02
8.805841348042722783e-02
8.798500193486027965e-02
8.800633869040871970e-02
8.812033515677861195e-02
8.831583256558328543e-02
8.857369426837032045e-02
8.886867896500762198e-02
8.917191149807875139e-02
8.945370935460032757e-02
8.968648819690905327e-02
8.984746201000604060e-02
8.992087355557104589e-02
8.989953680002599201e-02
8.978554033364299913e-02
8.959004292482339316e-02
8.933218122205721645e-02
8.903719652543949648e-02
8.873396399230661091e-02
8.845216613582677911e-02
8.821938729354138198e-02
8.805841348041797134e-02
8.798500193485973842e-02
8.800633869040871970e-02
8.812033515677861195e-02
8.831583256558328543e-02
8.857369426837032045e-02
8.886867896500762198e-02
8.917191149807875139e-02
8.945370935460032757e-02
8.968648819690905327e-02
8.984746201000604060e-02
8.992087355557104589e-02
8.989953680002599201e-02
8.978554033364299913e-02
8.959004292482339316e-02
8.933218122205721645e-02
8.903719652543949648e-02
8.873396399230661091e-02
8.845216613582677911e-02
8.821938729354138198e-02
8.805841348041797134e-02
8.798500193485973842e-02
8.800633869040871970e-02
8.812033515677861195e-02
8.831583256558328543e-02
8.857369426837874427e-02
8.886867896500251496e-02
8.917191149808000039e-02
8.945370935461738338e-02
8.968648819690008822e-02
8.984746201001553301e-02
8.992087355555804240e-02
8.989953680000979663e-02
8.978554033362631803e-02
8.959004292482207477e-02
8.933218122205632827e-02
8.903719652543902463e-02
8.873396399230656928e-02
8.845216613582677911e-02
8.821938729354138198e-02
8.805841348041797134e-02
8.798500193485973842e-02
8.800633869040871970e-02
8.812033515677861195e-02
8.831583256558328543e-02
8.857369426837874427e-02
8.886867896501253472e-02
