1.016065508952136848e-01
1.131818054814674041e-01
1.224006733811165565e-01
1.283607475725511704e-01
1.304786144676263471e-01
1.285469624986455284e-01
1.227548752187891806e-01
1.136693224870468782e-01
1.021796615075161313e-01
8.941058034998213000e-02
7.661200564560259607e-02
6.503675105936590484e-02
5.581788315969540143e-02
4.985780896825570824e-02
4.773994207320086253e-02
4.967159404222062230e-02
5.546368132197703610e-02
6.454923405374603240e-02
7.603889503334129718e-02
8.880797619085360750e-02
1.016065508952145174e-01
1.131818054814702906e-01
1.224006733811240366e-01
1.283607475725507263e-01
1.304786144676263471e-01
1.285469624986396442e-01
1.227548752188027253e-01
1.136693224870442831e-01
1.021796615075167836e-01
8.941058034998354553e-02
7.661200564559433879e-02
6.503675105936237988e-02
5.581788315970371422e-02
4.985780896825841441e-02
4.773994207320086253e-02
4.967159404222675628e-02
5.546368132200316797e-02
6.454923405374746181e-02
7.603889503333430278e-02
8.880797619083972971e-02
1.016065508952144758e-01
1.131818054814724833e-01
1.224006733811269509e-01
1.283607475725505320e-01
1.304786144676263471e-01
1.285469624986312898e-01
1.227548752188058756e-01
1.136693224870540531e-01
1.021796615075274556e-01
8.941058035000404303e-02
7.661200564560040338e-02
6.503675105936149170e-02
5.581788315970345055e-02
4.985780896825877523e-02
4.773994207320086253e-02
4.967159404222536850e-02
5.546368132200096140e-02
6.454923405374682344e-02
7.603889503332718347e-02
8.880797619084002115e-02
1.016065508952131297e-01
1.131818054814787838e-01
1.224006733811137670e-01
1.283607475725487557e-01
1.304786144676263471e-01
1.285469624986123605e-01
1.227548752188241526e-01
1.136693224870592989e-01
1.021796615075294956e-01
8.941058035000243320e-02
7.661200564562151150e-02
6.503675105936707057e-02
5.581788315970548364e-02
4.985780896826487452e-02
4.773994207320349237e-02
4.967159404222468849e-02
5.546368132199955281e-02
6.454923405374782264e-02
7.603889503332206257e-02
8.880797619084826455e-02
1.016065508952171126e-01
1.131818054814689861e-01
1.224006733811323355e-01
1.283607475725439262e-01
1.304786144676263471e-01
1.285469624986335657e-01
1.227548752188157011e-01
1.136693224870429925e-01
1.021796615075221543e-01
8.941058035000060134e-02
7.661200564561801429e-02
6.503675105937499479e-02
5.581788315971580872e-02
4.985780896826726843e-02
4.773994207320349237e-02
4.967159404222183661e-02
5.546368132199504947e-02
6.454923405373763634e-02
7.603889503331598410e-02
8.880797619083354022e-02
