1.033387290611718495e-01
1.171969886158876345e-01
1.282905236835241436e-01
1.355334217584435175e-01
1.382166975128188424e-01
1.360776932203516254e-01
1.293257895244789291e-01
1.186219098023152951e-01
1.050138243792664849e-01
8.983358746970213082e-02
7.456714642930079018e-02
6.070888687455780475e-02
4.961535180691856173e-02
4.237245373199974990e-02
3.968917797763379246e-02
4.182818227009232892e-02
4.858008596595379119e-02
5.928396568814582601e-02
7.289205111118376990e-02
8.807228802074003327e-02
1.033387290611613579e-01
1.171969886158692326e-01
1.282905236835323870e-01
1.355334217584407974e-01
1.382166975128185094e-01
1.360776932203506540e-01
1.293257895244911970e-01
1.186219098023161139e-01
1.050138243792660131e-01
8.983358746970890318e-02
7.456714642930695192e-02
6.070888687455694432e-02
4.961535180691505065e-02
4.237245373199795273e-02
3.968917797763385491e-02
4.182818227009152401e-02
4.858008596595889822e-02
5.928396568813452255e-02
7.289205111118460256e-02
8.807228802073269192e-02
1.033387290611528647e-01
1.171969886158711893e-01
1.282905236835297502e-01
1.355334217584447942e-01
1.382166975128195086e-01
1.360776932203480449e-01
1.293257895245006894e-01
1.186219098023066770e-01
1.050138243792651249e-01
8.983358746971521758e-02
7.456714642930419024e-02
6.070888687454684129e-02
4.961535180691174773e-02
4.237245373199359511e-02
3.968917797763385491e-02
4.182818227009683920e-02
4.858008596594984990e-02
5.928396568815032935e-02
7.289205111117909308e-02
8.807228802073205354e-02
1.033387290611506582e-01
1.171969886158749641e-01
1.282905236835250595e-01
1.355334217584616974e-01
1.382166975128188424e-01
1.360776932203588141e-01
1.293257895245061295e-01
1.186219098023084673e-01
1.050138243792719805e-01
8.983358746971811803e-02
7.456714642929727910e-02
6.070888687454478044e-02
4.961535180689918140e-02
4.237245373199959031e-02
3.968917797763688027e-02
4.182818227009483386e-02
4.858008596595438100e-02
5.928396568814869871e-02
7.289205111118604585e-02
8.807228802070497797e-02
1.033387290611484655e-01
1.171969886158591295e-01
1.282905236835228946e-01
1.355334217584407142e-01
1.382166975128185094e-01
1.360776932203589806e-01
1.293257895245049360e-01
1.186219098023096885e-01
1.050138243792648751e-01
8.983358746972551490e-02
7.456714642929883341e-02
6.070888687455532756e-02
4.961535180690792440e-02
4.237245373198907095e-02
3.968917797763640148e-02
4.182818227009553469e-02
4.858008596595191075e-02
5.928396568814355699e-02
7.289205111117690039e-02
8.807228802069971829e-02
