7.787941429120714965e-02
8.134954668749547202e-02
8.556395197653275664e-02
9.011009480512939540e-02
9.454296703837460070e-02
9.842864825643621307e-02
1.013867809085525346e-01
1.031278023602064664e-01
1.034812893012950902e-01
1.024126399671328874e-01
1.000264612002576131e-01
9.655632880386195993e-02
9.234192351472708671e-02
8.779578068604222685e-02
8.336290845271797367e-02
7.947722723458811034e-02
7.651909458241416828e-02
7.477807313070616857e-02
7.442458618957172034e-02
7.549323552369260892e-02
7.787941429052959441e-02
8.134954668689609036e-02
8.556395197599803160e-02
9.011009480465680122e-02
9.454296703795654622e-02
9.842864825606603696e-02
1.013867809082233673e-01
1.031278023599112303e-01
1.034812893010315232e-01
1.024126399668975340e-01
1.000264612000510700e-01
9.655632880367551185e-02
9.234192351456231573e-02
8.779578068589863338e-02
8.336290845258863269e-02
7.947722723447468718e-02
7.651909458231402617e-02
7.477807313062015404e-02
7.442458618949487903e-02
7.549323552362703638e-02
7.787941429047018360e-02
8.134954668684310497e-02
8.556395197595290103e-02
9.011009480461434906e-02
9.454296703791757739e-02
9.842864825603092616e-02
1.013867809081923088e-01
1.031278023598864446e-01
1.034812893010110396e-01
1.024126399668785214e-01
1.000264612000359710e-01
9.655632880366400717e-02
9.234192351455251802e-02
8.779578068588772544e-02
8.336290845257887661e-02
7.947722723446426496e-02
7.651909458230185535e-02
7.477807313060962080e-02
7.442458618948637195e-02
7.549323552361812684e-02
7.787941429046180142e-02
8.134954668683579138e-02
8.556395197594694746e-02
9.011009480461097676e-02
9.454296703791223444e-02
9.842864825602738732e-02
1.013867809081867993e-01
1.031278023598810045e-01
1.034812893010069040e-01
1.024126399668758292e-01
1.000264612000300729e-01
9.655632880365801196e-02
9.234192351454681424e-02
8.779578068588231310e-02
8.336290845257340876e-02
7.947722723446128124e-02
7.651909458229878835e-02
7.477807313060594319e-02
7.442458618948126492e-02
7.549323552361338063e-02
7.787941429045823483e-02
8.134954668683248846e-02
8.556395197594383883e-02
9.011009480460716037e-02
9.454296703790988909e-02
9.842864825602494483e-02
1.013867809081878818e-01
1.031278023598825311e-01
1.034812893010084306e-01
1.024126399668761206e-01
1.000264612000330289e-01
9.655632880366102344e-02
9.234192351454853509e-02
8.779578068588621276e-02
8.336290845257726678e-02
7.947722723446455639e-02
7.651909458230322925e-02
7.477807313061250738e-02
7.442458618948920301e-02
7.549323552362149914e-02
