9.175701314386515428e-02
9.430159995699582964e-02
9.633792614642457119e-02
9.766666191683719134e-02
9.815774135312470283e-02
9.776309417856281214e-02
9.652135120826374481e-02
9.455406289585895074e-02
9.205380112828027983e-02
8.926530894770463853e-02
8.646154339734272998e-02
8.391695658420313120e-02
8.188063039475024230e-02
8.055189462438135106e-02
8.006081518806260067e-02
8.045546236262850204e-02
8.169720533294909381e-02
8.366449364535095967e-02
8.616475541292954732e-02
8.895324759349482191e-02
9.175701314386688900e-02
9.430159995700181097e-02
9.633792614642733287e-02
9.766666191683852360e-02
9.815774135312470283e-02
9.776309417855656714e-02
9.652135120825787451e-02
9.455406289585142898e-02
9.205380112828306927e-02
8.926530894771224356e-02
8.646154339734342387e-02
8.391695658420916804e-02
8.188063039475397542e-02
8.055189462438137882e-02
8.006081518806260067e-02
8.045546236261970352e-02
8.169720533294924647e-02
8.366449364534131461e-02
8.616475541292227536e-02
8.895324759349457211e-02
9.175701314387064988e-02
9.430159995699746722e-02
9.633792614642697205e-02
9.766666191683719134e-02
9.815774135312470283e-02
9.776309417856086925e-02
9.652135120826527137e-02
9.455406289585839563e-02
9.205380112827822592e-02
8.926530894770541569e-02
8.646154339734389571e-02
8.391695658420401938e-02
8.188063039474692550e-02
8.055189462438139270e-02
8.006081518806260067e-02
8.045546236261379158e-02
8.169720533294290432e-02
8.366449364534449262e-02
8.616475541293186491e-02
8.895324759349824972e-02
9.175701314386167096e-02
9.430159995699263775e-02
9.633792614642229524e-02
9.766666191683842646e-02
9.815774135312470283e-02
9.776309417856088313e-02
9.652135120825136583e-02
9.455406289585102653e-02
9.205380112828567829e-02
8.926530894771987634e-02
8.646154339733562455e-02
8.391695658419971726e-02
8.188063039474641203e-02
8.055189462438175352e-02
8.006081518806260067e-02
8.045546236261379158e-02
8.169720533294352882e-02
8.366449364534389588e-02
8.616475541291619689e-02
8.895324759349702848e-02
9.175701314385248386e-02
9.430159995700281017e-02
9.633792614643359176e-02
9.766666191683827380e-02
9.815774135312470283e-02
9.776309417856089701e-02
9.652135120825282300e-02
9.455406289584597501e-02
9.205380112829544825e-02
8.926530894770046132e-02
8.646154339735011296e-02
8.391695658420657289e-02
8.188063039474996474e-02
8.055189462438175352e-02
8.006081518806260067e-02
8.045546236261374995e-02
8.169720533294351494e-02
8.366449364533916355e-02
8.616475541292550888e-02
8.895324759350203836e-02
