9.551773729492561704e-02
1.026460812869475631e-01
1.084340449833803566e-01
1.123150621704923913e-01
1.139092318453462094e-01
1.130605055729589914e-01
1.098519625942779021e-01
1.045976774513120294e-01
9.781197618261401605e-02
9.015909050707221484e-02
8.238813819543214234e-02
7.525979420342630843e-02
6.947183050699859419e-02
6.559081331986965635e-02
6.399664364503331038e-02
6.484536991741630951e-02
6.805391289610700223e-02
7.330819803906087062e-02
8.009389930777306710e-02
8.774678498329641085e-02
9.551773729492511744e-02
1.026460812869773448e-01
1.084340449833886416e-01
1.123150621704992469e-01
1.139092318453465841e-01
1.130605055729774905e-01
1.098519625942676187e-01
1.045976774513106416e-01
9.781197618258262449e-02
9.015909050705081529e-02
8.238813819545720563e-02
7.525979420340847548e-02
6.947183050696754958e-02
6.559081331986063579e-02
6.399664364503937497e-02
6.484536991741331191e-02
6.805391289610548955e-02
7.330819803905432031e-02
8.009389930779886591e-02
8.774678498330620857e-02
9.551773729490445342e-02
1.026460812869837008e-01
1.084340449833847420e-01
1.123150621704871732e-01
1.139092318453417962e-01
1.130605055729702463e-01
1.098519625942756400e-01
1.045976774512995672e-01
9.781197618259944437e-02
9.015909050704914995e-02
8.238813819547514961e-02
7.525979420340743464e-02
6.947183050700883600e-02
6.559081331988969588e-02
6.399664364502971603e-02
6.484536991742469170e-02
6.805391289611732730e-02
7.330819803904577159e-02
8.009389930778311462e-02
8.774678498329419041e-02
9.551773729492313292e-02
1.026460812869648548e-01
1.084340449833957609e-01
1.123150621704871732e-01
1.139092318453417962e-01
1.130605055729428515e-01
1.098519625942879219e-01
1.045976774513011076e-01
9.781197618259118709e-02
9.015909050705585293e-02
8.238813819543230887e-02
7.525979420341100123e-02
6.947183050700940499e-02
6.559081331988465824e-02
6.399664364502971603e-02
6.484536991743719558e-02
6.805391289609823147e-02
7.330819803907846766e-02
8.009389930776536493e-02
8.774678498331801857e-02
9.551773729492114839e-02
1.026460812869614825e-01
1.084340449833888081e-01
1.123150621704937929e-01
1.139092318453417962e-01
1.130605055729320962e-01
1.098519625942687983e-01
1.045976774512955981e-01
9.781197618257923831e-02
9.015909050705292471e-02
8.238813819542702144e-02
7.525979420341859238e-02
6.947183050697942897e-02
6.559081331989018160e-02
6.399664364502971603e-02
6.484536991743085343e-02
6.805391289612321148e-02
7.330819803906959975e-02
8.009389930777843780e-02
8.774678498328920828e-02
