9.562648719886146509e-02
1.063206196125580510e-01
1.153146823173047258e-01
1.217282737902753709e-01
1.249335870119679254e-01
1.246168635914723238e-01
1.208091066239553313e-01
1.138830458916218341e-01
1.045166524756323129e-01
9.362677422305117070e-02
8.227938829146139166e-02
7.158525587775947663e-02
6.259119317298175722e-02
5.617760170003233133e-02
5.297228847833442694e-02
5.328901189884078377e-02
5.709676886635655507e-02
6.402282959869110002e-02
7.338922301467565301e-02
8.427910126729662443e-02
9.562648719886536475e-02
1.063206196125639352e-01
1.153146823173202135e-01
1.217282737902893874e-01
1.249335870119567260e-01
1.246168635914703393e-01
1.208091066239565942e-01
1.138830458916213068e-01
1.045166524756206833e-01
9.362677422302137509e-02
8.227938829144347543e-02
7.158525587774705601e-02
6.259119317300033958e-02
5.617760170002029235e-02
5.297228847834179605e-02
5.328901189882669087e-02
5.709676886635155907e-02
6.402282959869431966e-02
7.338922301470195142e-02
8.427910126730339679e-02
9.562648719888124094e-02
1.063206196125712488e-01
1.153146823173129693e-01
1.217282737902816714e-01
1.249335870119660657e-01
1.246168635914652184e-01
1.208091066239757316e-01
1.138830458916262889e-01
1.045166524756125787e-01
9.362677422301211860e-02
8.227938829143642552e-02
7.158525587775871335e-02
6.259119317301305163e-02
5.617760170003981146e-02
5.297228847833933274e-02
5.328901189883548939e-02
5.709676886634815901e-02
6.402282959868006718e-02
7.338922301468034370e-02
8.427910126727851392e-02
9.562648719887577309e-02
1.063206196125908998e-01
1.153146823173424873e-01
1.217282737902959933e-01
1.249335870119458458e-01
1.246168635914614436e-01
1.208091066239488087e-01
1.138830458916189337e-01
1.045166524756148824e-01
9.362677422302548291e-02
8.227938829143550958e-02
7.158525587774094978e-02
6.259119317297638652e-02
5.617760170002598225e-02
5.297228847835146193e-02
5.328901189885840856e-02
5.709676886636084331e-02
6.402282959869773360e-02
7.338922301469021081e-02
8.427910126729067086e-02
9.562648719886794602e-02
1.063206196125734970e-01
1.153146823173349239e-01
1.217282737902999346e-01
1.249335870119529235e-01
1.246168635914706169e-01
1.208091066239505573e-01
1.138830458916127442e-01
1.045166524756163812e-01
9.362677422302519148e-02
8.227938829141498434e-02
7.158525587773634236e-02
6.259119317298492136e-02
5.617760170002300546e-02
5.297228847833733434e-02
5.328901189885688200e-02
5.709676886636604054e-02
6.402282959868836609e-02
7.338922301470490739e-02
8.427910126728831164e-02
