8.496581669838967898e-02
9.353788632955535587e-02
1.016764529479661922e-01
1.085848569482883025e-01
1.135868556132746260e-01
1.161928184626395411e-01
1.161476556958668804e-01
1.134557881592383466e-01
1.083807146025750068e-01
1.014192185857271389e-01
9.325273984241938541e-02
8.468067021125121052e-02
7.654210359284251142e-02
6.963369959252946328e-02
6.463170092754264018e-02
6.202573807818276275e-02
6.207090084496390270e-02
6.476276838160047178e-02
6.983784193825254283e-02
7.679933795509785721e-02
8.496581669839764483e-02
9.353788632956698545e-02
1.016764529479741719e-01
1.085848569482831955e-01
1.135868556132757362e-01
1.161928184626409288e-01
1.161476556958680600e-01
1.134557881592427458e-01
1.083807146025842910e-01
1.014192185857386019e-01
9.325273984243544201e-02
8.468067021126561567e-02
7.654210359284796539e-02
6.963369959252554975e-02
6.463170092753342533e-02
6.202573807817515772e-02
6.207090084494535503e-02
6.476276838159050753e-02
6.983784193824822684e-02
7.679933795508840644e-02
8.496581669838990103e-02
9.353788632955968574e-02
1.016764529479751850e-01
1.085848569482947557e-01
1.135868556132828971e-01
1.161928184626463550e-01
1.161476556958753042e-01
1.134557881592390127e-01
1.083807146025795032e-01
1.014192185857310524e-01
9.325273984242907210e-02
8.468067021125032234e-02
7.654210359284414900e-02
6.963369959252074803e-02
6.463170092753392493e-02
6.202573807816907925e-02
6.207090084495239801e-02
6.476276838158684379e-02
6.983784193823960873e-02
7.679933795508603334e-02
8.496581669839353701e-02
9.353788632956151761e-02
1.016764529479767254e-01
1.085848569482924381e-01
1.135868556132792334e-01
1.161928184626508653e-01
1.161476556958791484e-01
1.134557881592346690e-01
1.083807146025735357e-01
1.014192185857244327e-01
9.325273984241259917e-02
8.468067021124342508e-02
7.654210359284074894e-02
6.963369959252996289e-02
6.463170092754227936e-02
6.202573807817848839e-02
6.207090084495195392e-02
6.476276838158698257e-02
6.983784193824263409e-02
7.679933795508607497e-02
8.496581669839819995e-02
9.353788632956973326e-02
1.016764529479792095e-01
1.085848569482911335e-01
1.135868556132743623e-01
1.161928184626369459e-01
1.161476556958639800e-01
1.134557881592338086e-01
1.083807146025702328e-01
1.014192185857294981e-01
9.325273984242027359e-02
8.468067021126017557e-02
7.654210359284724374e-02
6.963369959252653507e-02
6.463170092753742213e-02
6.202573807817787083e-02
6.207090084495671400e-02
6.476276838158741278e-02
6.983784193824760234e-02
7.679933795508747663e-02
