8.873146727615849327e-02
8.880086992408514623e-02
8.888515802986617087e-02
8.897608088644166913e-02
8.906473833110842286e-02
8.914245195546960376e-02
8.920161460851344648e-02
8.923643503754830064e-02
8.924350477636777690e-02
8.922213178968414760e-02
8.917440821434569065e-02
8.910500556641638703e-02
8.902071746063591751e-02
8.892979460406658099e-02
8.884113715939637168e-02
8.876342353503234583e-02
8.870426088198840597e-02
8.866944045295531429e-02
8.866237071413168858e-02
8.868374370081277824e-02
8.873146727614862617e-02
8.880086992407523749e-02
8.888515802985688663e-02
8.897608088643320368e-02
8.906473833110054028e-02
8.914245195546327549e-02
8.920161460850656310e-02
8.923643503754140338e-02
8.924350477636314172e-02
8.922213178968234348e-02
8.917440821434401144e-02
8.910500556641524905e-02
8.902071746063346114e-02
8.892979460406219561e-02
8.884113715939506717e-02
8.876342353503181848e-02
8.870426088198493653e-02
8.866944045295266363e-02
8.866237071412927384e-02
8.868374370081225089e-02
8.873146727614568408e-02
8.880086992407462687e-02
8.888515802985613723e-02
8.897608088643227386e-02
8.906473833110063743e-02
8.914245195546412204e-02
8.920161460850933866e-02
8.923643503754651041e-02
8.924350477636779078e-02
8.922213178968636804e-02
8.917440821434653719e-02
8.910500556641841319e-02
8.902071746063550117e-02
8.892979460406576220e-02
8.884113715939824518e-02
8.876342353503570426e-02
8.870426088199059866e-02
8.866944045295667431e-02
8.866237071413125836e-02
8.868374370081319458e-02
8.873146727614768248e-02
8.880086992407580648e-02
8.888515802985982872e-02
8.897608088643579882e-02
8.906473833110109539e-02
8.914245195546596778e-02
8.920161460850863089e-02
8.923643503754634387e-02
8.924350477636659729e-02
8.922213178968445291e-02
8.917440821434566289e-02
8.910500556641923198e-02
8.902071746063600077e-02
8.892979460406161274e-02
8.884113715939553901e-02
8.876342353503249849e-02
8.870426088198585246e-02
8.866944045295352406e-02
8.866237071413146653e-02
8.868374370081304192e-02
8.873146727614543428e-02
8.880086992407126845e-02
8.888515802985495762e-02
8.897608088642894320e-02
8.906473833109525284e-02
8.914245195545884848e-02
8.920161460850412061e-02
8.923643503754179196e-02
8.924350477636340540e-02
8.922213178968167735e-02
8.917440821434234610e-02
8.910500556641476333e-02
8.902071746063563995e-02
8.892979460406562342e-02
8.884113715939744027e-02
8.876342353503446914e-02
8.870426088199090398e-02
8.866944045295824250e-02
8.866237071413339554e-02
8.868374370081577585e-02
