7.864259711230732475e-02
8.615795431879919031e-02
9.394690397685938332e-02
1.012470094251561870e-01
1.073436854795837558e-01
1.116401470098900145e-01
1.137158264262822099e-01
1.133675417653941531e-01
1.106293855564477457e-01
1.057693876070445044e-01
9.926327837807862042e-02
9.174792117158291072e-02
8.395897151352461896e-02
7.665886606521743474e-02
7.056219001079679087e-02
6.626572848049189224e-02
6.419004906408495859e-02
6.453833372498313237e-02
6.727648993393862964e-02
7.213648788333393291e-02
7.864259711231420813e-02
8.615795431879920419e-02
9.394690397685627470e-02
1.012470094251551322e-01
1.073436854795833811e-01
1.116401470098856846e-01
1.137158264262818214e-01
1.133675417653973727e-01
1.106293855564413342e-01
1.057693876070535804e-01
9.926327837807467913e-02
9.174792117157949678e-02
8.395897151351210119e-02
7.665886606522234747e-02
7.056219001079337694e-02
6.626572848048267739e-02
6.419004906408319611e-02
6.453833372497702614e-02
6.727648993392403021e-02
7.213648788332839568e-02
7.864259711230009442e-02
8.615795431878306432e-02
9.394690397685911964e-02
1.012470094251556318e-01
1.073436854795837836e-01
1.116401470098884047e-01
1.137158264262789348e-01
1.133675417653884493e-01
1.106293855564432632e-01
1.057693876070368716e-01
9.926327837806631083e-02
9.174792117157958005e-02
8.395897151351197629e-02
7.665886606521887803e-02
7.056219001079151731e-02
6.626572848047403153e-02
6.419004906408694311e-02
6.453833372497745635e-02
6.727648993392207344e-02
7.213648788333218431e-02
7.864259711231082195e-02
8.615795431879999522e-02
9.394690397685592775e-02
1.012470094251573804e-01
1.073436854795724454e-01
1.116401470098757898e-01
1.137158264262774360e-01
1.133675417653750433e-01
1.106293855564313838e-01
1.057693876070347067e-01
9.926327837805223875e-02
9.174792117156697902e-02
8.395897151349843157e-02
7.665886606520375124e-02
7.056219001079436226e-02
6.626572848048481457e-02
6.419004906409363220e-02
6.453833372498726795e-02
6.727648993393965660e-02
7.213648788333661133e-02
7.864259711231434691e-02
8.615795431880077238e-02
9.394690397685719063e-02
1.012470094251594344e-01
1.073436854795864065e-01
1.116401470098903476e-01
1.137158264262791291e-01
1.133675417653855211e-01
1.106293855564457057e-01
1.057693876070431582e-01
9.926327837807583099e-02
9.174792117157846982e-02
8.395897151352081644e-02
7.665886606521833679e-02
7.056219001079117037e-02
6.626572848048904729e-02
6.419004906409490896e-02
6.453833372498715693e-02
6.727648993392952581e-02
7.213648788333108797e-02
