7.423292424535049561e-02
8.291956282691434477e-02
9.219679018247989299e-02
1.011564866602355506e-01
1.089216147430466658e-01
1.147320695913552624e-01
1.180190834007855405e-01
1.184609003577092173e-01
1.160142723400511139e-01
1.109186923448371720e-01
1.036729512449946905e-01
9.498631266343385282e-02
8.570908530786887358e-02
7.674938883012562274e-02
6.898426074731071889e-02
6.317380589900627175e-02
5.988679208956981803e-02
5.944497513265128985e-02
6.189160315030906023e-02
6.698718314552663811e-02
7.423292424536574730e-02
8.291956282694151747e-02
9.219679018250470648e-02
1.011564866602454454e-01
1.089216147430517867e-01
1.147320695913642830e-01
1.180190834007933121e-01
1.184609003577079822e-01
1.160142723400542503e-01
1.109186923448343548e-01
1.036729512449986040e-01
9.498631266343583734e-02
8.570908530787157975e-02
7.674938883012683011e-02
6.898426074731171809e-02
6.317380589900484233e-02
5.988679208956644573e-02
5.944497513264662691e-02
6.189160315030272502e-02
6.698718314552069841e-02
7.423292424535578304e-02
8.291956282691760605e-02
9.219679018247484148e-02
1.011564866602311513e-01
1.089216147430503850e-01
1.147320695913557481e-01
1.180190834007923545e-01
1.184609003577086483e-01
1.160142723400495457e-01
1.109186923448354373e-01
1.036729512449959673e-01
9.498631266343407487e-02
8.570908530787210711e-02
7.674938883012770441e-02
6.898426074731227320e-02
6.317380589900097043e-02
5.988679208956820127e-02
5.944497513264807020e-02
6.189160315030552140e-02
6.698718314552468134e-02
7.423292424536505341e-02
8.291956282693191405e-02
9.219679018249479774e-02
1.011564866602442381e-01
1.089216147430508569e-01
1.147320695913649213e-01
1.180190834007964484e-01
1.184609003577089953e-01
1.160142723400489212e-01
1.109186923448348405e-01
1.036729512449984236e-01
9.498631266343764146e-02
8.570908530786709723e-02
7.674938883011669932e-02
6.898426074730956703e-02
6.317380589899966592e-02
5.988679208957015110e-02
5.944497513264995758e-02
6.189160315031221049e-02
6.698718314552287723e-02
7.423292424536738487e-02
8.291956282694031011e-02
9.219679018249660185e-02
1.011564866602427254e-01
1.089216147430545761e-01
1.147320695913667116e-01
1.180190834007999040e-01
1.184609003577135472e-01
1.160142723400565401e-01
1.109186923448367140e-01
1.036729512449960089e-01
9.498631266343630919e-02
8.570908530787083035e-02
7.674938883012005775e-02
6.898426074730705515e-02
6.317380589900220555e-02
5.988679208957282257e-02
5.944497513265593891e-02
6.189160315031083659e-02
6.698718314552014330e-02
