8.330544078368232186e-02
8.507520830579046178e-02
8.722455500319900579e-02
8.954308784578478286e-02
9.180385268474008931e-02
9.378555010595317210e-02
9.529419775853265051e-02
9.618211869887614840e-02
9.636239703883073271e-02
9.581738587840907262e-02
9.460043470730274129e-02
9.283066718514064453e-02
9.068132048768130782e-02
8.836278764505335614e-02
8.610202280605940006e-02
8.412032538481084565e-02
8.261167773219947608e-02
8.172375679182991570e-02
8.154347845185144772e-02
8.208848961225471974e-02
8.330544078334362057e-02
8.507520830549139546e-02
8.722455500293631314e-02
8.954308784554995682e-02
9.180385268452952163e-02
9.378555010576511419e-02
9.529419775836890649e-02
9.618211869873076469e-02
9.636239703870311257e-02
9.581738587829442821e-02
9.460043470720125303e-02
9.283066718504957848e-02
9.068132048760198238e-02
8.836278764498105287e-02
8.610202280599518754e-02
8.412032538475786025e-02
8.261167773215463694e-02
8.172375679179076646e-02
8.154347845181712795e-02
8.208848961222278695e-02
8.330544078331254820e-02
8.507520830546169699e-02
8.722455500290526853e-02
8.954308784552407474e-02
9.180385268450867720e-02
9.378555010574662898e-02
9.529419775834650774e-02
9.618211869870983699e-02
9.636239703868618167e-02
9.581738587828016185e-02
9.460043470719053937e-02
9.283066718503922565e-02
9.068132048759358632e-02
8.836278764497601523e-02
8.610202280599266178e-02
8.412032538475266996e-02
8.261167773214864174e-02
8.172375679178543739e-02
8.154347845181574017e-02
8.208848961222396656e-02
8.330544078331356128e-02
8.507520830546309865e-02
8.722455500290977881e-02
8.954308784552701683e-02
9.180385268451267400e-02
9.378555010575129192e-02
9.529419775834969963e-02
9.618211869871272357e-02
9.636239703868502982e-02
9.581738587827823284e-02
9.460043470718583480e-02
9.283066718503568682e-02
9.068132048758843766e-02
8.836278764497224048e-02
8.610202280598840130e-02
8.412032538474961685e-02
8.261167773214556087e-02
8.172375679178418839e-02
8.154347845181413035e-02
8.208848961222245388e-02
8.330544078331213187e-02
8.507520830546123902e-02
8.722455500290453301e-02
8.954308784552256206e-02
9.180385268450899638e-02
9.378555010574804451e-02
9.529419775834929718e-02
9.618211869871495789e-02
9.636239703869099726e-02
9.581738587828542153e-02
9.460043470719425862e-02
9.283066718504282000e-02
9.068132048759279529e-02
8.836278764497355886e-02
8.610202280598654168e-02
8.412032538474868704e-02
8.261167773214571353e-02
8.172375679178126018e-02
8.154347845181024457e-02
8.208848961221770768e-02
