1.940351217527660488e+00;4.386343709520692385e-02
1.950004706172076663e+00;4.430790384760981832e-02
1.959658194816492838e+00;4.466008272877920043e-02
1.969311683460909013e+00;4.488550333823052019e-02
1.978965172105325188e+00;4.496211189722171264e-02
1.988618660749741363e+00;4.488242567065640898e-02
1.998272149394157537e+00;4.465425943672222259e-02
2.007925638038573712e+00;4.429995518249358472e-02
2.017579126682989887e+00;4.385419246837422153e-02
2.027232615327406062e+00;4.336059480937472232e-02
2.036886103971822237e+00;4.286746386067587927e-02
2.046539592616238412e+00;4.242305731099735994e-02
2.056193081260654587e+00;4.207087042701957574e-02
2.065846569905070762e+00;4.184538108340020435e-02
2.075500058549486937e+00;4.176867377159175498e-02
2.085153547193903112e+00;4.184827345512239644e-02
2.094807035838319287e+00;4.207640297280727110e-02
2.104460524482735462e+00;4.243073897146178858e-02
2.114114013127151637e+00;4.287659441506545821e-02
2.123767501771567812e+00;4.337031504532816439e-02
2.133420990415983987e+00;4.386355692204783885e-02
2.143074479060400162e+00;4.430802466254029487e-02
2.152727967704816336e+00;4.466020427650911617e-02
2.162381456349232511e+00;4.488562527124904944e-02
2.172034944993648686e+00;4.496223381016015153e-02
2.181688433638064861e+00;4.488254714016349373e-02
2.191341922282481036e+00;4.465438006293121626e-02
2.200995410926897211e+00;4.430007462802594553e-02
2.210648899571313386e+00;4.385431049108468732e-02
2.220302388215729561e+00;4.336071128567102473e-02
2.229955876860145736e+00;4.286757879718158804e-02
2.239609365504561911e+00;4.242317084346209494e-02
2.249262854148978086e+00;4.207098280663260775e-02
2.258916342793394261e+00;4.184549265188215739e-02
2.268569831437810436e+00;4.176878492753031968e-02
2.278223320082226611e+00;4.184838461486609790e-02
2.287876808726642786e+00;4.207651452975368772e-02
2.297530297371058960e+00;4.243085125772580457e-02
2.307183786015475135e+00;4.287670766927152016e-02
2.316837274659891310e+00;4.337042938965962602e-02
2.326490763304307485e+00;4.386367235077158477e-02
2.336144251948723660e+00;4.430814104308776480e-02
2.345797740593139835e+00;4.466032136296001209e-02
2.355451229237556010e+00;4.488574272884762045e-02
2.365104717881972185e+00;4.496235124841626435e-02
2.374758206526388360e+00;4.488266415126440645e-02
2.384411695170804535e+00;4.465449626168709746e-02
2.394065183815220710e+00;4.430018968944129248e-02
2.403718672459636885e+00;4.385442418190133723e-02
2.413372161104053060e+00;4.336082348683337195e-02
2.423025649748469235e+00;4.286768951506993164e-02
2.432679138392885410e+00;4.242328020884379713e-02
2.442332627037301584e+00;4.207109106147717548e-02
2.451986115681717759e+00;4.184560012536759493e-02
2.461639604326133934e+00;4.176889200361465215e-02
2.471293092970550109e+00;4.184849169461620638e-02
2.480946581614966284e+00;4.207662199212788140e-02
2.490600070259382459e+00;4.243095942264898252e-02
2.500253558903798634e+00;4.287681676660951707e-02
2.509907047548214809e+00;4.337053953711122317e-02
2.519560536192630984e+00;4.386378354281403324e-02
2.529214024837047159e+00;4.430825315201837589e-02
2.538867513481463334e+00;4.466043415188489935e-02
2.548521002125879509e+00;4.488585587529788506e-02
2.558174490770295684e+00;4.496246437623415554e-02
2.567827979414711859e+00;4.488277686760546586e-02
2.577481468059128034e+00;4.465460819549927490e-02
2.587134956703544209e+00;4.430030052765777937e-02
2.596788445347960383e+00;4.385453369982592747e-02
2.606441933992376558e+00;4.336093156978001323e-02
2.616095422636792733e+00;4.286779616918437452e-02
2.625748911281208908e+00;4.242338556009369460e-02
2.635402399925625083e+00;4.207119534295109681e-02
2.645055888570041258e+00;4.184570365416125093e-02
2.654709377214457433e+00;4.176899514959322990e-02
2.664362865858873608e+00;4.184859484412601499e-02
2.674016354503289783e+00;4.207672551021798824e-02
2.683669843147705958e+00;4.243106361750201977e-02
2.693323331792122133e+00;4.287692185965434610e-02
2.702976820436538308e+00;4.337064564172665032e-02
2.712630309080954483e+00;4.386389065367990447e-02
2.722283797725370658e+00;4.430836114611900328e-02
2.731937286369786833e+00;4.466054280102151053e-02
2.741590775014203007e+00;4.488596486883728032e-02
2.751244263658619182e+00;4.496257335182513720e-02
2.760897752303035357e+00;4.488288544682257630e-02
2.770551240947451532e+00;4.465471602090961833e-02
2.780204729591867707e+00;4.430040729768505020e-02
2.789858218236283882e+00;4.385463919802085747e-02
2.799511706880700057e+00;4.336103568566603006e-02
2.809165195525116232e+00;4.286789890868190206e-02
2.818818684169532407e+00;4.242348704454698000e-02
2.828472172813948582e+00;4.207129579689346949e-02
2.838125661458364757e+00;4.184580338304980107e-02
2.847779150102780932e+00;4.176909450971772603e-02
2.857432638747197107e+00;4.184869420765222059e-02
2.867086127391613282e+00;4.207682522879623022e-02
2.876739616036029457e+00;4.243116398800324957e-02
2.886393104680445632e+00;4.287702309537993334e-02
2.896046593324861806e+00;4.337074785189420217e-02
2.905700081969277981e+00;4.386399383316480494e-02
2.915353570613694156e+00;4.430846517642055699e-02
2.925007059258110331e+00;4.466064746231668964e-02
2.934660547902526506e+00;4.488606986189429271e-02
2.944314036546942681e+00;4.496267832759254235e-02
2.953967525191358856e+00;4.488299004076436866e-02
2.963621013835775031e+00;4.465481988871215085e-02
2.973274502480191206e+00;4.430051014884114902e-02
2.982927991124607381e+00;4.385474082402575358e-02
2.992581479769023556e+00;4.336113598009828235e-02
3.002234968413439731e+00;4.286799787724449723e-02
3.011888457057855906e+00;4.242358480413022104e-02
3.021541945702272081e+00;4.207139256378916031e-02
3.031195434346688256e+00;4.184589945150387486e-02
3.040848922991104430e+00;4.176919022294262734e-02
3.050502411635520605e+00;4.184878992415386884e-02
3.060155900279936780e+00;4.207692128731811004e-02
3.069809388924352955e+00;4.243126067451997996e-02
3.079462877568769130e+00;4.287712061536435443e-02
3.089116366213185305e+00;4.337084631055482947e-02
3.098769854857601480e+00;4.386409322556483054e-02
3.108423343502017655e+00;4.430856538840902831e-02
3.118076832146433830e+00;4.466074828213865977e-02
3.127730320790850005e+00;4.488617100130112142e-02
3.137383809435266180e+00;4.496277945034420770e-02
3.147037298079682355e+00;4.488309079570500237e-02
3.156690786724098530e+00;4.465491994416560112e-02
3.166344275368514705e+00;4.430060922496295572e-02
3.175997764012930880e+00;4.385483871996413013e-02
3.185651252657347055e+00;4.336123259333766328e-02
3.195304741301763229e+00;4.286809321327895994e-02
3.204958229946179404e+00;4.242367897555950063e-02
3.214611718590595579e+00;4.207148577896643871e-02
3.224265207235011754e+00;4.184599199387502994e-02
3.233918695879427929e+00;4.176928242312290956e-02
3.243572184523844104e+00;4.184888212749072328e-02
3.253225673168260279e+00;4.207701382012175167e-02
3.262879161812676454e+00;4.243135381226890990e-02
3.272532650457092629e+00;4.287721455598925147e-02
3.282186139101508804e+00;4.337094115540287426e-02
3.291839627745924979e+00;4.386418896988061866e-02
3.301493116390341154e+00;4.430866192223129052e-02
3.311146605034757329e+00;4.466084540148472504e-02
3.320800093679173504e+00;4.488626842850231696e-02
3.330453582323589679e+00;4.496287686150161889e-02
3.340107070968005853e+00;4.488318785255160370e-02
3.349760559612422028e+00;4.465501632719870440e-02
3.359414048256838203e+00;4.430070466460974549e-02
3.369067536901254378e+00;4.385493302274483252e-02
3.378721025545670553e+00;4.336132566049936965e-02
3.388374514190086728e+00;4.286818505011374264e-02
3.398028002834502903e+00;4.242376969053460178e-02
3.407681491478919078e+00;4.207157557278767140e-02
3.417334980123335253e+00;4.184608113958477454e-02
3.426988468767751428e+00;4.176937123920157480e-02
3.436641957412167603e+00;4.184897094661006733e-02
3.446295446056583778e+00;4.207710295661505617e-02
3.455948934700999953e+00;4.243144353150354181e-02
3.465602423345416128e+00;4.287730504863122155e-02
3.475255911989832303e+00;4.337103251907949153e-02
3.484909400634248478e+00;4.386428120001106129e-02
3.494562889278664652e+00;4.430875491289024137e-02
3.504216377923080827e+00;4.466093895617655185e-02
3.513869866567497002e+00;4.488636227974954901e-02
3.523523355211913177e+00;4.496297069729394275e-02
3.533176843856329352e+00;4.488328134703756939e-02
3.542830332500745527e+00;4.465510917260306217e-02
3.552483821145161702e+00;4.430079660125370300e-02
3.562137309789577877e+00;4.385502386424992849e-02
3.571790798433994052e+00;4.336141531173747649e-02
3.581444287078410227e+00;4.286827351618274773e-02
3.591097775722826402e+00;4.242385707592061933e-02
3.600751264367242577e+00;4.207166207083000431e-02
3.610404753011658752e+00;4.184616701330381300e-02
3.620058241656074927e+00;4.176945679538824480e-02
3.629711730300491102e+00;4.184905650572573466e-02
3.639365218944907276e+00;4.207718882145609213e-02
3.649018707589323451e+00;4.243152995769695207e-02
3.658672196233739626e+00;4.287739221984507992e-02
3.668325684878155801e+00;4.337112052935786916e-02
3.677979173522571976e+00;4.386437004494097430e-02
3.687632662166988151e+00;4.430884449043417245e-02
3.697286150811404326e+00;4.466102907705130076e-02
3.706939639455820501e+00;4.488645268629496560e-02
3.716593128100236676e+00;4.496306108895163633e-02
3.726246616744652851e+00;4.488337140991612018e-02
3.735900105389069026e+00;4.465519861022354542e-02
3.745553594033485201e+00;4.430088516346879224e-02
3.755207082677901376e+00;4.385511137152202366e-02
3.764860571322317551e+00;4.336150167243019854e-02
3.774514059966733726e+00;4.286835873520673801e-02
3.784167548611149900e+00;4.242394125392672660e-02
3.793821037255566075e+00;4.207174539406095121e-02
3.803474525899982250e+00;4.184624973512626744e-02
3.813128014544398425e+00;4.176953921133298719e-02
3.822781503188814600e+00;4.184913892449204642e-02
3.832434991833230775e+00;4.207727153472636678e-02
3.842088480477646950e+00;4.243161321171579764e-02
3.851741969122063125e+00;4.287747619153910172e-02
3.861395457766479300e+00;4.337120530931943413e-02
