4.256146869589528814e-01
4.612394810710457871e-01
4.891249893377696001e-01
5.065565871401408460e-01
5.118807547820549697e-01
5.046466775302279606e-01
4.856235752782561144e-01
4.567022938038796664e-01
4.206994853011664093e-01
3.810875000823308323e-01
3.416742539339385765e-01
3.062569646020005809e-01
2.782736985487767600e-01
2.604780430315606909e-01
2.546644024789660454e-01
2.614726194181403729e-01
2.802984506677129173e-01
3.093289391758795581e-01
3.457084350053997168e-01
3.858235344641695042e-01
4.256770169054759356e-01
4.613063397967172019e-01
4.891951653493510355e-01
5.066285190684964856e-01
5.119526960842120111e-01
5.047168727557936885e-01
4.856904296868334581e-01
4.567645206398662783e-01
4.207562187382917207e-01
3.811383659199599760e-01
3.417193940028528387e-01
3.062970143137808687e-01
2.783097201871410076e-01
2.605114204491754681e-01
2.546967059642862297e-01
2.615054525256185758e-01
2.803332933516578529e-01
3.093670030035449159e-01
3.457505459069474263e-01
3.858700560172908522e-01
4.257278226307225633e-01
4.613608369733161463e-01
4.892523664778336556e-01
5.066871514621916761e-01
5.120113361194432722e-01
5.047740895482958345e-01
4.857449233485235385e-01
4.568152423239423277e-01
4.208024627014096408e-01
3.811798271474944877e-01
3.417561881022891934e-01
3.063296592150274722e-01
2.783390817676784645e-01
2.605386267004314305e-01
2.547230368433097691e-01
2.615322151049257471e-01
2.803616939561411892e-01
3.093980291932667548e-01
3.457848709055145187e-01
3.859079761803922981e-01
4.257692348637890367e-01
4.614052581440088452e-01
4.892989916658949112e-01
5.067349432885294158e-01
5.120591341747425806e-01
5.048207275050451415e-01
4.857893416554368571e-01
4.568565860558795322e-01
4.208401566001525040e-01
3.812136225926431865e-01
3.417861793265781212e-01
3.063562683880737270e-01
2.783630146745131317e-01
2.605608027777033264e-01
2.547444993963167703e-01
2.615540295410574978e-01
2.803848435624364255e-01
3.094233189394539063e-01
3.458128495426509019e-01
3.859388852708685036e-01
4.258029903742457933e-01
4.614414662686229796e-01
4.893369963064114758e-01
5.067738988672476630e-01
5.120980948308312408e-01
5.048587425536891216e-01
4.858255474461510848e-01
4.568902857309155019e-01
4.208708812609723848e-01
3.812411695863397454e-01
3.418106254631528840e-01
3.063779577820464062e-01
2.783825226180740020e-01
2.605788787125385420e-01
2.547619937306525584e-01
2.615718106987489078e-01
2.804037130302529657e-01
3.094439328559990265e-01
3.458356552002237461e-01
3.859640795693100035e-01
