3.850469262483205979e-01
3.860686466155809904e-01
3.868551784387591064e-01
3.873295893431075720e-01
3.874455999218113234e-01
3.871920533504673023e-01
3.865939317680183729e-01
3.857098488511904177e-01
3.846262876698068323e-01
3.834491572322180630e-01
3.822934857746490001e-01
3.812722366482729774e-01
3.804853127289198889e-01
3.800098019921879233e-01
3.798924096045752097e-01
3.801448256906575507e-01
3.807425052547980804e-01
3.816270086359226377e-01
3.827116971856238670e-01
3.838902361488594761e-01
3.850470639952107144e-01
3.860687802320651452e-01
3.868553079683258455e-01
3.873297148084079988e-01
3.874457213371884090e-01
3.871921707340238994e-01
3.865940451521090448e-01
3.857099582904561230e-01
3.846263932461527757e-01
3.834492590564927417e-01
3.822935839851020479e-01
3.812723314061322588e-01
3.804854042117514767e-01
3.800098903857576094e-01
3.798924950941380829e-01
3.801449084525342359e-01
3.807425854490008588e-01
3.816270864005309460e-01
3.827117726333245651e-01
3.838903093658859178e-01
3.850471350426086792e-01
3.860688491490749663e-01
3.868553747773800233e-01
3.873297795211861905e-01
3.874457839610880860e-01
3.871922312783843134e-01
3.865941036336205672e-01
3.857100147372983789e-01
3.846264477005699178e-01
3.834493115756586468e-01
3.822936346403201235e-01
3.812723802805667583e-01
3.804854513969820329e-01
3.800099359775989116e-01
3.798925391881458058e-01
3.801449511396453596e-01
3.807426268117480306e-01
3.816271265101348620e-01
3.827118115479115623e-01
3.838903471299311421e-01
3.850471716875991657e-01
3.860688846952491371e-01
3.868554092363045149e-01
3.873298128988888478e-01
3.874458162613836354e-01
3.871922625060870704e-01
3.865941337973398673e-01
3.857100438515703167e-01
3.846264757871853401e-01
3.834493386641050217e-01
3.822936607673755871e-01
3.812724054891286629e-01
3.804854757342832072e-01
3.800099594930599345e-01
3.798925619310508095e-01
3.801449731569006008e-01
3.807426481459193490e-01
3.816271471979579277e-01
3.827118316193631742e-01
3.838903666079513388e-01
3.850471905884320090e-01
3.860689030293299462e-01
3.868554270096029035e-01
3.873298301145138289e-01
3.874458329213041341e-01
3.871922786127868221e-01
3.865941493552535468e-01
3.857100588681998121e-01
3.846264902737682734e-01
3.834493526358543347e-01
3.822936742432559432e-01
3.812724184912616998e-01
3.804854882870343236e-01
3.800099716219177415e-01
3.798925736614387483e-01
3.801449845130144278e-01
3.807426591497139468e-01
3.816271578683787524e-01
3.827118419718708031e-01
3.838903766543784735e-01
