4.080513899017308987e-01
4.142398486346627884e-01
4.177781866064014804e-01
4.185281356701265332e-01
4.165849045889972735e-01
4.122107679391542323e-01
4.057898389699099995e-01
3.978097558602443629e-01
3.888630285386036056e-01
3.796529063886765476e-01
3.709850937232141987e-01
3.637272562287596211e-01
3.587245379639285581e-01
3.566731655874464946e-01
3.579746501784510371e-01
3.626129935217823341e-01
3.701042559419088218e-01
3.795514908708588764e-01
3.898003997135519039e-01
3.996499654249918709e-01
4.080513899017260693e-01
4.142398486346640096e-01
4.177781866064006477e-01
4.185281356701310296e-01
4.165849045889983837e-01
4.122107679391741608e-01
4.057898389699016728e-01
3.978097558602529671e-01
3.888630285386033281e-01
3.796529063886759925e-01
3.709850937231967127e-01
3.637272562287591215e-01
3.587245379639371068e-01
3.566731655874289530e-01
3.579746501784494828e-01
3.626129935217907718e-01
3.701042559419086553e-01
3.795514908708934043e-01
3.898003997135828791e-01
3.996499654250254552e-01
4.080513899017478296e-01
4.142398486346757780e-01
4.177781866063879912e-01
4.185281356700857325e-01
4.165849045889867819e-01
4.122107679391530111e-01
4.057898389699011177e-01
3.978097558602441963e-01
3.888630285385970553e-01
3.796529063886517896e-01
3.709850937231801704e-01
3.637272562287404143e-01
3.587245379639300569e-01
3.566731655874263995e-01
3.579746501784303869e-01
3.626129935217707323e-01
3.701042559418732392e-01
3.795514908708452206e-01
3.898003997135336407e-01
3.996499654249836553e-01
4.080513899017248480e-01
4.142398486346742237e-01
4.177781866064118610e-01
4.185281356701274769e-01
4.165849045890112623e-01
4.122107679391641133e-01
4.057898389698936792e-01
3.978097558602378681e-01
3.888630285385933916e-01
3.796529063886801558e-01
3.709850937232030410e-01
3.637272562287499067e-01
3.587245379639157905e-01
3.566731655873913165e-01
3.579746501784071833e-01
3.626129935217695111e-01
3.701042559418939448e-01
3.795514908708715329e-01
3.898003997135600640e-01
3.996499654250008637e-01
4.080513899017433888e-01
4.142398486346935971e-01
4.177781866064159133e-01
4.185281356701243682e-01
4.165849045889919999e-01
4.122107679391589508e-01
4.057898389699092778e-01
3.978097558602573525e-01
3.888630285386059371e-01
3.796529063886867617e-01
3.709850937232231360e-01
3.637272562287560684e-01
3.587245379639079634e-01
3.566731655874262885e-01
3.579746501784326074e-01
3.626129935217829448e-01
3.701042559418794009e-01
3.795514908708453317e-01
3.898003997135313092e-01
3.996499654249728306e-01
