3.852869469886847087e-01
3.862137609519891712e-01
3.868907061157779714e-01
3.872517586119774702e-01
3.872620245938357408e-01
3.869209844270106724e-01
3.862623583525390814e-01
3.853506773846627209e-01
3.842749438485753566e-01
3.831400105873215001e-01
3.820564878426482847e-01
3.811301008781581290e-01
3.804514697102243659e-01
3.800872622037518855e-01
3.800735773119370831e-01
3.804122405764360781e-01
3.810704396529601690e-01
3.819838066271129540e-01
3.830626951769922073e-01
3.842010473511082713e-01
3.852869469989683715e-01
3.862137609614363365e-01
3.868907061244509227e-01
3.872517586199266670e-01
3.872620246011164169e-01
3.869209844336744530e-01
3.862623583586298759e-01
3.853506773902261595e-01
3.842749438536512407e-01
3.831400105919595123e-01
3.820564878468831194e-01
3.811301008820385805e-01
3.804514697137695856e-01
3.800872622070015083e-01
3.800735773149143126e-01
3.804122405791703909e-01
3.810704396554713269e-01
3.819838066294172219e-01
3.830626951791099022e-01
3.842010473530553250e-01
3.852869470007575514e-01
3.862137609630861834e-01
3.868907061259659885e-01
3.872517586213174989e-01
3.872620246023905644e-01
3.869209844348406868e-01
3.862623583596943577e-01
3.853506773911943850e-01
3.842749438545398633e-01
3.831400105927630917e-01
3.820564878476140902e-01
3.811301008827081560e-01
3.804514697143827617e-01
3.800872622075642249e-01
3.800735773154256258e-01
3.804122405796404593e-01
3.810704396559034257e-01
3.819838066298190671e-01
3.830626951794762758e-01
3.842010473533894466e-01
3.852869470010623631e-01
3.862137609633583546e-01
3.868907061262135127e-01
3.872517586215501462e-01
3.872620246026070023e-01
3.869209844350368632e-01
3.862623583598711607e-01
3.853506773913628614e-01
3.842749438546961827e-01
3.831400105929085309e-01
3.820564878477539783e-01
3.811301008828285597e-01
3.804514697144901203e-01
3.800872622076636453e-01
3.800735773155135555e-01
3.804122405797146778e-01
3.810704396559663198e-01
3.819838066298702484e-01
3.830626951795285673e-01
3.842010473534378523e-01
3.852869470011076602e-01
3.862137609634007651e-01
3.868907061262548130e-01
3.872517586215806218e-01
3.872620246026289847e-01
3.869209844350610661e-01
3.862623583598951416e-01
3.853506773913787375e-01
3.842749438547058416e-01
3.831400105929170796e-01
3.820564878477624715e-01
3.811301008828440473e-01
3.804514697145012780e-01
3.800872622076712504e-01
3.800735773155218267e-01
3.804122405797263906e-01
3.810704396559828622e-01
3.819838066298911761e-01
3.830626951795453317e-01
3.842010473534573922e-01
