4.139798652947905833e-01
4.411885831070773145e-01
4.627332153449463248e-01
4.765060917818038089e-01
4.811643006874735118e-01
4.762591359849917549e-01
4.622772517181453211e-01
4.405905531239878159e-01
4.133206721192214661e-01
3.831317625014240003e-01
3.529717156795932342e-01
3.257863656189702306e-01
3.042336048322450415e-01
2.904244516918644825e-01
2.857159404033503547e-01
2.905762834744788359e-01
3.045362677055933331e-01
3.262326997591897260e-01
3.535405988414635492e-01
3.837816742727490071e-01
4.139885016199028600e-01
4.411977699804079389e-01
4.627428329379750793e-01
4.765159772095491908e-01
4.811742641731355241e-01
4.762689795484677524e-01
4.622867885366619412e-01
4.405996256773649922e-01
4.133291673784604825e-01
3.831396227246228747e-01
3.529789438095352616e-01
3.257930247912496635e-01
3.042398120572000209e-01
2.904303663223617438e-01
2.857217484975892452e-01
2.905821795640030070e-01
3.045424357431312790e-01
3.262392951172734534e-01
3.535477331434166981e-01
3.837894045643992502e-01
4.139968249566322589e-01
4.412066239546516555e-01
4.627521020673064922e-01
4.765255045131537859e-01
4.811838667501853184e-01
4.762784665893602942e-01
4.622959799824696847e-01
4.406083697083642559e-01
4.133373550533968044e-01
3.831471983866001629e-01
3.529859102891612088e-01
3.257994429335026032e-01
3.042457946329032992e-01
2.904360669140162443e-01
2.857273464285361442e-01
2.905878623263845051e-01
3.045483806350500755e-01
3.262456518924022886e-01
3.535546093902575127e-01
3.837968552690062540e-01
4.140048472846761252e-01
4.412151577590264773e-01
4.627610360444275317e-01
4.765346873601855049e-01
4.811931221797093317e-01
4.762876106892382500e-01
4.623048392008060059e-01
4.406167977101700939e-01
4.133452468312329153e-01
3.831545002910164421e-01
3.529926250444907487e-01
3.258056291825167650e-01
3.042515610688685257e-01
2.904415615685638774e-01
2.857327421456097305e-01
2.905933398251321353e-01
3.045541108102570727e-01
3.262517790905832271e-01
3.535612373166116540e-01
3.838040369266034757e-01
4.140125799443751808e-01
4.412233834481464334e-01
4.627696474802019400e-01
4.765435387036791037e-01
4.812020435080947012e-01
4.762964247288191122e-01
4.623133786628154662e-01
4.406249215392240015e-01
4.133528538070492253e-01
3.831615386973312720e-01
3.529990975043713619e-01
3.258115922199415482e-01
3.042571194529809508e-01
2.904468579883989765e-01
2.857379432083791970e-01
2.905986197302680152e-01
3.045596342883333807e-01
3.262576852825453955e-01
3.535676261888155980e-01
3.838109595725083256e-01
