4.289682861110502010e-01
4.640468921578961847e-01
4.909767249879657403e-01
5.071665604769168834e-01
5.111612438369688149e-01
5.027338830884857668e-01
4.828455538691349136e-01
4.535001882979096122e-01
4.175275652890036437e-01
3.783228368684737886e-01
3.395616376913437318e-01
3.049011461202552065e-01
2.776739723434296647e-01
2.605854362659241752e-01
2.554345181293910527e-01
2.628903671562387023e-01
2.823636975058141929e-01
3.120098727777417813e-01
3.488850210240702077e-01
3.892500532583599293e-01
4.289869278691905707e-01
4.640665812181490324e-01
4.909970615782951464e-01
5.071870661387278822e-01
5.111814155439605711e-01
5.027532449968831196e-01
4.828637014586155130e-01
4.535168216028371280e-01
4.175425097970307808e-01
3.783360520886425160e-01
3.395732142333126036e-01
3.049112924839761374e-01
2.776829927453300928e-01
2.605937010026121992e-01
2.554424283976107213e-01
2.628983169340147197e-01
2.823720358866616542e-01
3.120188707220127866e-01
3.488948465045770275e-01
3.892607580098006448e-01
4.289984474270048254e-01
4.640787479497562873e-01
4.910096284470632511e-01
5.071997374841589190e-01
5.111938805241044159e-01
5.027652095670519516e-01
4.828749156480088844e-01
4.535271000495610383e-01
4.175517446622746820e-01
3.783442183512733537e-01
3.395803678849967366e-01
3.049175623659613477e-01
2.776885668462504841e-01
2.605988081449434612e-01
2.554473164983704359e-01
2.629032294494586530e-01
2.823771885369424917e-01
3.120244309453898413e-01
3.489009180987946435e-01
3.892673729439886654e-01
4.290055658656985460e-01
4.640862663054425852e-01
4.910173940650024993e-01
5.072075676627948448e-01
5.112015831805977184e-01
5.027726029983313749e-01
4.828818453861787874e-01
4.535334515514026221e-01
4.175574512894665302e-01
3.783492646421645067e-01
3.395847884392904636e-01
3.049214368002977071e-01
2.776920113270325285e-01
2.606019640715884211e-01
2.554503370696464826e-01
2.629062651076378709e-01
2.823803725849438062e-01
3.120278668506350495e-01
3.489046700024508452e-01
3.892714606011802303e-01
4.290099646603444672e-01
4.640909122262911191e-01
4.910221927800156316e-01
5.072124062726875993e-01
5.112063429889781574e-01
5.027771717229223558e-01
4.828861275745144899e-01
4.535373764222166981e-01
4.175609776640258342e-01
3.783523829660412341e-01
3.395875200931550153e-01
3.049238309827539961e-01
2.776941398223829460e-01
2.606039142567167510e-01
2.554522036127750417e-01
2.629081409736240271e-01
2.823823401474934158e-01
3.120299900467962684e-01
3.489069884678580591e-01
3.892739865433822444e-01
