4.617197279118970821e-01
5.116415662282109977e-01
5.476185687738698293e-01
5.664818342076701763e-01
5.671098692790338403e-01
5.502513407980517135e-01
5.181486919205327002e-01
4.741096406963230536e-01
4.221343419051453161e-01
3.666423207373825655e-01
3.122809083578840794e-01
2.637531368832724543e-01
2.255874620278461584e-01
2.017891310239270930e-01
1.953634779256565035e-01
2.077752555960981073e-01
2.384810605661357719e-01
2.847081338533080652e-01
3.416209216942194815e-01
4.029127615054443612e-01
4.617199165120260407e-01
5.116417641391147741e-01
5.476187692332636914e-01
5.664820302909816530e-01
5.671100547516103596e-01
5.502515107030415686e-01
5.181488428808651570e-01
4.741097709729218956e-01
4.221344512853280051e-01
3.666424103289325775e-01
3.122809803449163590e-01
2.637531942730761969e-01
2.255875083932337710e-01
2.017891702313794611e-01
1.953635138390746040e-01
2.077752917592431692e-01
2.384810998883638566e-01
2.847081783433279001e-01
3.416209722944287819e-01
4.029128180675791149e-01
4.617199779251718872e-01
5.116418285840919067e-01
5.476188345080931219e-01
5.664820941408498234e-01
5.671101151463507906e-01
5.502515660285769439e-01
5.181488920375169061e-01
4.741098133943937865e-01
4.221344869023777591e-01
3.666424395022822580e-01
3.122810037857691734e-01
2.637532129606883768e-01
2.255875234910136862e-01
2.017891829983501362e-01
1.953635255334213727e-01
2.077753035349099719e-01
2.384811126927035563e-01
2.847081928304368015e-01
3.416209887711729731e-01
4.029128364856861544e-01
4.617199979228855944e-01
5.116418495690482349e-01
5.476188557632739595e-01
5.664821149320286020e-01
5.671101348124452102e-01
5.502515840440087569e-01
5.181489080442085449e-01
4.741098272079508069e-01
4.221344985002446482e-01
3.666424490019059013e-01
3.122810114187462016e-01
2.637532190458820036e-01
2.255875284072564324e-01
2.017891871556137251e-01
1.953635293414023866e-01
2.077753073693598962e-01
2.384811168621116528e-01
2.847081975477881444e-01
3.416209941364001801e-01
4.029128424830696886e-01
4.617200044346398413e-01
5.116418564022835458e-01
5.476188626845165386e-01
5.664821217021865918e-01
5.671101412162617983e-01
5.502515899103228580e-01
5.181489132564283118e-01
4.741098317060246647e-01
4.221345022768374089e-01
3.666424520952502042e-01
3.122810139042591637e-01
2.637532210273950684e-01
2.255875300081214285e-01
2.017891885093302529e-01
1.953635305813746781e-01
2.077753086179450759e-01
2.384811182197646984e-01
2.847081990838618570e-01
3.416209958834375837e-01
4.029128444359779682e-01
