4.236900263478818873e-01
4.596109963144260346e-01
4.880485921940351246e-01
5.062213413195731926e-01
5.123595447346920295e-01
5.058750086773181609e-01
4.874137971901915112e-01
4.587886854615814691e-01
4.227995669230504294e-01
3.829602093739467583e-01
3.431577895652526689e-01
3.072772052388614283e-01
2.788251054982122112e-01
2.605887981644884888e-01
2.543625943904136433e-01
2.607686830469280737e-01
2.791913953338847620e-01
3.078331387733854174e-01
3.438881834947690730e-01
3.838181242404186677e-01
4.237017425449786101e-01
4.596236822161874902e-01
4.880620379294826061e-01
5.062352617028531565e-01
5.123736076143841078e-01
5.058888676682720131e-01
4.874271255356588117e-01
4.588012077283973866e-01
4.228110855036752991e-01
3.829706233108305935e-01
3.431671039626917330e-01
3.072855304151527189e-01
2.788326459838217364e-01
2.605958325968806277e-01
2.543694482185115402e-01
2.607756966628546058e-01
2.791988907247914820e-01
3.078413879718587820e-01
3.438973819652570429e-01
3.838283718685405188e-01
4.237130341346105888e-01
4.596359084251563920e-01
4.880749964990879208e-01
5.062486777848985708e-01
5.123871610922802189e-01
5.059022247026438990e-01
4.874399712001037943e-01
4.588132765575394512e-01
4.228221870367470103e-01
3.829806602359983048e-01
3.431760811898673103e-01
3.072935542604798287e-01
2.788399135675299068e-01
2.606026124669191257e-01
2.543760540435934248e-01
2.607824565177340181e-01
2.792061149486573246e-01
3.078493387597088793e-01
3.439062477162717624e-01
3.838382488619075938e-01
4.237239173689815730e-01
4.596476925190733920e-01
4.880874865130355733e-01
5.062616088121651980e-01
5.124002245914163201e-01
5.059150989022148659e-01
4.874523525547669878e-01
4.588249091923994882e-01
4.228328873685912592e-01
3.829903344629881912e-01
3.431847340376814048e-01
3.073012881974657162e-01
2.788469185866643829e-01
2.606091474103228722e-01
2.543824212465154999e-01
2.607889722036363933e-01
2.792130782485820473e-01
3.078570024016541451e-01
3.439147932994157109e-01
3.838477691933876446e-01
4.237344076331587273e-01
4.596590511443804372e-01
4.880995256022799822e-01
5.062740730252083265e-01
5.124128165263744927e-01
5.059275084023371338e-01
4.874642870291093222e-01
4.588361219978048799e-01
4.228432015429474666e-01
3.829996595845592822e-01
3.431930746565516333e-01
3.073087430798805419e-01
2.788536708664777208e-01
2.606154465879516047e-01
2.543885587481596877e-01
2.607952528446150775e-01
2.792197903702870465e-01
3.078643896180075501e-01
3.439230306625266076e-01
3.838569461667835636e-01
