3.997454729067989043e-01
4.053444130763823039e-01
4.086986399328201292e-01
4.095635722775044507e-01
4.079439947370289143e-01
4.040600667002849922e-01
3.983038956004260056e-01
3.911979227491038658e-01
3.833593799071635111e-01
3.754684086305195567e-01
3.682331766221628166e-01
3.623445814161744272e-01
3.584162367360676504e-01
3.569119276089233184e-01
3.580709936483912337e-01
3.618492055647982708e-01
3.678949506256410928e-01
3.755752206550874162e-01
3.840533322020723839e-01
3.924047542398775290e-01
3.997454729068041224e-01
4.053444130763945163e-01
4.086986399328188524e-01
4.095635722774857990e-01
4.079439947370249731e-01
4.040600667002779423e-01
3.983038956004221753e-01
3.911979227490976485e-01
3.833593799071494113e-01
3.754684086304988511e-01
3.682331766221370595e-01
3.623445814161384559e-01
3.584162367360321788e-01
3.569119276089074977e-01
3.580709936483955635e-01
3.618492055648143690e-01
3.678949506256509738e-01
3.755752206550913574e-01
3.840533322020790452e-01
3.924047542398739763e-01
3.997454729068012358e-01
4.053444130763836362e-01
4.086986399328064734e-01
4.095635722774918497e-01
4.079439947370331332e-01
4.040600667003033664e-01
3.983038956004480990e-01
3.911979227491165223e-01
3.833593799071729480e-01
3.754684086305141166e-01
3.682331766221644265e-01
3.623445814161748713e-01
3.584162367360615442e-01
3.569119276089202097e-01
3.580709936484034461e-01
3.618492055648208083e-01
3.678949506256566360e-01
3.755752206550944106e-01
3.840533322020776574e-01
3.924047542398678146e-01
3.997454729067909107e-01
4.053444130763771969e-01
4.086986399327943720e-01
4.095635722774727538e-01
4.079439947370135933e-01
4.040600667002712809e-01
3.983038956004129050e-01
3.911979227490881561e-01
3.833593799071517982e-01
3.754684086305026813e-01
3.682331766221605962e-01
3.623445814161675993e-01
3.584162367360599344e-01
3.569119276089236514e-01
3.580709936483938982e-01
3.618492055648056538e-01
3.678949506256529167e-01
3.755752206550864170e-01
3.840533322020722728e-01
3.924047542398584332e-01
3.997454729068021240e-01
4.053444130763779185e-01
4.086986399328077502e-01
4.095635722774774168e-01
4.079439947370341879e-01
4.040600667002813839e-01
3.983038956004217312e-01
3.911979227490907651e-01
3.833593799071474684e-01
3.754684086305110635e-01
3.682331766221578762e-01
3.623445814161602163e-01
3.584162367360503865e-01
3.569119276089227633e-01
3.580709936483894573e-01
3.618492055648021566e-01
3.678949506256583013e-01
3.755752206550907468e-01
3.840533322020763252e-01
3.924047542398603206e-01
