3.904196738242518561e-01
3.909097192255927555e-01
3.912215788553574103e-01
3.913259005065097829e-01
3.912134703133010039e-01
3.908957370116539209e-01
3.904035257247316926e-01
3.897841272955627212e-01
3.890970065377341580e-01
3.884084227889321728e-01
3.877853240906979915e-01
3.872889692820630780e-01
3.869688340765493062e-01
3.868574316189074547e-01
3.869666803959960211e-01
3.872863469106557210e-01
3.877848676543857454e-01
3.884125417612169229e-01
3.891067433388564756e-01
3.897985084109009124e-01
3.904196738242730613e-01
3.909097192255832631e-01
3.912215788553519147e-01
3.913259005065095608e-01
3.912134703133001157e-01
3.908957370116754038e-01
3.904035257247093216e-01
3.897841272955731573e-01
3.890970065377228337e-01
3.884084227888894292e-01
3.877853240907039312e-01
3.872889692820605800e-01
3.869688340765380929e-01
3.868574316189306028e-01
3.869666803960100654e-01
3.872863469106629375e-01
3.877848676543822481e-01
3.884125417612219744e-01
3.891067433388462060e-01
3.897985084108564480e-01
3.904196738242460274e-01
3.909097192255753805e-01
3.912215788553362050e-01
3.913259005064980145e-01
3.912134703132913449e-01
3.908957370116716290e-01
3.904035257247187030e-01
3.897841272955794301e-01
3.890970065377176157e-01
3.884084227889116891e-01
3.877853240907057075e-01
3.872889692820625229e-01
3.869688340765225498e-01
3.868574316189270501e-01
3.869666803960025159e-01
3.872863469106466727e-01
3.877848676543728668e-01
3.884125417611942188e-01
3.891067433388222807e-01
3.897985084108416265e-01
3.904196738242390885e-01
3.909097192255570619e-01
3.912215788553097817e-01
3.913259005064813612e-01
3.912134703132880142e-01
3.908957370116626917e-01
3.904035257247359669e-01
3.897841272955783753e-01
3.890970065377254983e-01
3.884084227889109120e-01
3.877853240907243593e-01
3.872889692820873919e-01
3.869688340765375378e-01
3.868574316189299367e-01
3.869666803960011836e-01
3.872863469106495593e-01
3.877848676543537154e-01
3.884125417611933306e-01
3.891067433388438190e-01
3.897985084108687159e-01
3.904196738242483589e-01
3.909097192255787112e-01
3.912215788553485840e-01
3.913259005065075069e-01
3.912134703132893465e-01
3.908957370116720731e-01
3.904035257247192026e-01
3.897841272955832603e-01
3.890970065377393206e-01
3.884084227888968122e-01
3.877853240907197518e-01
3.872889692820755125e-01
3.869688340765441437e-01
3.868574316189448137e-01
3.869666803960347123e-01
3.872863469106767598e-01
3.877848676543877438e-01
3.884125417612311337e-01
3.891067433388464281e-01
3.897985084108733234e-01
