4.809495872383751647e-01
5.078799728554826975e-01
5.192178043083374162e-01
5.166458023302796798e-01
5.029137423803281548e-01
4.807600274295453224e-01
4.523685647029883072e-01
4.193205030795656985e-01
3.828722513447710973e-01
3.443968722483730649e-01
3.058646704669532035e-01
2.702385262367135721e-01
2.416051622559925449e-01
2.248080120046397068e-01
2.244083249510899769e-01
2.430916380602134164e-01
2.801034813552865099e-01
3.306079454060989464e-01
3.866001500130243351e-01
4.391544393663557866e-01
4.809495872383813264e-01
5.078799728554680426e-01
5.192178043083284233e-01
5.166458023303014402e-01
5.029137423803414775e-01
4.807600274295590337e-01
4.523685647030167289e-01
4.193205030795886246e-01
3.828722513447826437e-01
3.443968722483752853e-01
3.058646704669606420e-01
2.702385262367099084e-01
2.416051622559985401e-01
2.248080120046428154e-01
2.244083249510853972e-01
2.430916380602160254e-01
2.801034813552803482e-01
3.306079454060919520e-01
3.866001500130327728e-01
4.391544393663656676e-01
4.809495872383910964e-01
5.078799728554969084e-01
5.192178043083723882e-01
5.166458023303226454e-01
5.029137423803682339e-01
4.807600274295701359e-01
4.523685647030186163e-01
4.193205030796094412e-01
3.828722513448097331e-01
3.443968722484050393e-01
3.058646704669826799e-01
2.702385262367424934e-01
2.416051622560197731e-01
2.248080120046662134e-01
2.244083249511026057e-01
2.430916380602239635e-01
2.801034813552859548e-01
3.306079454060985023e-01
3.866001500130202828e-01
4.391544393663561752e-01
4.809495872383770521e-01
5.078799728554835857e-01
5.192178043083499617e-01
5.166458023302903380e-01
5.029137423803423657e-01
4.807600274295758536e-01
4.523685647030336043e-01
4.193205030796144928e-01
3.828722513448167830e-01
3.443968722484146983e-01
3.058646704669938932e-01
2.702385262367524299e-01
2.416051622560246304e-01
2.248080120046621888e-01
2.244083249510979705e-01
2.430916380602068105e-01
2.801034813552640279e-01
3.306079454060675826e-01
3.866001500130173407e-01
4.391544393663550649e-01
4.809495872384152992e-01
5.078799728555154491e-01
5.192178043083685024e-01
5.166458023303246438e-01
5.029137423803758944e-01
4.807600274295850684e-01
4.523685647030316614e-01
4.193205030795946753e-01
3.828722513447934128e-01
3.443968722483945477e-01
3.058646704669772953e-01
2.702385262367303365e-01
2.416051622560127232e-01
2.248080120046555830e-01
2.244083249510946676e-01
2.430916380602048399e-01
2.801034813552567004e-01
3.306079454060572576e-01
3.866001500130131219e-01
4.391544393663364687e-01
