4.628908622311306287e-01
4.888897165503673370e-01
5.030595855163240149e-01
5.052570415183232910e-01
4.966391494742283252e-01
4.790419744203044949e-01
4.544926722746365222e-01
4.249623114191018458e-01
3.923516848302107118e-01
3.586351724057785795e-01
3.260594395610209029e-01
2.972829230596961692e-01
2.753399355937242721e-01
2.633341897603207471e-01
2.638388439735055435e-01
2.781155660419306619e-01
3.054209575498408324e-01
3.427420194436276990e-01
3.851933752835711711e-01
4.270255916683817210e-01
4.628908622311080356e-01
4.888897165503519604e-01
5.030595855163032537e-01
5.052570415183199604e-01
4.966391494742141699e-01
4.790419744202971120e-01
4.544926722746480685e-01
4.249623114191191098e-01
3.923516848302303073e-01
3.586351724058057799e-01
3.260594395610385554e-01
2.972829230597042738e-01
2.753399355937383719e-01
2.633341897603384552e-01
2.638388439735172564e-01
2.781155660419297737e-01
3.054209575498421092e-01
3.427420194436392453e-01
3.851933752835725588e-01
4.270255916683815545e-01
4.628908622310944909e-01
4.888897165503290898e-01
5.030595855162869334e-01
5.052570415182940922e-01
4.966391494742230517e-01
4.790419744203002761e-01
4.544926722746429615e-01
4.249623114191127815e-01
3.923516848302197602e-01
3.586351724057975088e-01
3.260594395610399987e-01
2.972829230597056061e-01
2.753399355937407034e-01
2.633341897603301840e-01
2.638388439735103175e-01
2.781155660419207809e-01
3.054209575498247897e-01
3.427420194436113787e-01
3.851933752835474123e-01
4.270255916683701747e-01
4.628908622310872745e-01
4.888897165503325870e-01
5.030595855162940389e-01
5.052570415183140762e-01
4.966391494742217194e-01
4.790419744203159857e-01
4.544926722746607806e-01
4.249623114191312667e-01
3.923516848302484039e-01
3.586351724058188806e-01
3.260594395610555418e-01
2.972829230597174299e-01
2.753399355937472537e-01
2.633341897603464488e-01
2.638388439735132596e-01
2.781155660419217246e-01
3.054209575498225693e-01
3.427420194436129330e-01
3.851933752835527414e-01
4.270255916683659558e-01
4.628908622310896614e-01
4.888897165503339748e-01
5.030595855162954821e-01
5.052570415183070818e-01
4.966391494742260493e-01
4.790419744203117669e-01
4.544926722746674419e-01
4.249623114191341533e-01
3.923516848302492921e-01
3.586351724058104984e-01
3.260594395610506013e-01
2.972829230597153760e-01
2.753399355937410364e-01
2.633341897603306281e-01
2.638388439734989932e-01
2.781155660419015185e-01
3.054209575498075258e-01
3.427420194435900069e-01
3.851933752835182689e-01
4.270255916683325381e-01
