4.315872640399750493e-01
4.487233508929414638e-01
4.585544459772781245e-01
4.606813507062703095e-01
4.555282898811744974e-01
4.440654752594501153e-01
4.275601313540777770e-01
4.074195632930395217e-01
3.851368817601525940e-01
3.623103385668187126e-01
3.406846021560603899e-01
3.221537055162162488e-01
3.086699551905581762e-01
3.020253798229156073e-01
3.035175535144932213e-01
3.135746106724516258e-01
3.314700858446671949e-01
3.552680321591447088e-01
3.820759818322429502e-01
4.085633846614182829e-01
4.315872640399696092e-01
4.487233508929514003e-01
4.585544459772563641e-01
4.606813507062653690e-01
4.555282898811747194e-01
4.440654752594633825e-01
4.275601313540944304e-01
4.074195632930618927e-01
3.851368817601719674e-01
3.623103385668325349e-01
3.406846021560557269e-01
3.221537055162236318e-01
3.086699551905525141e-01
3.020253798228944575e-01
3.035175535144690184e-01
3.135746106724232041e-01
3.314700858446324450e-01
3.552680321591158430e-01
3.820759818322289059e-01
4.085633846614105669e-01
4.315872640399602833e-01
4.487233508929309722e-01
4.585544459772500359e-01
4.606813507062573199e-01
4.555282898811764403e-01
4.440654752594660470e-01
4.275601313541001480e-01
4.074195632930598387e-01
3.851368817601720784e-01
3.623103385668353660e-01
3.406846021560657745e-01
3.221537055162193020e-01
3.086699551905591199e-01
3.020253798229167175e-01
3.035175535144954417e-01
3.135746106724607296e-01
3.314700858446619769e-01
3.552680321591429879e-01
3.820759818322382873e-01
4.085633846614169506e-01
4.315872640399895377e-01
4.487233508929723835e-01
4.585544459772818993e-01
4.606813507062684221e-01
4.555282898811733316e-01
4.440654752594542232e-01
4.275601313540846604e-01
4.074195632930638911e-01
3.851368817601624750e-01
3.623103385668309251e-01
3.406846021560712701e-01
3.221537055162205232e-01
3.086699551905547345e-01
3.020253798229172726e-01
3.035175535144906123e-01
3.135746106724414117e-01
3.314700858446403831e-01
3.552680321591211166e-01
3.820759818322355117e-01
4.085633846614360465e-01
4.315872640399996407e-01
4.487233508929684422e-01
4.585544459772862846e-01
4.606813507062726964e-01
4.555282898811782721e-01
4.440654752594678789e-01
4.275601313540993709e-01
4.074195632930616151e-01
3.851368817601728556e-01
3.623103385668412502e-01
3.406846021560676063e-01
3.221537055162196905e-01
3.086699551905540684e-01
3.020253798229149411e-01
3.035175535144892800e-01
3.135746106724365267e-01
3.314700858446333331e-01
3.552680321591138446e-01
3.820759818322207457e-01
4.085633846613950237e-01
