4.047448173084569056e-01
4.118461190980115538e-01
4.165419289747105958e-01
4.186426542363289593e-01
4.181188815899877786e-01
4.150579754443148306e-01
4.096527699729817229e-01
4.022175591247360016e-01
3.932212294129102670e-01
3.833226742581254953e-01
3.733869840366980108e-01
3.644544724490273446e-01
3.576359758690850210e-01
3.539273162246709403e-01
3.539767819920326963e-01
3.578856754345268731e-01
3.651371725351288400e-01
3.747041923162039434e-01
3.852990124658557947e-01
3.956569155716984643e-01
4.047448173084760015e-01
4.118461190980239883e-01
4.165419289747230858e-01
4.186426542363331227e-01
4.181188815899646860e-01
4.150579754442667024e-01
4.096527699729664018e-01
4.022175591247120208e-01
3.932212294129049934e-01
3.833226742581333779e-01
3.733869840367071147e-01
3.644544724490730303e-01
3.576359758691263768e-01
3.539273162247097426e-01
3.539767819920653924e-01
3.578856754345217661e-01
3.651371725351258424e-01
3.747041923161844035e-01
3.852990124658618454e-01
3.956569155716706532e-01
4.047448173084486345e-01
4.118461190979960662e-01
4.165419289747485099e-01
4.186426542363450576e-01
4.181188815899561373e-01
4.150579754442614844e-01
4.096527699729529126e-01
4.022175591246910931e-01
3.932212294129044383e-01
3.833226742581402058e-01
3.733869840367171067e-01
3.644544724490997867e-01
3.576359758691277646e-01
3.539273162246820426e-01
3.539767819920429659e-01
3.578856754345278168e-01
3.651371725351142961e-01
3.747041923162043875e-01
3.852990124658647875e-01
3.956569155716648800e-01
4.047448173084545742e-01
4.118461190979900710e-01
4.165419289747163134e-01
4.186426542363090864e-01
4.181188815899678501e-01
4.150579754442972891e-01
4.096527699729896055e-01
4.022175591246928694e-01
3.932212294128983321e-01
3.833226742581532509e-01
3.733869840367208814e-01
3.644544724490915710e-01
3.576359758691279866e-01
3.539273162246857063e-01
3.539767819920240921e-01
3.578856754344931224e-01
3.651371725351212350e-01
3.747041923162029442e-01
3.852990124658536852e-01
3.956569155717060138e-01
4.047448173084729484e-01
4.118461190979882947e-01
4.165419289747131493e-01
4.186426542363246850e-01
4.181188815899717914e-01
4.150579754442622060e-01
4.096527699729468064e-01
4.022175591247215687e-01
3.932212294129148744e-01
3.833226742581470337e-01
3.733869840366914050e-01
3.644544724490837440e-01
3.576359758691251001e-01
3.539273162247020266e-01
3.539767819920502379e-01
3.578856754345183799e-01
3.651371725351207354e-01
3.747041923161810173e-01
3.852990124658545734e-01
3.956569155717004627e-01
