4.451411363880556915e-01
4.737612594600943972e-01
4.922706208549481599e-01
4.993844248602209990e-01
4.951653355881363017e-01
4.807221371867847481e-01
4.578523893449856219e-01
4.287447045418051328e-01
3.957965935899038779e-01
3.615436429987003430e-01
3.286513642851407457e-01
2.998970886126519075e-01
2.780667321782362422e-01
2.657131067485843379e-01
2.647720265259657646e-01
2.761043803401674324e-01
2.991029757177411375e-01
3.315326382850763975e-01
3.697264830831466509e-01
4.091422745221939827e-01
4.451411363882189498e-01
4.737612594602558236e-01
4.922706208550903240e-01
4.993844248603636071e-01
4.951653355882498775e-01
4.807221371868863891e-01
4.578523893450629489e-01
4.287447045418660285e-01
3.957965935899516174e-01
3.615436429987304301e-01
3.286513642851616179e-01
2.998970886126737789e-01
2.780667321782523960e-01
2.657131067485979381e-01
2.647720265259784211e-01
2.761043803401745933e-01
2.991029757177540160e-01
3.315326382850891651e-01
3.697264830831556992e-01
4.091422745222058066e-01
4.451411363882349925e-01
4.737612594602626515e-01
4.922706208550979290e-01
4.993844248603684921e-01
4.951653355882601470e-01
4.807221371869007109e-01
4.578523893450695548e-01
4.287447045418650848e-01
3.957965935899641075e-01
3.615436429987424760e-01
3.286513642851699446e-01
2.998970886126694491e-01
2.780667321782501755e-01
2.657131067485929976e-01
2.647720265259731476e-01
2.761043803401727614e-01
2.991029757177577908e-01
3.315326382850909970e-01
3.697264830831564764e-01
4.091422745222024759e-01
4.451411363882212813e-01
4.737612594602527150e-01
4.922706208550763907e-01
4.993844248603438452e-01
4.951653355882354446e-01
4.807221371868725113e-01
4.578523893450510140e-01
4.287447045418484315e-01
3.957965935899436238e-01
3.615436429987278211e-01
3.286513642851590644e-01
2.998970886126665625e-01
2.780667321782447354e-01
2.657131067485915543e-01
2.647720265259738692e-01
2.761043803401752039e-01
2.991029757177589565e-01
3.315326382850906084e-01
3.697264830831642479e-01
4.091422745222113022e-01
4.451411363882306627e-01
4.737612594602684246e-01
4.922706208551049234e-01
4.993844248603788172e-01
4.951653355882557617e-01
4.807221371869162541e-01
4.578523893450773263e-01
4.287447045418693037e-01
3.957965935899568355e-01
3.615436429987308187e-01
3.286513642851655037e-01
2.998970886126691160e-01
2.780667321782503421e-01
2.657131067485977161e-01
2.647720265259813077e-01
2.761043803401911911e-01
2.991029757177754989e-01
3.315326382851124798e-01
3.697264830831826221e-01
4.091422745222291213e-01
