3.853964005206758081e-01
3.862472307931563709e-01
3.868446213392990884e-01
3.871305122099727436e-01
3.870775738515795372e-01
3.866916317731171615e-01
3.860108509202831995e-01
3.851018529743516772e-01
3.840532021718464639e-01
3.829668942298680712e-01
3.819486212642557721e-01
3.810976710802913558e-01
3.804973563598154085e-01
3.802068539867272667e-01
3.802552549495448742e-01
3.806384668691031870e-01
3.813193676292954692e-01
3.822312897503210016e-01
3.832845520598461841e-01
3.843753973994576412e-01
3.853964005206773624e-01
3.862472307931558158e-01
3.868446213393020305e-01
3.871305122099860108e-01
3.870775738515905284e-01
3.866916317731206587e-01
3.860108509202738736e-01
3.851018529743460705e-01
3.840532021718406908e-01
3.829668942298605216e-01
3.819486212642528300e-01
3.810976710803004597e-01
3.804973563598233466e-01
3.802068539867273778e-01
3.802552549495424317e-01
3.806384668691018547e-01
3.813193676292962464e-01
3.822312897503226115e-01
3.832845520598495148e-01
3.843753973994591955e-01
3.853964005206849119e-01
3.862472307931624216e-01
3.868446213393110789e-01
3.871305122099871210e-01
3.870775738515893627e-01
3.866916317731243780e-01
3.860108509202903049e-01
3.851018529743599483e-01
3.840532021718507938e-01
3.829668942298646850e-01
3.819486212642558276e-01
3.810976710802883027e-01
3.804973563598050834e-01
3.802068539867194397e-01
3.802552549495339385e-01
3.806384668690949158e-01
3.813193676292956913e-01
3.822312897503157281e-01
3.832845520598452405e-01
3.843753973994583073e-01
3.853964005206812482e-01
3.862472307931671955e-01
3.868446213393156308e-01
3.871305122100016649e-01
3.870775738516009090e-01
3.866916317731313169e-01
3.860108509202961891e-01
3.851018529743747143e-01
3.840532021718680022e-01
3.829668942298964929e-01
3.819486212642833056e-01
3.810976710803296030e-01
3.804973563598497699e-01
3.802068539867540786e-01
3.802552549495755163e-01
3.806384668691247808e-01
3.813193676293183954e-01
3.822312897503409301e-01
3.832845520598732736e-01
3.843753973994869511e-01
3.853964005207035082e-01
3.862472307931790194e-01
3.868446213393220146e-01
3.871305122100000551e-01
3.870775738516020748e-01
3.866916317731303732e-01
3.860108509202963001e-01
3.851018529743729935e-01
3.840532021718626732e-01
3.829668942298712353e-01
3.819486212642607126e-01
3.810976710802989609e-01
3.804973563598177400e-01
3.802068539867316521e-01
3.802552549495449852e-01
3.806384668691132345e-01
3.813193676293039069e-01
3.822312897503239992e-01
3.832845520598547329e-01
3.843753973994756268e-01
