4.545149069354976756e-01
5.062031700466472772e-01
5.450528456455516757e-01
5.674206666059737891e-01
5.715232922047728259e-01
5.574523908490914836e-01
5.269786918490725336e-01
4.832343388698129849e-01
4.303548972748774126e-01
3.731311999837312876e-01
3.166829122495594673e-01
2.661351133904512611e-01
2.262667794711152314e-01
2.011105686492715428e-01
1.935148882624912192e-01
2.047223134328561844e-01
2.340562495343017912e-01
2.788205498852458497e-01
3.344905474478416241e-01
3.952096623177348556e-01
4.545232184693890343e-01
5.062121297668733533e-01
5.450621809464445411e-01
5.674300679450515750e-01
5.715324500030789512e-01
5.574610271952887830e-01
5.269865840584051497e-01
4.832413340503927124e-01
4.303609186441368362e-01
3.731362464796076361e-01
3.166870530372211667e-01
2.661384784373688195e-01
2.262695468021240774e-01
2.011129485289495922e-01
1.935171046074626588e-01
2.047245832799627352e-01
2.340587622198821993e-01
2.788234483802995434e-01
3.344939146301786348e-01
3.952135145469798938e-01
4.545275076488970445e-01
5.062167534439084848e-01
5.450669984424301173e-01
5.674349195201380258e-01
5.715371758985793305e-01
5.574654839946395768e-01
5.269906568448095019e-01
4.832449439237723743e-01
4.303640259807268165e-01
3.731388507313332381e-01
3.166891898968736130e-01
2.661402149748497425e-01
2.262709748874191518e-01
2.011141766694098387e-01
1.935182483555995814e-01
2.047257546379622484e-01
2.340600588950401961e-01
2.788249441530136763e-01
3.344956522696718171e-01
3.952155024956561791e-01
4.545297210864073234e-01
5.062191394993645899e-01
5.450694845184441695e-01
5.674374231827152837e-01
5.715396147040132657e-01
5.574677839325978823e-01
5.269927586123160923e-01
4.832468068043145881e-01
4.303656295264096654e-01
3.731401946593192465e-01
3.166902926264746343e-01
2.661411111175994160e-01
2.262717118529587457e-01
2.011148104531239045e-01
1.935188385885303897e-01
2.047263591190073562e-01
2.340607280461974304e-01
2.788257160487670472e-01
3.344965489811389525e-01
3.952165283795494033e-01
4.545308633341550442e-01
5.062203708268553370e-01
5.450707674616894760e-01
5.674387152015324398e-01
5.715408732531992442e-01
5.574689708190141424e-01
5.269938432325647071e-01
4.832477681465864872e-01
4.303664570385366539e-01
3.731408881953451329e-01
3.166908616917194497e-01
2.661415735733949628e-01
2.262720921651217298e-01
2.011151375181540746e-01
1.935191431791195571e-01
2.047266710623625863e-01
2.340610733626631856e-01
2.788261143867384328e-01
3.344970117304473800e-01
3.952170577884867586e-01
