4.146573191333854935e-01
4.249985235645676873e-01
4.308603382545309057e-01
4.319755547221271197e-01
4.285507376664824952e-01
4.211301146676708074e-01
4.104736055257705574e-01
3.974781588809379596e-01
3.831451908183053923e-01
3.685768716694634017e-01
3.549726999852915177e-01
3.435949952260712315e-01
3.356781179217527833e-01
3.322730932774590751e-01
3.340467556490991363e-01
3.410859495537038599e-01
3.527779179228843209e-01
3.678307228447550981e-01
3.844559589824462220e-01
4.006746574532767391e-01
4.146573191333733921e-01
4.249985235645470927e-01
4.308603382545144189e-01
4.319755547221170167e-01
4.285507376664636214e-01
4.211301146676488805e-01
4.104736055257487970e-01
3.974781588809268573e-01
3.831451908182913479e-01
3.685768716694510228e-01
3.549726999852890752e-01
3.435949952260582418e-01
3.356781179217492861e-01
3.322730932774555779e-01
3.340467556491000800e-01
3.410859495536959218e-01
3.527779179228980322e-01
3.678307228447673105e-01
3.844559589824567136e-01
4.006746574532751293e-01
4.146573191333822184e-01
4.249985235645558634e-01
4.308603382545184712e-01
4.319755547221187375e-01
4.285507376664684509e-01
4.211301146676770246e-01
4.104736055257582894e-01
3.974781588809325195e-01
3.831451908182931798e-01
3.685768716694508007e-01
3.549726999852948484e-01
3.435949952260704543e-01
3.356781179217644406e-01
3.322730932774588530e-01
3.340467556490996359e-01
3.410859495536938679e-01
3.527779179228930917e-01
3.678307228447705857e-01
3.844559589824691481e-01
4.006746574532943916e-01
4.146573191334054775e-01
4.249985235645661330e-01
4.308603382545298510e-01
4.319755547221189040e-01
4.285507376664909329e-01
4.211301146676785234e-01
4.104736055257672822e-01
3.974781588809496169e-01
3.831451908183216570e-01
3.685768716694743374e-01
3.549726999853130560e-01
3.435949952260761164e-01
3.356781179217580569e-01
3.322730932774591861e-01
3.340467556490966938e-01
3.410859495536940900e-01
3.527779179228970885e-01
3.678307228447567634e-01
3.844559589824641521e-01
4.006746574532991101e-01
4.146573191333876029e-01
4.249985235645662995e-01
4.308603382545182492e-01
4.319755547221021952e-01
4.285507376664630663e-01
4.211301146676610929e-01
4.104736055257618421e-01
3.974781588809348509e-01
3.831451908183127752e-01
3.685768716694766689e-01
3.549726999853116127e-01
3.435949952260764495e-01
3.356781179217577238e-01
3.322730932774589085e-01
3.340467556490954171e-01
3.410859495536850972e-01
3.527779179228719419e-01
3.678307228447357802e-01
3.844559589824406709e-01
4.006746574532688565e-01
