2.070425378974424024e+00
2.071782023245610116e+00
2.072929326616152146e+00
2.073757643736845679e+00
2.074188510134459040e+00
2.074181337998667107e+00
2.073736794321400456e+00
2.072896748308174608e+00
2.071740788913673637e+00
2.070379428406855293e+00
2.068944289209567078e+00
2.067575854489764886e+00
2.066409731491182455e+00
2.065562753822052233e+00
2.065120513922328538e+00
2.065127944260593207e+00
2.065584279175701532e+00
2.066443145215488553e+00
2.067617764615463649e+00
2.068990497890352387e+00
2.070425378974437791e+00
2.071782023245607895e+00
2.072929326616125945e+00
2.073757643736814149e+00
2.074188510134453267e+00
2.074181337998664443e+00
2.073736794321397348e+00
2.072896748308183934e+00
2.071740788913696729e+00
2.070379428406886380e+00
2.068944289209588838e+00
2.067575854489762222e+00
2.066409731491177570e+00
2.065562753822034470e+00
2.065120513922305001e+00
2.065127944260596760e+00
2.065584279175719296e+00
2.066443145215492549e+00
2.067617764615479192e+00
2.068990497890367486e+00
2.070425378974433794e+00
2.071782023245595461e+00
2.072929326616138823e+00
2.073757643736855449e+00
2.074188510134497676e+00
2.074181337998682206e+00
2.073736794321375587e+00
2.072896748308167059e+00
2.071740788913689624e+00
2.070379428406885047e+00
2.068944289209589726e+00
2.067575854489765774e+00
2.066409731491196666e+00
2.065562753822085096e+00
2.065120513922318324e+00
2.065127944260592763e+00
2.065584279175703752e+00
2.066443145215476118e+00
2.067617764615473863e+00
2.068990497890339952e+00
2.070425378974431130e+00
2.071782023245603011e+00
2.072929326616132606e+00
2.073757643736836798e+00
2.074188510134450159e+00
2.074181337998657337e+00
2.073736794321404009e+00
2.072896748308164838e+00
2.071740788913698506e+00
2.070379428406891265e+00
2.068944289209590615e+00
2.067575854489768883e+00
2.066409731491207769e+00
2.065562753822038022e+00
2.065120513922303225e+00
2.065127944260595427e+00
2.065584279175731730e+00
2.066443145215477450e+00
2.067617764615484521e+00
2.068990497890364377e+00
2.070425378974432462e+00
2.071782023245611004e+00
2.072929326616141932e+00
2.073757643736846124e+00
2.074188510134460373e+00
2.074181337998677765e+00
2.073736794321402233e+00
2.072896748308179937e+00
2.071740788913676301e+00
2.070379428406889044e+00
2.068944289209583509e+00
2.067575854489761333e+00
2.066409731491188673e+00
2.065562753822066888e+00
2.065120513922316547e+00
2.065127944260584769e+00
2.065584279175725069e+00
2.066443145215484112e+00
2.067617764615459652e+00
2.068990497890326186e+00
