2.062298437561821185e+00
2.064348880387116836e+00
2.066712579727183030e+00
2.069163096746656549e+00
2.071477725180092655e+00
2.073452766321323804e+00
2.074915264476970389e+00
2.075732757147791485e+00
2.075822353398060649e+00
2.075159570161021705e+00
2.073786058812769451e+00
2.071813954062407426e+00
2.069423575659333103e+00
2.066851292162654286e+00
2.064366088997881654e+00
2.062236702706765623e+00
2.060694977613959367e+00
2.059903495044107746e+00
2.059934977631589170e+00
2.060767455760807998e+00
2.062294370316920755e+00
2.064344950654152022e+00
2.066708783049118647e+00
2.069159428692726621e+00
2.071474181356071753e+00
2.073449342386096017e+00
2.074911956162473814e+00
2.075729560280571206e+00
2.075819263921501623e+00
2.075156584157835216e+00
2.073783172526940000e+00
2.071811163919135002e+00
2.069420878280658460e+00
2.066848684375722556e+00
2.064363567832952384e+00
2.062234265383363851e+00
2.060692621515944900e+00
2.059901217686908925e+00
2.059932776626755668e+00
2.060765328783373818e+00
2.062292315079812699e+00
2.064342964891695331e+00
2.066706864509504360e+00
2.069157575137890781e+00
2.071472390566763799e+00
2.073447612170166821e+00
2.074910284364828161e+00
2.075727944793945845e+00
2.075817702697617229e+00
2.075155075218669154e+00
2.073781713975726859e+00
2.071809753950423438e+00
2.069419515188135605e+00
2.066847366556389787e+00
2.064362293786148328e+00
2.062233033703818830e+00
2.060691430881268715e+00
2.059900066841102273e+00
2.059931664362410597e+00
2.060764253925250866e+00
2.062291276471958312e+00
2.064341961389113855e+00
2.066705894974365076e+00
2.069156638439446194e+00
2.071471485583883165e+00
2.073446737795484385e+00
2.074909439509745823e+00
2.075727128394039944e+00
2.075816913718260714e+00
2.075154312660693723e+00
2.073780976880970517e+00
2.071809041406765584e+00
2.069418826333487171e+00
2.066846700580762253e+00
2.064361649931180320e+00
2.062232411259293574e+00
2.060690829178789762e+00
2.059899485245811679e+00
2.059931102264006775e+00
2.060763710729707654e+00
2.062290751595035498e+00
2.064341454252161423e+00
2.066705405002398521e+00
2.069156165061095898e+00
2.071471028232676037e+00
2.073446295911914206e+00
2.074909012543815656e+00
2.075726715807967970e+00
2.075816514989318406e+00
2.075153927284052013e+00
2.073780604372511327e+00
2.071808681305619793e+00
2.069418478204028577e+00
2.066846364013680049e+00
2.064361324543226850e+00
2.062232096691524852e+00
2.060690525093392456e+00
2.059899191321902023e+00
2.059930818193114188e+00
2.060763436211603405e+00
