2.130889110480917115e+00
2.180475766585717512e+00
2.214283451119171353e+00
2.234072851221098777e+00
2.241057382683565358e+00
2.235698440089807004e+00
2.217661184057197588e+00
2.185850939597163034e+00
2.138587593565330458e+00
2.074140327262839367e+00
1.992075242490064291e+00
1.896005845207479945e+00
1.797610109978833082e+00
1.718813172217903418e+00
1.685379281847414257e+00
1.710607694498642140e+00
1.784395189470056264e+00
1.881688683625633685e+00
1.979251444827700990e+00
2.063838330787155506e+00
2.130889110480929549e+00
2.180475766585749486e+00
2.214283451119166468e+00
2.234072851221084566e+00
2.241057382683575572e+00
2.235698440089808336e+00
2.217661184057211798e+00
2.185850939597139941e+00
2.138587593565303813e+00
2.074140327262869565e+00
1.992075242490071174e+00
1.896005845207500151e+00
1.797610109978837523e+00
1.718813172217875662e+00
1.685379281847428912e+00
1.710607694498655240e+00
1.784395189470059151e+00
1.881688683625619474e+00
1.979251444827687889e+00
2.063838330787177267e+00
2.130889110480896242e+00
2.180475766585741493e+00
2.214283451119181567e+00
2.234072851221097000e+00
2.241057382683565358e+00
2.235698440089783912e+00
2.217661184057211354e+00
2.185850939597157261e+00
2.138587593565324685e+00
2.074140327262837147e+00
1.992075242490064735e+00
1.896005845207490159e+00
1.797610109978794668e+00
1.718813172217871887e+00
1.685379281847474209e+00
1.710607694498656350e+00
1.784395189470087129e+00
1.881688683625634795e+00
1.979251444827668349e+00
2.063838330787138187e+00
2.130889110480909121e+00
2.180475766585738384e+00
2.214283451119177570e+00
2.234072851221087674e+00
2.241057382683575572e+00
2.235698440089808336e+00
2.217661184057213131e+00
2.185850939597143938e+00
2.138587593565308254e+00
2.074140327262844252e+00
1.992075242490074061e+00
1.896005845207485496e+00
1.797610109978817761e+00
1.718813172217871887e+00
1.685379281847474209e+00
1.710607694498658793e+00
1.784395189470059151e+00
1.881688683625599490e+00
1.979251444827660356e+00
2.063838330787152842e+00
2.130889110480906012e+00
2.180475766585767250e+00
2.214283451119183344e+00
2.234072851221112543e+00
2.241057382683566690e+00
2.235698440089788352e+00
2.217661184057207802e+00
2.185850939597156373e+00
2.138587593565335343e+00
2.074140327262881112e+00
1.992075242490086051e+00
1.896005845207507479e+00
1.797610109978839743e+00
1.718813172217903640e+00
1.685379281847413591e+00
1.710607694498641917e+00
1.784395189470089793e+00
1.881688683625629910e+00
1.979251444827664352e+00
2.063838330787140851e+00
