2.124401200454188121e+00
2.175698568551911460e+00
2.211011490546169966e+00
2.232101450272505616e+00
2.240245801394198821e+00
2.235988591780175838e+00
2.219082253428944274e+00
2.188520577158922897e+00
2.142706391004365329e+00
2.079958829539567233e+00
1.999782640921372145e+00
1.905453700329333699e+00
1.807826323429329252e+00
1.727596169302719753e+00
1.689831423167228897e+00
1.708993089855128433e+00
1.777570636876891097e+00
1.872268391988750835e+00
1.969718869289214691e+00
2.055599070225321512e+00
2.124401200454170802e+00
2.175698568551911904e+00
2.211011490546181957e+00
2.232101450272499843e+00
2.240245801394183722e+00
2.235988591780156742e+00
2.219082253428928730e+00
2.188520577158934444e+00
2.142706391004368438e+00
2.079958829539570786e+00
1.999782640921371701e+00
1.905453700329375888e+00
1.807826323429310378e+00
1.727596169302790585e+00
1.689831423167280189e+00
1.708993089855118441e+00
1.777570636876865562e+00
1.872268391988715530e+00
1.969718869289189156e+00
2.055599070225287761e+00
2.124401200454169913e+00
2.175698568551842182e+00
2.211011490546146874e+00
2.232101450272503396e+00
2.240245801394198821e+00
2.235988591780204704e+00
2.219082253428948270e+00
2.188520577158943770e+00
2.142706391004383981e+00
2.079958829539592546e+00
1.999782640921396348e+00
1.905453700329353017e+00
1.807826323429386095e+00
1.727596169302756834e+00
1.689831423167239777e+00
1.708993089855084246e+00
1.777570636876842691e+00
1.872268391988697767e+00
1.969718869289168062e+00
2.055599070225260228e+00
2.124401200454163252e+00
2.175698568551911016e+00
2.211011490546169966e+00
2.232101450272482079e+00
2.240245801394171288e+00
2.235988591780171397e+00
2.219082253428945162e+00
2.188520577158949543e+00
2.142706391004402633e+00
2.079958829539640952e+00
1.999782640921405674e+00
1.905453700329365896e+00
1.807826323429410742e+00
1.727596169302795692e+00
1.689831423167269753e+00
1.708993089855080250e+00
1.777570636876804056e+00
1.872268391988643144e+00
1.969718869289162733e+00
2.055599070225267333e+00
2.124401200454133498e+00
2.175698568551891476e+00
2.211011490546150426e+00
2.232101450272478083e+00
2.240245801394171732e+00
2.235988591780174062e+00
2.219082253428950935e+00
2.188520577158954872e+00
2.142706391004383093e+00
2.079958829539646725e+00
1.999782640921434318e+00
1.905453700329406530e+00
1.807826323429397641e+00
1.727596169302803020e+00
1.689831423167273972e+00
1.708993089855109115e+00
1.777570636876787180e+00
1.872268391988651581e+00
1.969718869289154961e+00
2.055599070225241132e+00
