2.109509819821436594e+00
2.120454981095992508e+00
2.132076550541229576e+00
2.143383441565048564e+00
2.153563695686509849e+00
2.161960212204297349e+00
2.168034090170740669e+00
2.171337449187448421e+00
2.171510357414624615e+00
2.168313028791477581e+00
2.161700692792752676e+00
2.151937472254393136e+00
2.139720394949842674e+00
2.126248058497306914e+00
2.113146090805009703e+00
2.102197283362111424e+00
2.094932796112843665e+00
2.092254067546115426e+00
2.094262471954647875e+00
2.100351705176028094e+00
2.109471850024551287e+00
2.120418100708666209e+00
2.132040731460477456e+00
2.143348653011729610e+00
2.153529905093449326e+00
2.161927385943866575e+00
2.168002194094749147e+00
2.171306449025750318e+00
2.171480219116495913e+00
2.168283718912896951e+00
2.161672179036596031e+00
2.151909724243662225e+00
2.139693385227023459e+00
2.126221763579841717e+00
2.113120491937828582e+00
2.102172366537587322e+00
2.094908551124223806e+00
2.092230486264382794e+00
2.094239546391581275e+00
2.100329425940745676e+00
2.109450205501639530e+00
2.120397076929466884e+00
2.132020312426196718e+00
2.143328821200867651e+00
2.153510641966505545e+00
2.161908672356985139e+00
2.167984010606696543e+00
2.171288776124640663e+00
2.171463037414037789e+00
2.168267009364854836e+00
2.161655923250378031e+00
2.151893904918598110e+00
2.139677986723538261e+00
2.126206772520614852e+00
2.113105897636678776e+00
2.102158161011259629e+00
2.094894728553833740e+00
2.092217042014548944e+00
2.094226475907598140e+00
2.100316723869605440e+00
2.109437865223856789e+00
2.120385090485553459e+00
2.132008670700453301e+00
2.143317514210204777e+00
2.153499659147799949e+00
2.161898002802576269e+00
2.167973643239209824e+00
2.171278699826104663e+00
2.171453241136558798e+00
2.168257482256205293e+00
2.161646654829260328e+00
2.151884885325566099e+00
2.139669207045310273e+00
2.126198225132733821e+00
2.113097576447957149e+00
2.102150061470644982e+00
2.094886847343628844e+00
2.092209376491562800e+00
2.094219023474747310e+00
2.100309481475033380e+00
2.109430829094067761e+00
2.120378256083451873e+00
2.132002032830051963e+00
2.143311067181157714e+00
2.153493396939131443e+00
2.161891919196876177e+00
2.167967731922254337e+00
2.171272954460443660e+00
2.171447655424575629e+00
2.168252050011733267e+00
2.161641370077455715e+00
2.151879742445960364e+00
2.139664200956675533e+00
2.126193351488440353e+00
2.113092831775333025e+00
2.102145443174917805e+00
2.094882353533078501e+00
2.092205005658996253e+00
2.094214774139303348e+00
2.100305351896627482e+00
