2.085026642823128107e+00
2.101590169118376039e+00
2.114444978095284089e+00
2.122816662645370833e+00
2.126272298908109537e+00
2.124650619559440123e+00
2.118029801556765790e+00
2.106741482397240794e+00
2.091427231269914699e+00
2.073119643422893787e+00
2.053310444175439731e+00
2.033945418368153568e+00
2.017276390163467159e+00
2.005530711249960074e+00
2.000444524607855712e+00
2.002814809069306978e+00
2.012270814017427245e+00
2.027381048109069717e+00
2.046040362543055657e+00
2.065952924222180798e+00
2.085026642823144538e+00
2.101590169118399576e+00
2.114444978095296523e+00
2.122816662645404140e+00
2.126272298908097547e+00
2.124650619559439235e+00
2.118029801556766234e+00
2.106741482397247456e+00
2.091427231269952891e+00
2.073119643422876468e+00
2.053310444175467708e+00
2.033945418368151792e+00
2.017276390163471600e+00
2.005530711249956077e+00
2.000444524607812635e+00
2.002814809069290991e+00
2.012270814017443232e+00
2.027381048109060835e+00
2.046040362543056990e+00
2.065952924222203446e+00
2.085026642823144538e+00
2.101590169118384921e+00
2.114444978095256111e+00
2.122816662645392594e+00
2.126272298908105984e+00
2.124650619559434350e+00
2.118029801556782665e+00
2.106741482397253673e+00
2.091427231269980425e+00
2.073119643422896008e+00
2.053310444175460159e+00
2.033945418368184654e+00
2.017276390163471156e+00
2.005530711249933429e+00
2.000444524607852159e+00
2.002814809069270119e+00
2.012270814017437903e+00
2.027381048109078154e+00
2.046040362543056990e+00
2.065952924222180354e+00
2.085026642823134324e+00
2.101590169118396023e+00
2.114444978095287642e+00
2.122816662645400143e+00
2.126272298908101988e+00
2.124650619559433906e+00
2.118029801556776892e+00
2.106741482397251453e+00
2.091427231269928022e+00
2.073119643422882685e+00
2.053310444175438843e+00
2.033945418368181546e+00
2.017276390163473820e+00
2.005530711249936981e+00
2.000444524607844610e+00
2.002814809069273672e+00
2.012270814017433018e+00
2.027381048109062611e+00
2.046040362543041891e+00
2.065952924222178577e+00
2.085026642823144538e+00
2.101590169118378704e+00
2.114444978095293415e+00
2.122816662645387265e+00
2.126272298908131297e+00
2.124650619559442788e+00
2.118029801556772007e+00
2.106741482397268772e+00
2.091427231269929354e+00
2.073119643422893343e+00
2.053310444175463712e+00
2.033945418368204638e+00
2.017276390163481814e+00
2.005530711249964515e+00
2.000444524607845942e+00
2.002814809069270119e+00
2.012270814017440124e+00
2.027381048109068828e+00
2.046040362543045887e+00
2.065952924222163034e+00
