2.039208575818698410e+00
2.045349401780781839e+00
2.052136919692020722e+00
2.058963493976383674e+00
2.065301205318571309e+00
2.070702131961904335e+00
2.074787874988533343e+00
2.077241574354704134e+00
2.077811851330842785e+00
2.076335068672191753e+00
2.072778535907987774e+00
2.067299998744615230e+00
2.060306003723480828e+00
2.052476555174535644e+00
2.044717627938039683e+00
2.038022497145095979e+00
2.033269546776531378e+00
2.031030543843478142e+00
2.031468418581382718e+00
2.034356899445981970e+00
2.039192072939619571e+00
2.045333464443173987e+00
2.052121530239009672e+00
2.058948634006255052e+00
2.065286855976597113e+00
2.070688274200392254e+00
2.074774489774921626e+00
2.077228642836850714e+00
2.077799354984734670e+00
2.076322989463861735e+00
2.072766856499776988e+00
2.067288702762808406e+00
2.060295076074489362e+00
2.052465982351199258e+00
2.044707398213649441e+00
2.038012600545178188e+00
2.033259974776412626e+00
2.031021288847157713e+00
2.031459473330548438e+00
2.034348256523913268e+00
2.039183724470780668e+00
2.045325401997444725e+00
2.052113744885101454e+00
2.058941116440843988e+00
2.065279596670420048e+00
2.070681263528601157e+00
2.074767718121394822e+00
2.077222100677107886e+00
2.077793032960090880e+00
2.076316878462797444e+00
2.072760947761711048e+00
2.067282988012790312e+00
2.060289547682423450e+00
2.052460633486168806e+00
2.044702222941792602e+00
2.038007593815757357e+00
2.033255132269783605e+00
2.031016606712551020e+00
2.031454947888520657e+00
2.034343884016468706e+00
2.039179500909929832e+00
2.045321323116764844e+00
2.052109806166458661e+00
2.058937313179281858e+00
2.065275924047639045e+00
2.070677716678532398e+00
2.074764292182694980e+00
2.077218790834904016e+00
2.077789834483335873e+00
2.076313786745272338e+00
2.072757958374349396e+00
2.067280096771633602e+00
2.060286750728932414e+00
2.052457927365130441e+00
2.044699604650761060e+00
2.038005060798100843e+00
2.033252682338043904e+00
2.031014237916213272e+00
2.031452658363890329e+00
2.034341671860584899e+00
2.039177364104080681e+00
2.045319259501998665e+00
2.052107813457024310e+00
2.058935388995310589e+00
2.065274065952205973e+00
2.070675922210715392e+00
2.074762558884055696e+00
2.077217116270551944e+00
2.077788216260758158e+00
2.076312222535061203e+00
2.072756445936613012e+00
2.067278633990294878e+00
2.060285335652328520e+00
2.052456558245363993e+00
2.044698279968682808e+00
2.038003779259830228e+00
2.033251442836272904e+00
2.031013039463429593e+00
2.031451500016549172e+00
2.034340552655404810e+00
