2.144677572772188512e+00
2.152565001463935701e+00
2.160437925859977515e+00
2.167582937209302951e+00
2.173384587522011024e+00
2.177355434293768432e+00
2.179155946929140164e+00
2.178610702133057409e+00
2.175724461382324559e+00
2.170697521789563655e+00
2.163934891143397543e+00
2.156039541300894147e+00
2.147778300076527369e+00
2.140012378328356668e+00
2.133594387429408545e+00
2.129247711527832099e+00
2.127455759555632042e+00
2.128390364480726049e+00
2.131897520913829336e+00
2.137539761056987508e+00
2.144677572772187624e+00
2.152565001463937033e+00
2.160437925859977071e+00
2.167582937209307392e+00
2.173384587522012357e+00
2.177355434293773762e+00
2.179155946929145493e+00
2.178610702133064514e+00
2.175724461382333441e+00
2.170697521789565432e+00
2.163934891143390438e+00
2.156039541300891482e+00
2.147778300076525593e+00
2.140012378328356668e+00
2.133594387429409878e+00
2.129247711527831655e+00
2.127455759555632486e+00
2.128390364480730046e+00
2.131897520913839994e+00
2.137539761056995502e+00
2.144677572772179630e+00
2.152565001463935257e+00
2.160437925859981956e+00
2.167582937209309613e+00
2.173384587522018130e+00
2.177355434293778202e+00
2.179155946929154819e+00
2.178610702133075616e+00
2.175724461382332109e+00
2.170697521789563655e+00
2.163934891143397987e+00
2.156039541300891482e+00
2.147778300076523816e+00
2.140012378328357556e+00
2.133594387429410322e+00
2.129247711527831211e+00
2.127455759555626269e+00
2.128390364480726493e+00
2.131897520913835109e+00
2.137539761056998611e+00
2.144677572772184959e+00
2.152565001463940142e+00
2.160437925859985064e+00
2.167582937209312277e+00
2.173384587522021683e+00
2.177355434293776870e+00
2.179155946929149046e+00
2.178610702133061849e+00
2.175724461382323671e+00
2.170697521789559215e+00
2.163934891143393102e+00
2.156039541300883933e+00
2.147778300076517155e+00
2.140012378328347342e+00
2.133594387429398331e+00
2.129247711527820108e+00
2.127455759555617387e+00
2.128390364480713615e+00
2.131897520913826671e+00
2.137539761056993282e+00
2.144677572772184515e+00
2.152565001463943251e+00
2.160437925859988617e+00
2.167582937209324712e+00
2.173384587522034561e+00
2.177355434293794634e+00
2.179155946929160148e+00
2.178610702133074728e+00
2.175724461382341435e+00
2.170697521789571205e+00
2.163934891143408201e+00
2.156039541300904805e+00
2.147778300076534919e+00
2.140012378328369547e+00
2.133594387429416539e+00
2.129247711527836096e+00
2.127455759555636927e+00
2.128390364480736707e+00
2.131897520913836885e+00
2.137539761057002607e+00
