2.207180494358039979e+00
2.250650987601530595e+00
2.281354827037367805e+00
2.299728367591531875e+00
2.306243739832830375e+00
2.301105878231351376e+00
2.284161297874297336e+00
2.254968985359448563e+00
2.213070853153860096e+00
2.158581710139219290e+00
2.093254848918746358e+00
2.022017624193791718e+00
1.954337887524413730e+00
1.903700128182402862e+00
1.883324580567301787e+00
1.899329512046089796e+00
1.946880567938440443e+00
2.013272858531959031e+00
2.084734374746757712e+00
2.151187523673872004e+00
2.207180494358049749e+00
2.250650987601524378e+00
2.281354827037367805e+00
2.299728367591534983e+00
2.306243739832829043e+00
2.301105878231366031e+00
2.284161297874299112e+00
2.254968985359455225e+00
2.213070853153854767e+00
2.158581710139200638e+00
2.093254848918736144e+00
2.022017624193808594e+00
1.954337887524411954e+00
1.903700128182385987e+00
1.883324580567293571e+00
1.899329512046075141e+00
1.946880567938440221e+00
2.013272858531960363e+00
2.084734374746733288e+00
2.151187523673870228e+00
2.207180494358049305e+00
2.250650987601514608e+00
2.281354827037377575e+00
2.299728367591537204e+00
2.306243739832829931e+00
2.301105878231357149e+00
2.284161297874307106e+00
2.254968985359448119e+00
2.213070853153853434e+00
2.158581710139230392e+00
2.093254848918745026e+00
2.022017624193792162e+00
1.954337887524422390e+00
1.903700128182384654e+00
1.883324580567293127e+00
1.899329512046084911e+00
1.946880567938452877e+00
2.013272858531957699e+00
2.084734374746745722e+00
2.151187523673870228e+00
2.207180494358053302e+00
2.250650987601524378e+00
2.281354827037361588e+00
2.299728367591534983e+00
2.306243739832829043e+00
2.301105878231359370e+00
2.284161297874299557e+00
2.254968985359459221e+00
2.213070853153869866e+00
2.158581710139221066e+00
2.093254848918753019e+00
2.022017624193807261e+00
1.954337887524431716e+00
1.903700128182402640e+00
1.883324580567301787e+00
1.899329512046087354e+00
1.946880567938443773e+00
2.013272858531955478e+00
2.084734374746746166e+00
2.151187523673872004e+00
2.207180494358047973e+00
2.250650987601515496e+00
2.281354827037377575e+00
2.299728367591530986e+00
2.306243739832830375e+00
2.301105878231354485e+00
2.284161297874306662e+00
2.254968985359440126e+00
2.213070853153872530e+00
2.158581710139220178e+00
2.093254848918753019e+00
2.022017624193802821e+00
1.954337887524406403e+00
1.903700128182384654e+00
1.883324580567293571e+00
1.899329512046083135e+00
1.946880567938444440e+00
2.013272858531945264e+00
2.084734374746758601e+00
2.151187523673876001e+00
