2.068869220286890354e+00
2.070006332283334416e+00
2.071108284195831040e+00
2.072068265298709466e+00
2.072793837037209208e+00
2.073215400937249431e+00
2.073292473240304190e+00
2.073017352413992320e+00
2.072415930625607583e+00
2.071545549723941892e+00
2.070489967528390984e+00
2.069351709936849915e+00
2.068242346731803405e+00
2.067271519383101719e+00
2.066535809357433084e+00
2.066108687736776250e+00
2.066032761203772772e+00
2.066315293558063093e+00
2.066927561562875937e+00
2.067808080498092504e+00
2.068869220286900568e+00
2.070006332283352180e+00
2.071108284195849691e+00
2.072068265298711243e+00
2.072793837037201659e+00
2.073215400937256092e+00
2.073292473240298417e+00
2.073017352413981218e+00
2.072415930625597369e+00
2.071545549723943225e+00
2.070489967528379882e+00
2.069351709936833927e+00
2.068242346731806514e+00
2.067271519383102163e+00
2.066535809357435305e+00
2.066108687736783356e+00
2.066032761203762558e+00
2.066315293558067978e+00
2.066927561562875937e+00
2.067808080498091616e+00
2.068869220286898347e+00
2.070006332283341077e+00
2.071108284195836813e+00
2.072068265298689482e+00
2.072793837037191000e+00
2.073215400937233444e+00
2.073292473240273992e+00
2.073017352413964787e+00
2.072415930625587155e+00
2.071545549723928570e+00
2.070489967528373665e+00
2.069351709936829042e+00
2.068242346731802961e+00
2.067271519383096390e+00
2.066535809357421538e+00
2.066108687736775362e+00
2.066032761203760781e+00
2.066315293558063093e+00
2.066927561562865279e+00
2.067808080498095169e+00
2.068869220286898791e+00
2.070006332283327755e+00
2.071108284195815497e+00
2.072068265298695255e+00
2.072793837037206099e+00
2.073215400937241437e+00
2.073292473240287759e+00
2.073017352413977665e+00
2.072415930625584934e+00
2.071545549723930790e+00
2.070489967528363451e+00
2.069351709936815276e+00
2.068242346731789638e+00
2.067271519383088840e+00
2.066535809357426867e+00
2.066108687736785576e+00
2.066032761203766555e+00
2.066315293558044441e+00
2.066927561562850624e+00
2.067808080498069856e+00
2.068869220286887245e+00
2.070006332283329087e+00
2.071108284195817273e+00
2.072068265298696144e+00
2.072793837037206099e+00
2.073215400937249875e+00
2.073292473240286871e+00
2.073017352413975001e+00
2.072415930625592040e+00
2.071545549723929902e+00
2.070489967528359898e+00
2.069351709936813499e+00
2.068242346731778092e+00
2.067271519383078182e+00
2.066535809357411324e+00
2.066108687736776250e+00
2.066032761203767887e+00
2.066315293558063537e+00
2.066927561562862614e+00
2.067808080498083179e+00
