2.031130837916139242e+00
2.053496642364201819e+00
2.075421684583357074e+00
2.095149563512796576e+00
2.111307172125968190e+00
2.122857414619440330e+00
2.129041370342945161e+00
2.129343532324564858e+00
2.123503125480193265e+00
2.111586312172437641e+00
2.094120647671092517e+00
2.072264483224298015e+00
2.047936305494686415e+00
2.023781576597081688e+00
2.002860984164445135e+00
1.988058060186683740e+00
1.981394019923323979e+00
1.983552691707574978e+00
1.993826054613119014e+00
2.010451925606931312e+00
2.031130837916140131e+00
2.053496642364212033e+00
2.075421684583377058e+00
2.095149563512811675e+00
2.111307172125997056e+00
2.122857414619463867e+00
2.129041370342965589e+00
2.129343532324589283e+00
2.123503125480231901e+00
2.111586312172462954e+00
2.094120647671110280e+00
2.072264483224313114e+00
2.047936305494712617e+00
2.023781576597094567e+00
2.002860984164453573e+00
1.988058060186687515e+00
1.981394019923312433e+00
1.983552691707567872e+00
1.993826054613117682e+00
2.010451925606926427e+00
2.031130837916142795e+00
2.053496642364227132e+00
2.075421684583383275e+00
2.095149563512813007e+00
2.111307172126000165e+00
2.122857414619472749e+00
2.129041370342976247e+00
2.129343532324602606e+00
2.123503125480227904e+00
2.111586312172474056e+00
2.094120647671124047e+00
2.072264483224317111e+00
2.047936305494695297e+00
2.023781576597088794e+00
2.002860984164448244e+00
1.988058060186691511e+00
1.981394019923339300e+00
1.983552691707593185e+00
1.993826054613147214e+00
2.010451925606948631e+00
2.031130837916158782e+00
2.053496642364231128e+00
2.075421684583389492e+00
2.095149563512824553e+00
2.111307172126011267e+00
2.122857414619462535e+00
2.129041370342944273e+00
2.129343532324560417e+00
2.123503125480181275e+00
2.111586312172416768e+00
2.094120647671068536e+00
2.072264483224274478e+00
2.047936305494650888e+00
2.023781576597038612e+00
2.002860984164403391e+00
1.988058060186653320e+00
1.981394019923311767e+00
1.983552691707575866e+00
1.993826054613124343e+00
2.010451925606937085e+00
2.031130837916155674e+00
2.053496642364227576e+00
2.075421684583385495e+00
2.095149563512822777e+00
2.111307172126016596e+00
2.122857414619476302e+00
2.129041370342961148e+00
2.129343532324580845e+00
2.123503125480202591e+00
2.111586312172432756e+00
2.094120647671086299e+00
2.072264483224288245e+00
2.047936305494666431e+00
2.023781576597064369e+00
2.002860984164428704e+00
1.988058060186675302e+00
1.981394019923314209e+00
1.983552691707585414e+00
1.993826054613142773e+00
2.010451925606954848e+00
