2.222253419239264005e+00
2.276045549143233870e+00
2.312761408514171890e+00
2.334245494888467665e+00
2.341776314010951321e+00
2.335836004431361967e+00
2.316058422770533198e+00
2.281270978197708743e+00
2.229693573390305161e+00
2.159535589540918288e+00
2.070473748865626629e+00
1.966619601634840953e+00
1.860766002468219771e+00
1.776531097663483383e+00
1.741303257842546248e+00
1.768936780621285676e+00
1.848451910643298612e+00
1.953152488448119728e+00
2.058289219221399957e+00
2.149655794391638342e+00
2.222253419239263561e+00
2.276045549143238755e+00
2.312761408514166561e+00
2.334245494888463224e+00
2.341776314010951321e+00
2.335836004431364632e+00
2.316058422770518987e+00
2.281270978197715404e+00
2.229693573390296280e+00
2.159535589540930278e+00
2.070473748865613750e+00
1.966619601634837400e+00
1.860766002468202451e+00
1.776531097663464065e+00
1.741303257842524710e+00
1.768936780621281013e+00
1.848451910643308382e+00
1.953152488448141710e+00
2.058289219221403510e+00
2.149655794391643671e+00
2.222253419239267114e+00
2.276045549143240088e+00
2.312761408514163897e+00
2.334245494888460115e+00
2.341776314010954874e+00
2.335836004431359303e+00
2.316058422770522096e+00
2.281270978197726507e+00
2.229693573390316264e+00
2.159535589540927170e+00
2.070473748865586661e+00
1.966619601634827630e+00
1.860766002468213554e+00
1.776531097663486047e+00
1.741303257842546248e+00
1.768936780621285676e+00
1.848451910643296614e+00
1.953152488448111068e+00
2.058289219221400401e+00
2.149655794391652996e+00
2.222253419239256456e+00
2.276045549143244084e+00
2.312761408514177663e+00
2.334245494888466332e+00
2.341776314010951321e+00
2.335836004431360191e+00
2.316058422770521208e+00
2.281270978197716293e+00
2.229693573390314043e+00
2.159535589540930722e+00
2.070473748865610197e+00
1.966619601634839620e+00
1.860766002468231539e+00
1.776531097663474945e+00
1.741303257842524044e+00
1.768936780621295890e+00
1.848451910643311269e+00
1.953152488448114843e+00
2.058289219221367983e+00
2.149655794391632124e+00
2.222253419239261341e+00
2.276045549143238755e+00
2.312761408514162120e+00
2.334245494888467221e+00
2.341776314010951321e+00
2.335836004431360191e+00
2.316058422770521208e+00
2.281270978197718513e+00
2.229693573390310490e+00
2.159535589540922729e+00
2.070473748865584884e+00
1.966619601634833403e+00
1.860766002468218216e+00
1.776531097663486714e+00
1.741303257842546248e+00
1.768936780621285676e+00
1.848451910643317930e+00
1.953152488448121060e+00
2.058289219221386634e+00
2.149655794391635233e+00
