2.002604367295632848e+00
2.005212548839905740e+00
2.008382816740835519e+00
2.011804099714065597e+00
2.015140765780079946e+00
2.018065476116274404e+00
2.020291227119043853e+00
2.021599444175534721e+00
2.021861377130930837e+00
2.021050703113832725e+00
2.019246103067360298e+00
2.016623559777133146e+00
2.013439131318779829e+00
2.010003886179939858e+00
2.006653453581638935e+00
2.003715169625706949e+00
2.001476035232206740e+00
2.000154622367185109e+00
1.999879678574912223e+00
2.000677524152015163e+00
2.002469475615916039e+00
2.005079547676369423e+00
2.008251679787511179e+00
2.011674801025387538e+00
2.015013279766131760e+00
2.017939777538109158e+00
2.020167291084040695e+00
2.021477246132821648e+00
2.021740892866855432e+00
2.020931908747489292e+00
2.019128975046168506e+00
2.016508074872469525e+00
2.013325266621663889e+00
2.009891619096771276e+00
2.006542761829985810e+00
2.003606031230145135e+00
2.001368428520208465e+00
2.000048525965064439e+00
1.999775071403812721e+00
2.000574385423955714e+00
2.002367784829873543e+00
2.004979284614422763e+00
2.008152824511034051e+00
2.011577333871272799e+00
2.014917181343077957e+00
2.017845028722948797e+00
2.020073873018127575e+00
2.021385140218439957e+00
2.021650080763684354e+00
2.020842372369127116e+00
2.019040696556688719e+00
2.016421036683015977e+00
2.013239451387100143e+00
2.009807009712367698e+00
2.006459341428147969e+00
2.003523783177198148e+00
2.001287336413199114e+00
1.999968573628623902e+00
1.999696242887059272e+00
2.000496664997421625e+00
2.002291156982491493e+00
2.004903734050549780e+00
2.008078336147487430e+00
2.011503892834447971e+00
2.014844772966065456e+00
2.017773638542720516e+00
2.020003486772729673e+00
2.021315743844253277e+00
2.021581660392698154e+00
2.020774914326257665e+00
2.018974187357134298e+00
2.016355463029649187e+00
2.013174800167883305e+00
2.009743267997815330e+00
2.006396496468823454e+00
2.003461822401227277e+00
2.001226247423838256e+00
1.999908344201845933e+00
1.999636860969173702e+00
2.000438118702740020e+00
2.002233434591001782e+00
2.004846824005639849e+00
2.008022227053695374e+00
2.011448573455234090e+00
2.014790232221627342e+00
2.017719865507822785e+00
2.019950470674576337e+00
2.021263474060382315e+00
2.021530126448904507e+00
2.020724105894546874e+00
2.018924094253703228e+00
2.016306075212885407e+00
2.013126107736407544e+00
2.009695261188539916e+00
2.006349165655039180e+00
2.003415158090714243e+00
2.001180240257006027e+00
1.999862984949900557e+00
1.999592140532300499e+00
2.000394028108319233e+00
