2.137340560626371566e+00
2.378986819639154149e+00
2.584554666837640902e+00
2.733921689062682070e+00
2.812466801477588429e+00
2.812501461223186006e+00
2.734022275562135729e+00
2.584711333983584325e+00
2.379184231759726931e+00
2.137559393647729955e+00
1.883488742301309582e+00
1.641842483288499910e+00
1.436274636090012269e+00
1.286907613864977762e+00
1.208362501450113369e+00
1.208327841704478267e+00
1.286807027365499678e+00
1.436117968944063517e+00
1.641645071167914915e+00
1.883269909279880805e+00
2.137340560626341812e+00
2.378986819639129724e+00
2.584554666837659553e+00
2.733921689062669635e+00
2.812466801477570222e+00
2.812501461223186450e+00
2.734022275562176141e+00
2.584711333983627402e+00
2.379184231759766011e+00
2.137559393647784134e+00
1.883488742301319796e+00
1.641842483288545429e+00
1.436274636090019818e+00
1.286907613864991973e+00
1.208362501450122695e+00
1.208327841704474936e+00
1.286807027365499900e+00
1.436117968944036205e+00
1.641645071167880054e+00
1.883269909279861043e+00
2.137340560626281860e+00
2.378986819639112849e+00
2.584554666837612480e+00
2.733921689062633220e+00
2.812466801477517819e+00
2.812501461223173571e+00
2.734022275562166815e+00
2.584711333983642056e+00
2.379184231759794432e+00
2.137559393647815220e+00
1.883488742301378638e+00
1.641842483288563193e+00
1.436274636090036472e+00
1.286907613865037048e+00
1.208362501450127580e+00
1.208327841704456951e+00
1.286807027365484135e+00
1.436117968944001788e+00
1.641645071167850967e+00
1.883269909279813525e+00
2.137340560626276975e+00
2.378986819639098194e+00
2.584554666837602266e+00
2.733921689062621230e+00
2.812466801477524481e+00
2.812501461223190002e+00
2.734022275562170812e+00
2.584711333983655379e+00
2.379184231759782886e+00
2.137559393647858297e+00
1.883488742301416830e+00
1.641842483288593391e+00
1.436274636090064449e+00
1.286907613865035049e+00
1.208362501450116033e+00
1.208327841704457839e+00
1.286807027365466372e+00
1.436117968944001122e+00
1.641645071167843195e+00
1.883269909279771115e+00
2.137340560626218799e+00
2.378986819639047123e+00
2.584554666837593384e+00
2.733921689062642546e+00
2.812466801477522260e+00
2.812501461223198440e+00
2.734022275562221438e+00
2.584711333983708670e+00
2.379184231759846835e+00
2.137559393647868067e+00
1.883488742301429930e+00
1.641842483288621368e+00
1.436274636090084877e+00
1.286907613865042155e+00
1.208362501450114701e+00
1.208327841704465166e+00
1.286807027365430178e+00
1.436117968943960710e+00
1.641645071167795678e+00
1.883269909279736032e+00
