2.024587639732307931e+00
2.133894129797034189e+00
2.231113588190372976e+00
2.306729496956980707e+00
2.353340044099825334e+00
2.366382664509733669e+00
2.344580655627686472e+00
2.290068149986663304e+00
2.208181211449649073e+00
2.106935504100605705e+00
1.996241663195146065e+00
1.886935173130406040e+00
1.789715714737072583e+00
1.714099805970440427e+00
1.667489258827617338e+00
1.654446638417745419e+00
1.676248647299751759e+00
1.730761152940810232e+00
1.812648091477770729e+00
1.913893798826805659e+00
2.024587639732289279e+00
2.133894129797031081e+00
2.231113588190360097e+00
2.306729496956991365e+00
2.353340044099841766e+00
2.366382664509743883e+00
2.344580655627695354e+00
2.290068149986632218e+00
2.208181211449656178e+00
2.106935504100608814e+00
1.996241663195121863e+00
1.886935173130400711e+00
1.789715714737074359e+00
1.714099805970431323e+00
1.667489258827613341e+00
1.654446638417705451e+00
1.676248647299739547e+00
1.730761152940799352e+00
1.812648091477768952e+00
1.913893798826823200e+00
2.024587639732317701e+00
2.133894129797051953e+00
2.231113588190381414e+00
2.306729496957013126e+00
2.353340044099858641e+00
2.366382664509749212e+00
2.344580655627687360e+00
2.290068149986625112e+00
2.208181211449655290e+00
2.106935504100604817e+00
1.996241663195148730e+00
1.886935173130405152e+00
1.789715714737041719e+00
1.714099805970402013e+00
1.667489258827598686e+00
1.654446638417724769e+00
1.676248647299753092e+00
1.730761152940823111e+00
1.812648091477812695e+00
1.913893798826854953e+00
2.024587639732327027e+00
2.133894129797047956e+00
2.231113588190396513e+00
2.306729496957024672e+00
2.353340044099816009e+00
2.366382664509711464e+00
2.344580655627662491e+00
2.290068149986605572e+00
2.208181211449635750e+00
2.106935504100571954e+00
1.996241663195102101e+00
1.886935173130382948e+00
1.789715714737031727e+00
1.714099805970409340e+00
1.667489258827594467e+00
1.654446638417714555e+00
1.676248647299772410e+00
1.730761152940842651e+00
1.812648091477810253e+00
1.913893798826851178e+00
2.024587639732340349e+00
2.133894129797058614e+00
2.231113588190391628e+00
2.306729496957037107e+00
2.353340044099845763e+00
2.366382664509735445e+00
2.344580655627704679e+00
2.290068149986630885e+00
2.208181211449638415e+00
2.106935504100572398e+00
1.996241663195080340e+00
1.886935173130370069e+00
1.789715714737045271e+00
1.714099805970424217e+00
1.667489258827605125e+00
1.654446638417724547e+00
1.676248647299774408e+00
1.730761152940861747e+00
1.812648091477830459e+00
1.913893798826884263e+00
