2.044620613534966935e+00
2.308427623210401514e+00
2.543063046832822138e+00
2.725559134336913658e+00
2.838051897152751746e+00
2.869529759872802899e+00
2.816911449974843773e+00
2.685347614244999459e+00
2.487716637583646584e+00
2.243364016962400953e+00
1.976208689392456641e+00
1.712401679717032055e+00
1.477766256094613206e+00
1.295270168590516358e+00
1.182777405774646740e+00
1.151299543054605357e+00
1.203917852952580247e+00
1.335481688682429224e+00
1.533112665343798753e+00
1.777465285965053710e+00
2.044620613535004683e+00
2.308427623210453916e+00
2.543063046832860774e+00
2.725559134336922096e+00
2.838051897152773950e+00
2.869529759872851749e+00
2.816911449974847326e+00
2.685347614245000347e+00
2.487716637583630153e+00
2.243364016962399621e+00
1.976208689392436879e+00
1.712401679717006076e+00
1.477766256094611652e+00
1.295270168590512583e+00
1.182777405774652291e+00
1.151299543054612684e+00
1.203917852952600231e+00
1.335481688682456092e+00
1.533112665343813852e+00
1.777465285965075248e+00
2.044620613535035769e+00
2.308427623210481006e+00
2.543063046832867879e+00
2.725559134336957179e+00
2.838051897152793934e+00
2.869529759872834429e+00
2.816911449974834003e+00
2.685347614244993686e+00
2.487716637583597290e+00
2.243364016962340557e+00
1.976208689392393802e+00
1.712401679716951453e+00
1.477766256094554809e+00
1.295270168590486826e+00
1.182777405774650070e+00
1.151299543054613794e+00
1.203917852952606005e+00
1.335481688682476076e+00
1.533112665343849823e+00
1.777465285965116326e+00
2.044620613535054865e+00
2.308427623210476565e+00
2.543063046832878982e+00
2.725559134336958511e+00
2.838051897152786829e+00
2.869529759872802899e+00
2.816911449974785597e+00
2.685347614244920855e+00
2.487716637583555546e+00
2.243364016962311247e+00
1.976208689392380258e+00
1.712401679716917924e+00
1.477766256094526387e+00
1.295270168590454851e+00
1.182777405774631641e+00
1.151299543054602470e+00
1.203917852952611778e+00
1.335481688682485624e+00
1.533112665343864922e+00
1.777465285965157182e+00
2.044620613535106379e+00
2.308427623210516533e+00
2.543063046832916285e+00
2.725559134336994482e+00
2.838051897152818803e+00
2.869529759872827324e+00
2.816911449974838888e+00
2.685347614244911973e+00
2.487716637583545776e+00
2.243364016962296592e+00
1.976208689392344509e+00
1.712401679716877734e+00
1.477766256094504627e+00
1.295270168590431314e+00
1.182777405774616764e+00
1.151299543054631780e+00
1.203917852952623102e+00
1.335481688682532919e+00
1.533112665343917547e+00
1.777465285965177166e+00
