2.502635287788445684e+00
2.838473274849444561e+00
3.107433378300621829e+00
3.283187909260982806e+00
3.348532789686302191e+00
3.297071607395930304e+00
3.133841741463658792e+00
2.874821268456313472e+00
2.545364916973521296e+00
2.177722170155823811e+00
1.807880461579415510e+00
1.472042474518419519e+00
1.203082371067224488e+00
1.027327840106861734e+00
9.619829596815736572e-01
1.013444141971909351e+00
1.176674007904180197e+00
1.435694480911540172e+00
1.765150832394341229e+00
2.132793579212027613e+00
2.502635287788443907e+00
2.838473274849432570e+00
3.107433378300616500e+00
3.283187909261003679e+00
3.348532789686291089e+00
3.297071607395948512e+00
3.133841741463700536e+00
2.874821268456313916e+00
2.545364916973520852e+00
2.177722170155819370e+00
1.807880461579403075e+00
1.472042474518424626e+00
1.203082371067244916e+00
1.027327840106863066e+00
9.619829596815724360e-01
1.013444141971911128e+00
1.176674007904165320e+00
1.435694480911553050e+00
1.765150832394350111e+00
2.132793579212041823e+00
2.502635287788452345e+00
2.838473274849437011e+00
3.107433378300637372e+00
3.283187909260991244e+00
3.348532789686288869e+00
3.297071607395927195e+00
3.133841741463687214e+00
2.874821268456309031e+00
2.545364916973505753e+00
2.177722170155851344e+00
1.807880461579421505e+00
1.472042474518420851e+00
1.203082371067221379e+00
1.027327840106866175e+00
9.619829596815745454e-01
1.013444141971911128e+00
1.176674007904176200e+00
1.435694480911548832e+00
1.765150832394340563e+00
2.132793579212000523e+00
2.502635287788424812e+00
2.838473274849436123e+00
3.107433378300618276e+00
3.283187909261003679e+00
3.348532789686291089e+00
3.297071607395967163e+00
3.133841741463707198e+00
2.874821268456312584e+00
2.545364916973522629e+00
2.177722170155850012e+00
1.807880461579424169e+00
1.472042474518431954e+00
1.203082371067240253e+00
1.027327840106874390e+00
9.619829596815662187e-01
1.013444141971909795e+00
1.176674007904160657e+00
1.435694480911546833e+00
1.765150832394342562e+00
2.132793579212016510e+00
2.502635287788438134e+00
2.838473274849434791e+00
3.107433378300638260e+00
3.283187909260981918e+00
3.348532789686302191e+00
3.297071607395948956e+00
3.133841741463683661e+00
2.874821268456309031e+00
2.545364916973516412e+00
2.177722170155835357e+00
1.807880461579411735e+00
1.472042474518418853e+00
1.203082371067230039e+00
1.027327840106865731e+00
9.619829596815724360e-01
1.013444141971909351e+00
1.176674007904175756e+00
1.435694480911546167e+00
1.765150832394329461e+00
2.132793579212022284e+00
