2.051298271469191192e+00
2.366605454348231774e+00
2.647046199713660730e+00
2.865169013463576331e+00
2.999622514837075649e+00
3.037245458327181957e+00
2.974355048090593812e+00
2.817107435664462312e+00
2.580895112961660409e+00
2.288840187916332702e+00
1.969531031458232162e+00
1.654223848579208678e+00
1.373783103213773726e+00
1.155660289463874335e+00
1.021206788090342821e+00
9.835838446002487245e-01
1.046474254836872841e+00
1.203721867262986578e+00
1.439934189965807354e+00
1.731989115011154379e+00
2.051298271469242707e+00
2.366605454348261972e+00
2.647046199713699810e+00
2.865169013463591430e+00
2.999622514837122722e+00
3.037245458327177960e+00
2.974355048090569387e+00
2.817107435664433890e+00
2.580895112961624882e+00
2.288840187916267865e+00
1.969531031458177095e+00
1.654223848579174261e+00
1.373783103213754631e+00
1.155660289463856572e+00
1.021206788090325723e+00
9.835838446002433955e-01
1.046474254836874618e+00
1.203721867263001011e+00
1.439934189965827782e+00
1.731989115011183689e+00
2.051298271469272905e+00
2.366605454348278847e+00
2.647046199713728232e+00
2.865169013463616743e+00
2.999622514837108955e+00
3.037245458327182401e+00
2.974355048090524090e+00
2.817107435664405024e+00
2.580895112961590243e+00
2.288840187916238555e+00
1.969531031458147119e+00
1.654223848579124967e+00
1.373783103213726653e+00
1.155660289463837254e+00
1.021206788090317730e+00
9.835838446002406199e-01
1.046474254836889939e+00
1.203721867263036982e+00
1.439934189965852207e+00
1.731989115011213665e+00
2.051298271469295997e+00
2.366605454348320592e+00
2.647046199713719350e+00
2.865169013463595871e+00
2.999622514837094300e+00
3.037245458327178849e+00
2.974355048090540077e+00
2.817107435664385484e+00
2.580895112961556936e+00
2.288840187916211910e+00
1.969531031458131354e+00
1.654223848579115641e+00
1.373783103213702672e+00
1.155660289463817714e+00
1.021206788090313511e+00
9.835838446002550528e-01
1.046474254836917250e+00
1.203721867263052747e+00
1.439934189965903055e+00
1.731989115011248970e+00
2.051298271469335965e+00
2.366605454348353010e+00
2.647046199713772197e+00
2.865169013463650938e+00
2.999622514837136933e+00
3.037245458327193948e+00
2.974355048090516540e+00
2.817107435664321091e+00
2.580895112961460569e+00
2.288840187916115099e+00
1.969531031458042092e+00
1.654223848579050138e+00
1.373783103213660484e+00
1.155660289463791068e+00
1.021206788090299078e+00
9.835838446002611590e-01
1.046474254836917916e+00
1.203721867263079393e+00
1.439934189965931255e+00
1.731989115011285607e+00
