1.856354581744785293e+00
1.932462931444214993e+00
2.016201738620717165e+00
2.099374065385315458e+00
2.173838424898576704e+00
2.232305726827663594e+00
2.269052784294118386e+00
2.280482539281300181e+00
2.265476167735292368e+00
2.225502597858545428e+00
2.164474721182833239e+00
2.088366371483409090e+00
2.004627564306895593e+00
1.921455237542312622e+00
1.846990878029047156e+00
1.788523576099944501e+00
1.751776518633501700e+00
1.740346763646311246e+00
1.755353135192322389e+00
1.795326705069079543e+00
1.856354581744792176e+00
1.932462931444216103e+00
2.016201738620729156e+00
2.099374065385321231e+00
2.173838424898591359e+00
2.232305726827674697e+00
2.269052784294121938e+00
2.280482539281299292e+00
2.265476167735278601e+00
2.225502597858522780e+00
2.164474721182815919e+00
2.088366371483389106e+00
2.004627564306881382e+00
1.921455237542291083e+00
1.846990878029029171e+00
1.788523576099944501e+00
1.751776518633505475e+00
1.740346763646337225e+00
1.755353135192349923e+00
1.795326705069109074e+00
1.856354581744822596e+00
1.932462931444255627e+00
2.016201738620774897e+00
2.099374065385361199e+00
2.173838424898625110e+00
2.232305726827702230e+00
2.269052784294133929e+00
2.280482539281313503e+00
2.265476167735277713e+00
2.225502597858530329e+00
2.164474721182811923e+00
2.088366371483373563e+00
2.004627564306858289e+00
1.921455237542262218e+00
1.846990878029001415e+00
1.788523576099920076e+00
1.751776518633501922e+00
1.740346763646335670e+00
1.755353135192358582e+00
1.795326705069114848e+00
1.856354581744845467e+00
1.932462931444281162e+00
2.016201738620796657e+00
2.099374065385382071e+00
2.173838424898633992e+00
2.232305726827712888e+00
2.269052784294132596e+00
2.280482539281285082e+00
2.265476167735251511e+00
2.225502597858490361e+00
2.164474721182782613e+00
2.088366371483354467e+00
2.004627564306832976e+00
1.921455237542239569e+00
1.846990878028973437e+00
1.788523576099899648e+00
1.751776518633477719e+00
1.740346763646322792e+00
1.755353135192359915e+00
1.795326705069122841e+00
1.856354581744835475e+00
1.932462931444276943e+00
2.016201738620797101e+00
2.099374065385386956e+00
2.173838424898649535e+00
2.232305726827726211e+00
2.269052784294142810e+00
2.280482539281302401e+00
2.265476167735265278e+00
2.225502597858489473e+00
2.164474721182783501e+00
2.088366371483339368e+00
2.004627564306818321e+00
1.921455237542234462e+00
1.846990878028980099e+00
1.788523576099902757e+00
1.751776518633481716e+00
1.740346763646329897e+00
1.755353135192359693e+00
1.795326705069130391e+00
