2.008911510615652762e+00
2.014933162542195344e+00
2.020512511122086963e+00
2.025103410842711504e+00
2.028256472452700798e+00
2.029663052313047888e+00
2.029185464586761078e+00
2.026870458888073934e+00
2.022944644104344381e+00
2.017792306339381447e+00
2.011917792312048814e+00
2.005896140385483140e+00
2.000316791805597294e+00
1.995725892084978526e+00
1.992572830475010992e+00
1.991166250614671451e+00
1.991643838340948935e+00
1.993958844039626976e+00
1.997884658823356085e+00
2.003036996588305474e+00
2.008911510615643436e+00
2.014933162542189571e+00
2.020512511122077193e+00
2.025103410842699514e+00
2.028256472452700354e+00
2.029663052313048777e+00
2.029185464586757082e+00
2.026870458888084148e+00
2.022944644104334166e+00
2.017792306339373010e+00
2.011917792312062581e+00
2.005896140385501347e+00
2.000316791805613725e+00
1.995725892084992514e+00
1.992572830474993451e+00
1.991166250614652355e+00
1.991643838340919626e+00
1.993958844039630529e+00
1.997884658823328774e+00
2.003036996588308583e+00
2.008911510615632778e+00
2.014933162542197120e+00
2.020512511122091848e+00
2.025103410842687524e+00
2.028256472452695025e+00
2.029663052313027016e+00
2.029185464586751753e+00
2.026870458888072601e+00
2.022944644104349710e+00
2.017792306339382336e+00
2.011917792312051034e+00
2.005896140385486248e+00
2.000316791805615058e+00
1.995725892084999620e+00
1.992572830474985013e+00
1.991166250614649469e+00
1.991643838340920070e+00
1.993958844039615430e+00
1.997884658823345649e+00
2.003036996588312579e+00
2.008911510615637219e+00
2.014933162542170475e+00
2.020512511122073640e+00
2.025103410842687968e+00
2.028256472452696357e+00
2.029663052313023464e+00
2.029185464586751309e+00
2.026870458888073490e+00
2.022944644104343492e+00
2.017792306339386332e+00
2.011917792312056363e+00
2.005896140385482695e+00
2.000316791805604844e+00
1.995725892084984299e+00
1.992572830475015877e+00
1.991166250614666788e+00
1.991643838340941386e+00
1.993958844039613210e+00
1.997884658823342985e+00
2.003036996588313023e+00
2.008911510615646545e+00
2.014933162542188239e+00
2.020512511122075416e+00
2.025103410842688412e+00
2.028256472452699466e+00
2.029663052313050997e+00
2.029185464586777954e+00
2.026870458888080151e+00
2.022944644104357259e+00
2.017792306339396102e+00
2.011917792312053699e+00
2.005896140385485804e+00
2.000316791805608396e+00
1.995725892084988073e+00
1.992572830475006995e+00
1.991166250614669231e+00
1.991643838340934280e+00
1.993958844039611433e+00
1.997884658823340320e+00
2.003036996588305918e+00
