2.017909981798067243e+00
2.075716298659221692e+00
2.127130435309549927e+00
2.167119617830381095e+00
2.191769426415528521e+00
2.198666966055378147e+00
2.187137057511982174e+00
2.158308328567176915e+00
2.115002736071677436e+00
2.061459333146697492e+00
2.002919321129377206e+00
1.945113004268229862e+00
1.893698867617908288e+00
1.853709685097067794e+00
1.829059876511936578e+00
1.822162336872084953e+00
1.833692245415453614e+00
1.862520974360257986e+00
1.905826566855779225e+00
1.959369969780760279e+00
2.017909981798079233e+00
2.075716298659212811e+00
2.127130435309539713e+00
2.167119617830356226e+00
2.191769426415512978e+00
2.198666966055356831e+00
2.187137057511951976e+00
2.158308328567160039e+00
2.115002736071655232e+00
2.061459333146678841e+00
2.002919321129382979e+00
1.945113004268201662e+00
1.893698867617886528e+00
1.853709685097063575e+00
1.829059876511920146e+00
1.822162336872077848e+00
1.833692245415444733e+00
1.862520974360243775e+00
1.905826566855749249e+00
1.959369969780730747e+00
2.017909981798052144e+00
2.075716298659199044e+00
2.127130435309544154e+00
2.167119617830346012e+00
2.191769426415502320e+00
2.198666966055367933e+00
2.187137057511979066e+00
2.158308328567178247e+00
2.115002736071650347e+00
2.061459333146681061e+00
2.002919321129373209e+00
1.945113004268206547e+00
1.893698867617877868e+00
1.853709685097075566e+00
1.829059876511939242e+00
1.822162336872070743e+00
1.833692245415451838e+00
1.862520974360255099e+00
1.905826566855777671e+00
1.959369969780780485e+00
2.017909981798078789e+00
2.075716298659255887e+00
2.127130435309562806e+00
2.167119617830380651e+00
2.191769426415533850e+00
2.198666966055354166e+00
2.187137057511974625e+00
2.158308328567178247e+00
2.115002736071628142e+00
2.061459333146645534e+00
2.002919321129338126e+00
1.945113004268206769e+00
1.893698867617881421e+00
1.853709685097044702e+00
1.829059876511907934e+00
1.822162336872054977e+00
1.833692245415451838e+00
1.862520974360246884e+00
1.905826566855785886e+00
1.959369969780753840e+00
2.017909981798096553e+00
2.075716298659234127e+00
2.127130435309568135e+00
2.167119617830364664e+00
2.191769426415506317e+00
2.198666966055384364e+00
2.187137057511998162e+00
2.158308328567173362e+00
2.115002736071655232e+00
2.061459333146655304e+00
2.002919321129342567e+00
1.945113004268213208e+00
1.893698867617896298e+00
1.853709685097077120e+00
1.829059876511951677e+00
1.822162336872100941e+00
1.833692245415485145e+00
1.862520974360289960e+00
1.905826566855771675e+00
1.959369969780734966e+00
