1.781831228688433688e+00
1.929220555093777101e+00
2.084557725364342584e+00
2.232637254976352903e+00
2.358964087840627055e+00
2.451172473385618833e+00
2.500236412380567153e+00
2.501353184628094972e+00
2.454413472679597863e+00
2.364012062588815688e+00
2.238998074239088698e+00
2.091608747833745507e+00
1.936271577563175361e+00
1.788192047951162600e+00
1.661865215086889336e+00
1.569656829541900667e+00
1.520592890546958564e+00
1.519476118299426526e+00
1.566415830247915864e+00
1.656817240338691599e+00
1.781831228688431912e+00
1.929220555093787093e+00
2.084557725364360792e+00
2.232637254976365782e+00
2.358964087840636825e+00
2.451172473385621942e+00
2.500236412380580031e+00
2.501353184628103854e+00
2.454413472679606301e+00
2.364012062588817908e+00
2.238998074239055391e+00
2.091608747833707316e+00
1.936271577563132507e+00
1.788192047951132180e+00
1.661865215086860026e+00
1.569656829541878018e+00
1.520592890546939246e+00
1.519476118299432965e+00
1.566415830247951613e+00
1.656817240338755326e+00
1.781831228688518065e+00
1.929220555093872802e+00
2.084557725364438507e+00
2.232637254976445274e+00
2.358964087840702550e+00
2.451172473385666351e+00
2.500236412380580031e+00
2.501353184628074100e+00
2.454413472679572550e+00
2.364012062588764618e+00
2.238998074238985225e+00
2.091608747833627824e+00
1.936271577563058344e+00
1.788192047951060015e+00
1.661865215086795855e+00
1.569656829541847820e+00
1.520592890546924147e+00
1.519476118299427858e+00
1.566415830247972263e+00
1.656817240338805064e+00
1.781831228688560032e+00
1.929220555093936529e+00
2.084557725364505121e+00
2.232637254976490571e+00
2.358964087840754953e+00
2.451172473385715644e+00
2.500236412380617779e+00
2.501353184628086090e+00
2.454413472679531250e+00
2.364012062588689123e+00
2.238998074238908842e+00
2.091608747833550108e+00
1.936271577562990398e+00
1.788192047950975194e+00
1.661865215086739456e+00
1.569656829541810961e+00
1.520592890546913489e+00
1.519476118299442069e+00
1.566415830248000907e+00
1.656817240338844366e+00
1.781831228688626423e+00
1.929220555093989597e+00
2.084557725364561520e+00
2.232637254976544305e+00
2.358964087840788260e+00
2.451172473385729855e+00
2.500236412380612894e+00
2.501353184628064774e+00
2.454413472679509933e+00
2.364012062588653595e+00
2.238998074238855551e+00
2.091608747833483495e+00
1.936271577562912238e+00
1.788192047950926566e+00
1.661865215086699044e+00
1.569656829541792087e+00
1.520592890546914600e+00
1.519476118299463607e+00
1.566415830248035101e+00
1.656817240338910313e+00
