1.967813101449951807e+00
1.982039546236886274e+00
1.999331916605587622e+00
2.017993460095939717e+00
2.036193456819644254e+00
2.052146422289789385e+00
2.064286882304897652e+00
2.071422611703943595e+00
2.072851336915190856e+00
2.068429478640100516e+00
2.058586205659339363e+00
2.044281424076281883e+00
2.026911814303431925e+00
2.008174113546108419e+00
1.989899026646285707e+00
1.973872023250299090e+00
1.961658562922111493e+00
1.954450856385627322e+00
1.952951162973224131e+00
1.957303047939244589e+00
1.967077328651413382e+00
1.981314085344791254e+00
1.998616624132838249e+00
2.017288194521253075e+00
2.035498078561673196e+00
2.051460793681538775e+00
2.063610867568439033e+00
2.070756076925428069e+00
2.072194150020154613e+00
2.067781509369056359e+00
2.057947325543668882e+00
2.043651506414404739e+00
2.026290734137278005e+00
2.007561747637856442e+00
1.989295253455386714e+00
1.973276722910802139e+00
1.961071617220236485e+00
1.953872148737626269e+00
1.952380578403524858e+00
1.956740473058844243e+00
1.966522651636563479e+00
1.980767195915932977e+00
1.998077413533803970e+00
2.016756555498734116e+00
2.034973905344943379e+00
2.050943981962431106e+00
2.063101314481582182e+00
2.070253681028725534e+00
2.071698811275516583e+00
2.067293129123389583e+00
2.057465806510085038e+00
2.043176752653689032e+00
2.025822651039595801e+00
2.007100241904680615e+00
1.988840233081679232e+00
1.972828097167399708e+00
1.960629296636492658e+00
1.953436045084268713e+00
1.951950604675723122e+00
1.956316543459522661e+00
1.966104681559905476e+00
1.980355101931118300e+00
1.997671113368961748e+00
2.016355968025092427e+00
2.034578950561196198e+00
2.050554580979313535e+00
2.062717389506640853e+00
2.069875155351298623e+00
2.071325609251909228e+00
2.066925176162241584e+00
2.057103029057937071e+00
2.042819078180741599e+00
2.025470008025650692e+00
2.006752559825279114e+00
1.988497442394418613e+00
1.972490129298433148e+00
1.960296083967212111e+00
1.953107520938157871e+00
1.951626703305399335e+00
1.955997200033937178e+00
1.965789832151733307e+00
1.980044683504304404e+00
1.997365063766425974e+00
2.016054225956627199e+00
2.034281455591499199e+00
2.050261273516202021e+00
2.062428210789406524e+00
2.069590047439243907e+00
2.071044515013010123e+00
2.066648039261974379e+00
2.056829793948270257e+00
2.042549690089262793e+00
2.025204412944834331e+00
2.006490704501922462e+00
1.988239274319192562e+00
1.972235596695600224e+00
1.960045135784465042e+00
1.952860106836608489e+00
1.951382773649696478e+00
1.955756705882528035e+00
