1.995646114126494064e+00
2.000577948319299804e+00
2.006572636713783719e+00
2.013041971790439089e+00
2.019351303987990676e+00
2.024881665350974469e+00
2.029090358156210527e+00
2.031564077681215608e+00
2.032059369087780620e+00
2.030526458219085395e+00
2.027114123585756822e+00
2.022155132636962005e+00
2.016133667915710248e+00
2.009637931653171172e+00
2.003302568194565314e+00
1.997746540350624489e+00
1.993512540770187025e+00
1.991013869170872086e+00
1.990493975454573405e+00
1.992002628909461892e+00
1.995391046223013110e+00
2.000326455210052590e+00
2.006324668656575216e+00
2.012797479724560024e+00
2.019110239525240491e+00
2.024643980766794193e+00
2.028856006380917787e+00
2.031333012291342666e+00
2.031831544297514114e+00
2.030301828871801106e+00
2.026892645145667249e+00
2.021936761180854969e+00
2.015918360124785202e+00
2.009425644804986977e+00
2.003093260155066169e+00
1.997540169566275337e+00
1.993309066260214424e+00
1.990813250519575917e+00
1.990296172803754482e+00
1.991807602950933731e+00
1.995198758191209176e+00
2.000136866874723918e+00
2.006137742315586170e+00
2.012613178196763997e+00
2.018928526143449531e+00
2.024464819370846769e+00
2.028679361310816720e+00
2.031158848380493431e+00
2.031659826866049290e+00
2.030132523719978099e+00
2.026725718547365496e+00
2.021772179877148190e+00
2.015756091317595811e+00
2.009265656150826640e+00
2.002935519758851868e+00
1.997384645975236461e+00
1.993155728457854492e+00
1.990662067919750644e+00
1.990147115244788711e+00
1.991660640689840278e+00
1.995053861897971847e+00
1.999994007626660686e+00
2.005996891591780074e+00
2.012474307872574197e+00
2.018791608485088318e+00
2.024329827030037166e+00
2.028546267319510932e+00
2.031027626145658793e+00
2.031530450164536816e+00
2.030004966693452317e+00
2.026599955697293343e+00
2.021648186059866958e+00
2.015633841739435717e+00
2.009145126363306222e+00
2.002816685653941331e+00
1.997267483780667208e+00
1.993040214732511917e+00
1.990548179549104235e+00
1.990034829436416519e+00
1.991549934968976920e+00
1.994944714103144889e+00
1.999886395905368763e+00
2.005890794396238519e+00
2.012369703955509070e+00
2.018688476895599049e+00
2.024228147109496945e+00
2.028446018697541042e+00
2.030928788736150903e+00
2.031433004161724121e+00
2.029908892568029088e+00
2.026505234192613969e+00
2.021554798188156976e+00
2.015541768778088549e+00
2.009054349851212784e+00
2.002727187387866259e+00
1.997179245811688375e+00
1.992953219362493700e+00
1.990462409327238280e+00
1.989950267155774943e+00
1.991466563663155442e+00
