2.004359461456467706e+00
2.008263814473821629e+00
2.012378706401523054e+00
2.016301342947534270e+00
2.019647749116123769e+00
2.022090355355727009e+00
2.023390062348979779e+00
2.023419645719782167e+00
2.022176209641673328e+00
2.019781470301515558e+00
2.016469841471056235e+00
2.012565488453686768e+00
2.008450596525983567e+00
2.004527959979964358e+00
2.001181553811379743e+00
1.998738947571794267e+00
1.997439240578547937e+00
1.997409657207749989e+00
1.998653093285852389e+00
2.001047832626006606e+00
2.004359461456463265e+00
2.008263814473818520e+00
2.012378706401522166e+00
2.016301342947535158e+00
2.019647749116127322e+00
2.022090355355719904e+00
2.023390062348964680e+00
2.023419645719764848e+00
2.022176209641667999e+00
2.019781470301517334e+00
2.016469841471066893e+00
2.012565488453697871e+00
2.008450596526003995e+00
2.004527959979982565e+00
2.001181553811387293e+00
1.998738947571792490e+00
1.997439240578549713e+00
1.997409657207758649e+00
1.998653093285873039e+00
2.001047832626042577e+00
2.004359461456497016e+00
2.008263814473855824e+00
2.012378706401550588e+00
2.016301342947546704e+00
2.019647749116134872e+00
2.022090355355739888e+00
2.023390062348974894e+00
2.023419645719767068e+00
2.022176209641655120e+00
2.019781470301501347e+00
2.016469841471048685e+00
2.012565488453688545e+00
2.008450596525979126e+00
2.004527959979963025e+00
2.001181553811372638e+00
1.998738947571765845e+00
1.997439240578531505e+00
1.997409657207735556e+00
1.998653093285849058e+00
2.001047832626012823e+00
2.004359461456485025e+00
2.008263814473844722e+00
2.012378706401541262e+00
2.016301342947545816e+00
2.019647749116136648e+00
2.022090355355750102e+00
2.023390062348990437e+00
2.023419645719785276e+00
2.022176209641662670e+00
2.019781470301497794e+00
2.016469841471051794e+00
2.012565488453700979e+00
2.008450596526004439e+00
2.004527959979988339e+00
2.001181553811386404e+00
1.998738947571796265e+00
1.997439240578557706e+00
1.997409657207767308e+00
1.998653093285869708e+00
2.001047832626015488e+00
2.004359461456469926e+00
2.008263814473824738e+00
2.012378706401522166e+00
2.016301342947548925e+00
2.019647749116136204e+00
2.022090355355737223e+00
2.023390062348972673e+00
2.023419645719767512e+00
2.022176209641659117e+00
2.019781470301487136e+00
2.016469841471029145e+00
2.012565488453672113e+00
2.008450596525984455e+00
2.004527959979971463e+00
2.001181553811385072e+00
1.998738947571777169e+00
1.997439240578540387e+00
1.997409657207756650e+00
1.998653093285854165e+00
2.001047832626007050e+00
