2.219065962042725104e+00
2.538649927992786992e+00
2.806526544644544874e+00
2.996474182354109672e+00
3.089899442899397997e+00
3.077657210846134195e+00
2.960945841164405401e+00
2.751189855894538017e+00
2.468921632330665528e+00
2.141771550873561747e+00
1.801763340884879439e+00
1.482179374934813332e+00
1.214302758283034578e+00
1.024355120573483768e+00
9.309298600282032154e-01
9.431720920814306020e-01
1.059883461763147183e+00
1.269639447032998802e+00
1.551907670596884392e+00
1.879057752053996166e+00
2.219065962042661599e+00
2.538649927992702615e+00
2.806526544644530219e+00
2.996474182354083471e+00
3.089899442899391335e+00
3.077657210846197255e+00
2.960945841164427605e+00
2.751189855894601521e+00
2.468921632330728588e+00
2.141771550873611929e+00
1.801763340884920517e+00
1.482179374934884386e+00
1.214302758283070549e+00
1.024355120573510858e+00
9.309298600282105429e-01
9.431720920813955189e-01
1.059883461763140522e+00
1.269639447032945068e+00
1.551907670596817335e+00
1.879057752053927111e+00
2.219065962042578999e+00
2.538649927992629785e+00
2.806526544644481369e+00
2.996474182354071036e+00
3.089899442899359805e+00
3.077657210846162172e+00
2.960945841164474235e+00
2.751189855894624614e+00
2.468921632330755234e+00
2.141771550873670105e+00
1.801763340885023101e+00
1.482179374934950777e+00
1.214302758283108963e+00
1.024355120573519962e+00
9.309298600282129854e-01
9.431720920813885245e-01
1.059883461763082790e+00
1.269639447032893109e+00
1.551907670596741395e+00
1.879057752053869823e+00
2.219065962042522155e+00
2.538649927992578714e+00
2.806526544644412979e+00
2.996474182354022187e+00
3.089899442899365134e+00
3.077657210846185709e+00
2.960945841164514647e+00
2.751189855894683678e+00
2.468921632330821847e+00
2.141771550873759367e+00
1.801763340885050635e+00
1.482179374935003846e+00
1.214302758283151373e+00
1.024355120573554601e+00
9.309298600282108760e-01
9.431720920813806419e-01
1.059883461763057921e+00
1.269639447032871127e+00
1.551907670596696098e+00
1.879057752053779007e+00
2.219065962042502616e+00
2.538649927992540967e+00
2.806526544644397880e+00
2.996474182353995097e+00
3.089899442899342041e+00
3.077657210846175495e+00
2.960945841164534631e+00
2.751189855894700997e+00
2.468921632330888016e+00
2.141771550873807328e+00
1.801763340885123243e+00
1.482179374935069571e+00
1.214302758283197559e+00
1.024355120573580580e+00
9.309298600282359670e-01
9.431720920813904119e-01
1.059883461763032386e+00
1.269639447032818946e+00
1.551907670596660349e+00
1.879057752053711061e+00
