2.152741484879526102e+00
2.158604160081936119e+00
2.164139277554681051e+00
2.168805021434091262e+00
2.172144676201085645e+00
2.173831333178341652e+00
2.173699890629296583e+00
2.171763215066452091e+00
2.168210881787516531e+00
2.163390617924409565e+00
2.157774264488795612e+00
2.151911589286374049e+00
2.146376471813639331e+00
2.141710727934232672e+00
2.138371073167238734e+00
2.136684416189982283e+00
2.136815858739030460e+00
2.138752534301876285e+00
2.142304867580803407e+00
2.147125131443912593e+00
2.152741484879531875e+00
2.158604160081951662e+00
2.164139277554687268e+00
2.168805021434096147e+00
2.172144676201094526e+00
2.173831333178346981e+00
2.173699890629301912e+00
2.171763215066460528e+00
2.168210881787534294e+00
2.163390617924425996e+00
2.157774264488796501e+00
2.151911589286372273e+00
2.146376471813643327e+00
2.141710727934227343e+00
2.138371073167245395e+00
2.136684416189996050e+00
2.136815858739044671e+00
2.138752534301886943e+00
2.142304867580806516e+00
2.147125131443927692e+00
2.152741484879538536e+00
2.158604160081952106e+00
2.164139277554685492e+00
2.168805021434085933e+00
2.172144676201087865e+00
2.173831333178338987e+00
2.173699890629302356e+00
2.171763215066451647e+00
2.168210881787526745e+00
2.163390617924423331e+00
2.157774264488803162e+00
2.151911589286388260e+00
2.146376471813645104e+00
2.141710727934240666e+00
2.138371073167249392e+00
2.136684416190004487e+00
2.136815858739051333e+00
2.138752534301887831e+00
2.142304867580814953e+00
2.147125131443920587e+00
2.152741484879531431e+00
2.158604160081968537e+00
2.164139277554696594e+00
2.168805021434089042e+00
2.172144676201085201e+00
2.173831333178340319e+00
2.173699890629291698e+00
2.171763215066448094e+00
2.168210881787531630e+00
2.163390617924423776e+00
2.157774264488795168e+00
2.151911589286375825e+00
2.146376471813630005e+00
2.141710727934238889e+00
2.138371073167241398e+00
2.136684416189983615e+00
2.136815858739036678e+00
2.138752534301884722e+00
2.142304867580806071e+00
2.147125131443915702e+00
2.152741484879529210e+00
2.158604160081952550e+00
2.164139277554693930e+00
2.168805021434099256e+00
2.172144676201096747e+00
2.173831333178345648e+00
2.173699890629301024e+00
2.171763215066466302e+00
2.168210881787547173e+00
2.163390617924435322e+00
2.157774264488805827e+00
2.151911589286393145e+00
2.146376471813652653e+00
2.141710727934248659e+00
2.138371073167252945e+00
2.136684416189986724e+00
2.136815858739045115e+00
2.138752534301884722e+00
2.142304867580810068e+00
2.147125131443911705e+00
