3.840033631893015054e-01
3.854657381214254275e-01
3.872848239752277322e-01
3.892825276841582194e-01
3.912632726995030064e-01
3.930331433583613698e-01
3.944188666734014248e-01
3.952847734745141284e-01
3.955460786276489560e-01
3.951771803704210440e-01
3.942141663677113939e-01
3.927512811770154100e-01
3.909317009126591080e-01
3.889335181489692039e-01
3.869523089577265873e-01
3.851819885397106402e-01
3.837958294344923083e-01
3.829295003783143581e-01
3.826677860848476387e-01
3.830362879091491202e-01
3.839989177916604546e-01
3.854614307924668082e-01
3.872806504266977368e-01
3.892784837610011039e-01
3.912593543757123538e-01
3.930293467329726287e-01
3.944151879666107363e-01
3.952812090239120613e-01
3.955426248845727577e-01
3.951738338964306818e-01
3.942109238311563013e-01
3.927481393497270767e-01
3.909286566667304896e-01
3.889305684536399910e-01
3.869494508763696716e-01
3.851792192269051229e-01
3.837931461331932081e-01
3.829269004171115265e-01
3.826652668752989483e-01
3.830338469432047477e-01
3.839965526391710404e-01
3.854591390987534005e-01
3.872784299102232097e-01
3.892763322110821544e-01
3.912572696503333058e-01
3.930273267566445905e-01
3.944132307283038652e-01
3.952793125750603820e-01
3.955407873371296623e-01
3.951720534209878788e-01
3.942091986551307659e-01
3.927464677555861927e-01
3.909270369902825837e-01
3.889289990823847076e-01
3.869479302478884830e-01
3.851777458273077381e-01
3.837917184956076144e-01
3.829255171202232688e-01
3.826639265419406466e-01
3.830325482389801972e-01
3.839952942711276074e-01
3.854579198141006580e-01
3.872772484950779970e-01
3.892751874892638742e-01
3.912561604821898631e-01
3.930262520379228519e-01
3.944121893890447095e-01
3.952783035785384924e-01
3.955398096788214635e-01
3.951711061275677839e-01
3.942082807834971225e-01
3.927455783919359122e-01
3.909261752491925423e-01
3.889281641059330608e-01
3.869471212047965181e-01
3.851769619121178656e-01
3.837909589278763467e-01
3.829247811437493931e-01
3.826632134240067762e-01
3.830318572696275736e-01
3.839946247624475006e-01
3.854572710995504692e-01
3.872766199288200650e-01
3.892745784455149405e-01
3.912555703546041208e-01
3.930256802389861526e-01
3.944116353494946381e-01
3.952777667467872180e-01
3.955392895204141723e-01
3.951706021246497724e-01
3.942077924342999307e-01
3.927451052102727824e-01
3.909257167639775266e-01
3.889277198607142272e-01
3.869466907572991499e-01
3.851765448337999276e-01
3.837905548035068226e-01
3.829243895709925072e-01
3.826628340130269201e-01
3.830314896426950666e-01
