3.735546370083150935e-01
3.754675575653826369e-01
3.781939428713684270e-01
3.814666635669571870e-01
3.849651171671263361e-01
3.883466107236931419e-01
3.912799058597021817e-01
3.934776425538815681e-01
3.947244678091438863e-01
3.948981157750269810e-01
3.939813758547120459e-01
3.920637772748621352e-01
3.893328252207658990e-01
3.860556464048863767e-01
3.825528407283496635e-01
3.791670986169017876e-01
3.762296559850656918e-01
3.740278704502556506e-01
3.727770926628766746e-01
3.725995861825300293e-01
3.735125593696631552e-01
3.754264808144432419e-01
3.781538432003376249e-01
3.814275177343399714e-01
3.849269024842645326e-01
3.883093050416173142e-01
3.912434875562915138e-01
3.934420905213347197e-01
3.946897614417461120e-01
3.948642349572032417e-01
3.939483009493714993e-01
3.920314891120149636e-01
3.893013050864166380e-01
3.860248760301778770e-01
3.825228022789796678e-01
3.791377746827909179e-01
3.762010295702629126e-01
3.739999249630865941e-01
3.727498119063274440e-01
3.725729543448578762e-01
3.734865610152389159e-01
3.754011008747967226e-01
3.781290669654301384e-01
3.814033308440315517e-01
3.849032909199991970e-01
3.882862551182934552e-01
3.912209859143310764e-01
3.934201241189390630e-01
3.946683175473369443e-01
3.948433011420474092e-01
3.939278650803725856e-01
3.920115393446850782e-01
3.892818298579993619e-01
3.860058640529680507e-01
3.825042425337663587e-01
3.791196564124720836e-01
3.761833422736085009e-01
3.739826583886609046e-01
3.727329560465411640e-01
3.725564994301718280e-01
3.734704975084961465e-01
3.753854194656991994e-01
3.781137585651349609e-01
3.813883865798974315e-01
3.848887021304316369e-01
3.882720133477280955e-01
3.912070829083376111e-01
3.934065518194272415e-01
3.946550680878960771e-01
3.948303668433779667e-01
3.939152384458459721e-01
3.919992130559862842e-01
3.892697967709035645e-01
3.859941171931743353e-01
3.824927750928754921e-01
3.791084617440328985e-01
3.761724138892703628e-01
3.739719899544068360e-01
3.727225413790186681e-01
3.725463324931106435e-01
3.734605724092065482e-01
3.753757304516614490e-01
3.781043000206660287e-01
3.813791530228868298e-01
3.848796882091736205e-01
3.882632138378144249e-01
3.911984927096333053e-01
3.933981659531120556e-01
3.946468816935772006e-01
3.948223751762777178e-01
3.939074368740468346e-01
3.919915970577529940e-01
3.892623619320533801e-01
3.859868592045255231e-01
3.824856897477463269e-01
3.791015449358069445e-01
3.761656616090128247e-01
3.739653982885406958e-01
3.727161065070604407e-01
3.725400506854503191e-01
