3.706858189246582946e-01
3.732484964504623748e-01
3.768333815482058924e-01
3.810894919776164902e-01
3.856001435235497654e-01
3.899237378773282581e-01
3.936369892855103303e-01
3.963763586404642769e-01
3.978736391551798701e-01
3.979822102484832924e-01
3.966913897273368628e-01
3.941274793746067373e-01
3.905414015927723415e-01
3.862841373149921154e-01
3.817723694918544464e-01
3.774476952086607828e-01
3.737333990353072788e-01
3.709930189344229912e-01
3.694947605852937356e-01
3.693852434974469467e-01
3.706751488271590178e-01
3.732381737885642203e-01
3.768233950088458184e-01
3.810798306160994575e-01
3.855907967515637691e-01
3.899146954513269536e-01
3.936282412954967835e-01
3.963678954991249337e-01
3.978654515873847886e-01
3.979742892811137800e-01
3.966837266794535632e-01
3.941200658479345198e-01
3.905342294624966626e-01
3.862771987208554747e-01
3.817656568295432207e-01
3.774412011214714480e-01
3.737271164060817497e-01
3.709869408777492494e-01
3.694888804399605320e-01
3.693795548191388667e-01
3.706696453814025127e-01
3.732328495438852478e-01
3.768182441301674013e-01
3.810748474583475764e-01
3.855859758534714854e-01
3.899100315294581898e-01
3.936237292384534570e-01
3.963635303619430506e-01
3.978612285861161668e-01
3.979702037875813003e-01
3.966797742161849438e-01
3.941162420832499125e-01
3.905305302057625050e-01
3.862736199178911645e-01
3.817621945581804455e-01
3.774378515872539031e-01
3.737238759381072417e-01
3.709838059246429731e-01
3.694858475659870689e-01
3.693766207004405278e-01
3.706668068023443730e-01
3.732301033935451762e-01
3.768155873989177951e-01
3.810722772345583875e-01
3.855834893203188285e-01
3.899076259618395324e-01
3.936214019999988989e-01
3.963612789021300764e-01
3.978590504374673875e-01
3.979680965629695533e-01
3.966777356062067827e-01
3.941142698537014044e-01
3.905286221951889680e-01
3.862717740352236140e-01
3.817604087804329360e-01
3.774361239573117976e-01
3.737222045625830935e-01
3.709821889718056820e-01
3.694842832637472152e-01
3.693751073344068714e-01
3.706653427139521839e-01
3.732286869782337480e-01
3.768142171043756261e-01
3.810709515590173235e-01
3.855822068109135969e-01
3.899063852130110752e-01
3.936202016519553815e-01
3.963601176393575232e-01
3.978579269872871693e-01
3.979670096941371193e-01
3.966766841275777833e-01
3.941132526129151326e-01
3.905276380774070910e-01
3.862708219619053196e-01
3.817594877081615379e-01
3.774352328766426012e-01
3.737213424969428321e-01
3.709813549764152119e-01
3.694834764245920056e-01
3.693743267672398023e-01
