3.890732448383134590e-01
4.002786929791365411e-01
4.098583345858624605e-01
4.168744475927688153e-01
4.206402459746685363e-01
4.207871071480023262e-01
4.173006553179131051e-01
4.105221686810995863e-01
4.011151727380206089e-01
3.900004897939686743e-01
3.782661024560649565e-01
3.670606543152828416e-01
3.574810127085498168e-01
3.504648997016009404e-01
3.466991013197666116e-01
3.465522401464188329e-01
3.500386919764657545e-01
3.568171786132781631e-01
3.662241745563913353e-01
3.773388575004308354e-01
3.890732448383250608e-01
4.002786929790776438e-01
4.098583345858565208e-01
4.168744475927934623e-01
4.206402459746545475e-01
4.207871071480028258e-01
4.173006553178932876e-01
4.105221686810502923e-01
4.011151727379597687e-01
3.900004897938973980e-01
3.782661024560686203e-01
3.670606543152898915e-01
3.574810127085598643e-01
3.504648997016328593e-01
3.466991013197264215e-01
3.465522401463575486e-01
3.500386919764598148e-01
3.568171786133200185e-01
3.662241745564077111e-01
3.773388575004533729e-01
3.890732448383312225e-01
4.002786929791194992e-01
4.098583345858730631e-01
4.168744475928159998e-01
4.206402459746891864e-01
4.207871071480224767e-01
4.173006553179181011e-01
4.105221686810633930e-01
4.011151727379826393e-01
3.900004897939363668e-01
3.782661024560604046e-01
3.670606543152606926e-01
3.574810127085309985e-01
3.504648997015849532e-01
3.466991013196856208e-01
3.465522401463505542e-01
3.500386919764673088e-01
3.568171786133055301e-01
3.662241745564129292e-01
3.773388575004273937e-01
3.890732448383225073e-01
4.002786929791439241e-01
4.098583345858509142e-01
4.168744475927868565e-01
4.206402459746512168e-01
4.207871071479591940e-01
4.173006553178981171e-01
4.105221686810649473e-01
4.011151727379842491e-01
3.900004897939386983e-01
3.782661024560767804e-01
3.670606543152594159e-01
3.574810127085505940e-01
3.504648997016105438e-01
3.466991013197298077e-01
3.465522401463729252e-01
3.500386919764763016e-01
3.568171786133413348e-01
3.662241745564094320e-01
3.773388575004237300e-01
3.890732448383207864e-01
4.002786929790846937e-01
4.098583345858401450e-01
4.168744475927708693e-01
4.206402459746368394e-01
4.207871071479580838e-01
4.173006553178802980e-01
4.105221686810969772e-01
4.011151727379626553e-01
3.900004897939394199e-01
3.782661024561041474e-01
3.670606543152856172e-01
3.574810127085567002e-01
3.504648997016038270e-01
3.466991013197362470e-01
3.465522401464039559e-01
3.500386919764844063e-01
3.568171786133289558e-01
3.662241745564022155e-01
3.773388575004426593e-01
