3.880133940466274911e-01
3.883195950745037539e-01
3.887183447256120084e-01
3.891704545493905321e-01
3.896315143421943961e-01
3.900562393127917082e-01
3.904029028587265304e-01
3.906374210425160864e-01
3.907366889506910801e-01
3.906908423496069926e-01
3.905042232513978862e-01
3.901949548737492224e-01
3.897931675993855372e-01
3.893380495907164396e-01
3.888740107660342282e-01
3.884463356339871165e-01
3.880967505171924459e-01
3.878593390760041726e-01
3.877572059494584500e-01
3.878002150994266928e-01
3.879840242446377929e-01
3.882905099008830407e-01
3.886895414214999178e-01
3.891419303826995080e-01
3.896032666073485640e-01
3.900282653304656399e-01
3.903751999755889490e-01
3.906099866309798441e-01
3.907095204086568629e-01
3.906639371002169625e-01
3.904775787427887668e-01
3.901685685788097713e-01
3.897670370155128516e-01
3.893121722395809226e-01
3.888483841933390583e-01
3.884209574092352679e-01
3.880716182334554287e-01
3.878344503496956586e-01
3.877325584201015696e-01
3.877758064294336005e-01
3.879598521190855687e-01
3.882665720272928112e-01
3.886658355296185308e-01
3.891184542242833166e-01
3.895800179559502086e-01
3.900052419812221616e-01
3.903523997450140115e-01
3.905874073567507376e-01
3.906871599494145531e-01
3.906417933353599214e-01
3.904556495722716347e-01
3.901468519229445153e-01
3.897455308147693698e-01
3.892908744543925326e-01
3.888272928039088194e-01
3.884000704153455219e-01
3.880509336542743992e-01
3.878139662235919327e-01
3.877122728044560263e-01
3.877557174004561125e-01
3.879399577716332037e-01
3.882468704746869781e-01
3.886463249034666223e-01
3.890991326743035161e-01
3.895608836497908567e-01
3.899862931042921699e-01
3.903336345003093344e-01
3.905688239646822879e-01
3.906687566476426121e-01
3.906235683786253299e-01
3.904376012322283707e-01
3.901289784879969913e-01
3.897278305899113948e-01
3.892733457610428882e-01
3.888099339797566611e-01
3.883828798141907845e-01
3.880339096458693682e-01
3.877971071934883662e-01
3.876955771538532769e-01
3.877391835460474723e-01
3.879235841454562461e-01
3.882306555239743995e-01
3.886302670905004142e-01
3.890832304762671390e-01
3.895451355586274644e-01
3.899706976265588931e-01
3.903181901570355605e-01
3.905535292912330481e-01
3.906536101935747518e-01
3.906085687075515067e-01
3.904227469216839386e-01
3.901142681293013337e-01
3.897132627880350308e-01
3.892589191344780764e-01
3.887956471603822850e-01
3.883687314471437335e-01
3.880198983894166953e-01
3.877832317189012223e-01
3.876818361452790129e-01
3.877255757003845171e-01
