3.842591541407872069e-01
3.854815666652690598e-01
3.865266184768400004e-01
3.872920126230841587e-01
3.877028269920193559e-01
3.877188482109197865e-01
3.873385080112960455e-01
3.865990367417838081e-01
3.855728190025298208e-01
3.843603081359214801e-01
3.830801931535953164e-01
3.818577806291839072e-01
3.808127288175561231e-01
3.800473346713290623e-01
3.796365203023978618e-01
3.796204990834732285e-01
3.800008392831126236e-01
3.807403105525852260e-01
3.817665282918438763e-01
3.829790391584335651e-01
3.842591541407835987e-01
3.854815666652305350e-01
3.865266184768660351e-01
3.872920126230902649e-01
3.877028269920189119e-01
3.877188482109333312e-01
3.873385080112748957e-01
3.865990367417421747e-01
3.855728190025537461e-01
3.843603081359504015e-01
3.830801931536433336e-01
3.818577806291684196e-01
3.808127288175168768e-01
3.800473346713597600e-01
3.796365203024076873e-01
3.796204990834754489e-01
3.800008392831498161e-01
3.807403105526273035e-01
3.817665282918698555e-01
3.829790391584177445e-01
3.842591541407651690e-01
3.854815666652146033e-01
3.865266184768836322e-01
3.872920126230794957e-01
3.877028269920576586e-01
3.877188482109464873e-01
3.873385080112939360e-01
3.865990367417667661e-01
3.855728190025196067e-01
3.843603081359427964e-01
3.830801931536231275e-01
3.818577806291988952e-01
3.808127288175323089e-01
3.800473346713504896e-01
3.796365203023793766e-01
3.796204990834516346e-01
3.800008392831354942e-01
3.807403105525701270e-01
3.817665282918533132e-01
3.829790391584730891e-01
3.842591541407942013e-01
3.854815666652265937e-01
3.865266184768747504e-01
3.872920126230901539e-01
3.877028269920204662e-01
3.877188482109344414e-01
3.873385080112862200e-01
3.865990367417712625e-01
3.855728190025338176e-01
3.843603081359042162e-01
3.830801931536348404e-01
3.818577806291539312e-01
3.808127288175292002e-01
3.800473346713351686e-01
3.796365203023998047e-01
3.796204990834309845e-01
3.800008392830828141e-01
3.807403105525921649e-01
3.817665282918621950e-01
3.829790391584709797e-01
3.842591541407875400e-01
3.854815666652625650e-01
3.865266184768793578e-01
3.872920126230782190e-01
3.877028269919733372e-01
3.877188482108676615e-01
3.873385080112645706e-01
3.865990367418145612e-01
3.855728190025519142e-01
3.843603081359123763e-01
3.830801931535902094e-01
3.818577806291817978e-01
3.808127288175183200e-01
3.800473346713195144e-01
3.796365203023799872e-01
3.796204990834585735e-01
3.800008392831085713e-01
3.807403105525886677e-01
3.817665282918413783e-01
3.829790391584650955e-01
