3.833257304757476391e-01
3.833936159731218263e-01
3.834885798167725346e-01
3.836013244639090991e-01
3.837208119220788527e-01
3.838353442228422119e-01
3.839337084985561810e-01
3.840062745741849581e-01
3.840459376341749942e-01
3.840488136896277882e-01
3.840146197685377349e-01
3.839467016134981980e-01
3.838517061755680193e-01
3.837389309629117840e-01
3.836194139344835108e-01
3.835048530263204247e-01
3.834064610747072721e-01
3.833338682243537243e-01
3.832941792614647514e-01
3.832912781465563912e-01
3.833254478241672758e-01
3.833933425251297988e-01
3.834883152726873967e-01
3.836010685338073767e-01
3.837205643254738008e-01
3.838351046883831663e-01
3.839334767637260781e-01
3.840060503850132867e-01
3.840457207449664012e-01
3.840486038626816923e-01
3.840144167738938075e-01
3.839465052286900604e-01
3.838515161853676139e-01
3.837387471591008903e-01
3.836192361156224306e-01
3.835046809975293236e-01
3.834062946474520173e-01
3.833337072162385506e-01
3.832940234960304227e-01
3.832911274530944601e-01
3.833253020375227971e-01
3.833932014855355730e-01
3.834881788255692370e-01
3.836009365296270124e-01
3.837204366195647864e-01
3.838349811407830159e-01
3.839333572390343230e-01
3.840059347522400413e-01
3.840456088773802068e-01
3.840484956376841175e-01
3.840143120728766735e-01
3.839464039369047121e-01
3.838514181918045165e-01
3.837386523563646179e-01
3.836191443998155370e-01
3.835045922681352693e-01
3.834062088072323071e-01
3.833336241711155501e-01
3.832939431549907128e-01
3.832910497280893614e-01
3.833252268433681720e-01
3.833931287398233967e-01
3.834881084485752822e-01
3.836008684442210326e-01
3.837203707511304129e-01
3.838349174171322709e-01
3.839332955903295708e-01
3.840058751109138857e-01
3.840455511780747622e-01
3.840484398171591929e-01
3.840142580699606456e-01
3.839463516924117581e-01
3.838513676484809345e-01
3.837386034588122774e-01
3.836190970944483580e-01
3.835045465031062806e-01
3.834061645323852408e-01
3.833335813379291079e-01
3.832939017165234996e-01
3.832910096389254284e-01
3.833251880595770489e-01
3.833930912188961426e-01
3.834880721493882927e-01
3.836008333269936288e-01
3.837203367773761031e-01
3.838348845496158401e-01
3.839332637930298331e-01
3.840058443489865470e-01
3.840455214178051802e-01
3.840484110259336226e-01
3.840142302162233845e-01
3.839463247456341710e-01
3.838513415791294237e-01
3.837385782383193611e-01
3.836190726951748675e-01
3.835045228983154364e-01
3.834061416962030733e-01
3.833335592453276375e-01
3.832938803432925923e-01
3.832909889616408217e-01
