3.836766617379088751e-01
3.837402709646384746e-01
3.838259502111375787e-01
3.839252694577432456e-01
3.840284634810610109e-01
3.841253877432983521e-01
3.842065114115128521e-01
3.842638503031365893e-01
3.842917484345676482e-01
3.842874316694118719e-01
3.842512792714191106e-01
3.841867867806280645e-01
3.841002238466625918e-01
3.840000205128295541e-01
3.838959420258251654e-01
3.837981329464068003e-01
3.837161241301516590e-01
3.836578997819362624e-01
3.836291159073514923e-01
3.836325466644681659e-01
3.836678128109022312e-01
3.837314188276789162e-01
3.838170950859408070e-01
3.839164115628520557e-01
3.840196030318998588e-01
3.841165249522273117e-01
3.841976464878779085e-01
3.842549834533204867e-01
3.842828798620409048e-01
3.842785615747779104e-01
3.842424078524633302e-01
3.841779142323624163e-01
3.840913503613704316e-01
3.839911462801093300e-01
3.838870672326331612e-01
3.837892577770991576e-01
3.837072487665230680e-01
3.836490244032617070e-01
3.836202406904241080e-01
3.836236717836372656e-01
3.836589384381113854e-01
3.837225451325005365e-01
3.838082222356127282e-01
3.839075397223119523e-01
3.840107323638201064e-01
3.841076556170464618e-01
3.841887786438346608e-01
3.842461172564855532e-01
3.842740154663472629e-01
3.842696991320534439e-01
3.842335475124573074e-01
3.841690561427787420e-01
3.840824946678934593e-01
3.839822931264353922e-01
3.838782167604939954e-01
3.837804101262922707e-01
3.836984040749370495e-01
3.836401828069034292e-01
3.836114023234427073e-01
3.836148367783508428e-01
3.836501069250309870e-01
3.837137172403537466e-01
3.837993980913692593e-01
3.838987194512052947e-01
3.840019160893710648e-01
3.840988434610859148e-01
3.841799707265261543e-01
3.842373136963462277e-01
3.842652163802695031e-01
3.842609046353246405e-01
3.842247577187839491e-01
3.841602711643037904e-01
3.840737146152163883e-01
3.839735181086337268e-01
3.838694468851409081e-01
3.837716454994763438e-01
3.836896448012814820e-01
3.836314289895830232e-01
3.836026540642038518e-01
3.836060941775265576e-01
3.836413700815625161e-01
3.837049862518043808e-01
3.837906730539429323e-01
3.838900004597627369e-01
3.839932032374467341e-01
3.840901368409040950e-01
3.841712704290172198e-01
3.842286198111614093e-01
3.842565289957980967e-01
3.842522238387086619e-01
3.842160835959322340e-01
3.841516037999078703e-01
3.840650540927660894e-01
3.839648645104282165e-01
3.838608002923076246e-01
3.837630059919812653e-01
3.836810124579447256e-01
3.836228038880923896e-01
3.835940362811272042e-01
3.835974837883283639e-01
