3.631645833432713966e-01
3.743534030401489687e-01
3.869857762682046287e-01
3.998251583209471716e-01
4.116147410258006456e-01
4.212004778847552311e-01
4.276440501863111310e-01
4.303147161785703112e-01
4.289510524665752778e-01
4.236865439556676272e-01
4.150365174188773154e-01
4.038476977219014885e-01
3.912153244937570662e-01
3.783759424409401939e-01
3.665863597360238257e-01
3.570006228770016277e-01
3.505570505753928812e-01
3.478863845830880708e-01
3.492500482950370855e-01
3.545145568059104302e-01
3.631645833426725423e-01
3.743534030396241663e-01
3.869857762677306190e-01
3.998251583205116866e-01
4.116147410254110683e-01
4.212004778844204989e-01
4.276440501860179211e-01
4.303147161783141272e-01
4.289510524663612268e-01
4.236865439554781676e-01
4.150365174187031769e-01
4.038476977217462793e-01
3.912153244936229513e-01
3.783759424408265626e-01
3.665863597359252934e-01
3.570006228769143641e-01
3.505570505753136668e-01
3.478863845830152957e-01
3.492500482949750795e-01
3.545145568058468144e-01
3.631645833426146441e-01
3.743534030395709311e-01
3.869857762676887636e-01
3.998251583204796011e-01
4.116147410253845340e-01
4.212004778843987940e-01
4.276440501859886667e-01
4.303147161782785446e-01
4.289510524663213142e-01
4.236865439554432511e-01
4.150365174186771977e-01
4.038476977217131392e-01
3.912153244935930863e-01
3.783759424408018046e-01
3.665863597358898773e-01
3.570006228768803913e-01
3.505570505752854116e-01
3.478863845829910373e-01
3.492500482949514873e-01
3.545145568058270524e-01
3.631645833425952152e-01
3.743534030395562207e-01
3.869857762676713886e-01
3.998251583204661119e-01
4.116147410253674921e-01
4.212004778843850827e-01
4.276440501859792853e-01
4.303147161782702179e-01
4.289510524663106006e-01
4.236865439554373669e-01
4.150365174186698702e-01
4.038476977217130837e-01
3.912153244935887009e-01
3.783759424407945327e-01
3.665863597358930415e-01
3.570006228768880518e-01
3.505570505752905741e-01
3.478863845829930912e-01
3.492500482949500995e-01
3.545145568058334917e-01
3.631645833426019321e-01
3.743534030395565537e-01
3.869857762676811030e-01
3.998251583204820991e-01
4.116147410253888639e-01
4.212004778843954078e-01
4.276440501859925525e-01
4.303147161782828745e-01
4.289510524663316948e-01
4.236865439554506341e-01
4.150365174186808614e-01
4.038476977217184127e-01
3.912153244935940299e-01
3.783759424407973082e-01
3.665863597358961501e-01
3.570006228768904943e-01
3.505570505752924615e-01
3.478863845830001411e-01
3.492500482949638108e-01
3.545145568058432062e-01
