3.825610456667313808e-01
3.829573639074329017e-01
3.834234079883831470e-01
3.839135582678268044e-01
3.843798354213284751e-01
3.847765969923628293e-01
3.850650051939538687e-01
3.852168286218633497e-01
3.852172057411582529e-01
3.850660996367873401e-01
3.847783016270495127e-01
3.843819833863456603e-01
3.839159393053956371e-01
3.834257890259525903e-01
3.829595118724524738e-01
3.825627503014201181e-01
3.822743420998281905e-01
3.821225186719154343e-01
3.821221415526114273e-01
3.822732476569822291e-01
3.825610456667210002e-01
3.829573639074242974e-01
3.834234079883872548e-01
3.839135582678237513e-01
3.843798354213206481e-01
3.847765969923606644e-01
3.850650051939468188e-01
3.852168286218543014e-01
3.852172057411638040e-01
3.850660996367889499e-01
3.847783016270477918e-01
3.843819833863486579e-01
3.839159393053905300e-01
3.834257890259474832e-01
3.829595118724474223e-01
3.825627503014138453e-01
3.822743420998254704e-01
3.821225186719094946e-01
3.821221415526071530e-01
3.822732476569903337e-01
3.825610456667334347e-01
3.829573639074436708e-01
3.834234079883930280e-01
3.839135582678274150e-01
3.843798354213255331e-01
3.847765969923632734e-01
3.850650051939525920e-01
3.852168286218649040e-01
3.852172057411666906e-01
3.850660996367951117e-01
3.847783016270607814e-01
3.843819833863548197e-01
3.839159393054014102e-01
3.834257890259588630e-01
3.829595118724526404e-01
3.825627503014242259e-01
3.822743420998381825e-01
3.821225186719152678e-01
3.821221415526203646e-01
3.822732476569900006e-01
3.825610456667276060e-01
3.829573639074335123e-01
3.834234079883875879e-01
3.839135582678274150e-01
3.843798354213289747e-01
3.847765969923579443e-01
3.850650051939445428e-01
3.852168286218539128e-01
3.852172057411620831e-01
3.850660996367870625e-01
3.847783016270537315e-01
3.843819833863483248e-01
3.839159393053963032e-01
3.834257890259499257e-01
3.829595118724434810e-01
3.825627503014175090e-01
3.822743420998240271e-01
3.821225186719081068e-01
3.821221415526069864e-01
3.822732476569861704e-01
3.825610456667255521e-01
3.829573639074254632e-01
3.834234079883701574e-01
3.839135582678160907e-01
3.843798354213149859e-01
3.847765969923462870e-01
3.850650051939348839e-01
3.852168286218541904e-01
3.852172057411569761e-01
3.850660996367807898e-01
3.847783016270463485e-01
3.843819833863437729e-01
3.839159393053850899e-01
3.834257890259477053e-01
3.829595118724452019e-01
3.825627503014138453e-01
3.822743420998212516e-01
3.821225186719071076e-01
3.821221415526021570e-01
3.822732476569852822e-01
