3.616151891124662621e-01
3.678384719553929316e-01
3.756114231852479834e-01
3.841731721730445304e-01
3.926856352698304131e-01
4.003155532734620770e-01
4.063160566449175448e-01
4.100997743025187048e-01
4.112963295958377286e-01
4.097885953527535263e-01
4.057241591031348071e-01
3.995008761830610711e-01
3.917279248825195626e-01
3.831661758299478304e-01
3.746537126738111456e-01
3.670237946158084186e-01
3.610232911945323031e-01
3.572395734912722220e-01
3.560430181561189955e-01
3.575507523608753013e-01
3.616151885753746131e-01
3.678384714632719765e-01
3.756114227343271272e-01
3.841731717598795837e-01
3.926856348912599604e-01
4.003155529265746693e-01
4.063160563270624137e-01
4.100997740112753420e-01
4.112963293289709221e-01
4.097885951082294587e-01
4.057241588790743148e-01
3.995008759777632368e-01
3.917279246944071480e-01
3.831661756575835409e-01
3.746537125158723724e-01
3.670237944710907363e-01
3.610232910619315394e-01
3.572395733697746323e-01
3.560430180447927695e-01
3.575507522588660114e-01
3.616151884819072682e-01
3.678384713776181592e-01
3.756114226558369129e-01
3.841731716879625558e-01
3.926856348253633944e-01
4.003155528661960783e-01
4.063160562717408331e-01
4.100997739605879988e-01
4.112963292825267403e-01
4.097885950656733334e-01
4.057241588400832266e-01
3.995008759420353162e-01
3.917279246616733324e-01
3.831661756275900332e-01
3.746537124883934089e-01
3.670237944459136537e-01
3.610232910388628258e-01
3.572395733486419256e-01
3.560430180254344767e-01
3.575507522411287553e-01
3.616151884656541582e-01
3.678384713627317337e-01
3.756114226422034852e-01
3.841731716754626103e-01
3.926856348139056152e-01
4.003155528556964216e-01
4.063160562621197514e-01
4.100997739517668328e-01
4.112963292744392652e-01
4.097885950582594305e-01
4.057241588332881066e-01
3.995008759358041894e-01
3.917279246559659533e-01
3.831661756223591064e-01
3.746537124836023525e-01
3.670237944415225551e-01
3.610232910348376567e-01
3.572395733449533206e-01
3.560430180220524599e-01
3.575507522380328429e-01
3.616151884628159285e-01
3.678384713601347000e-01
3.756114226398202249e-01
3.841731716732853519e-01
3.926856348119163731e-01
4.003155528538752672e-01
4.063160562604515302e-01
4.100997739502351691e-01
4.112963292730375531e-01
4.097885950569798430e-01
4.057241588321120473e-01
3.995008759347333238e-01
3.917279246549821292e-01
3.831661756214564951e-01
3.746537124827750143e-01
3.670237944407669373e-01
3.610232910341461543e-01
3.572395733443244903e-01
3.560430180214807505e-01
3.575507522375075964e-01
