3.938873355358797346e-01
4.150758192929955293e-01
4.331900506948461183e-01
4.464568825624772863e-01
4.535776649573002306e-01
4.538553660850828120e-01
4.472628026245611399e-01
4.344453006203315426e-01
4.166575264734062589e-01
3.956406714519629109e-01
3.734520117585558019e-01
3.522635280014252968e-01
3.341492965995451758e-01
3.208824647318858081e-01
3.137616823370981134e-01
3.134839812093312972e-01
3.200765446698367045e-01
3.328940466740551996e-01
3.506818208210147336e-01
3.716986758424550286e-01
3.938873355359147621e-01
4.150758192930110724e-01
4.331900506948163088e-01
4.464568825625031545e-01
4.535776649573216579e-01
4.538553660850805915e-01
4.472628026245752397e-01
4.344453006203854439e-01
4.166575264733788919e-01
3.956406714519846712e-01
3.734520117585318211e-01
3.522635280014077552e-01
3.341492965995673803e-01
3.208824647319170054e-01
3.137616823370903418e-01
3.134839812093004330e-01
3.200765446698334848e-01
3.328940466740453186e-01
3.506818208209799836e-01
3.716986758424460913e-01
3.938873355358960549e-01
4.150758192930085744e-01
4.331900506948142549e-01
4.464568825624766757e-01
4.535776649573318720e-01
4.538553660851053495e-01
4.472628026245712984e-01
4.344453006203779499e-01
4.166575264734352357e-01
3.956406714519822287e-01
3.734520117584873566e-01
3.522635280013979853e-01
3.341492965995647157e-01
3.208824647318909706e-01
3.137616823370723007e-01
3.134839812092736766e-01
3.200765446698095040e-01
3.328940466740271664e-01
3.506818208209683263e-01
3.716986758424219439e-01
3.938873355358412653e-01
4.150758192930266155e-01
4.331900506948221929e-01
4.464568825624814496e-01
4.535776649573274866e-01
4.538553660850780380e-01
4.472628026245838440e-01
4.344453006203720657e-01
4.166575264733917150e-01
3.956406714519208889e-01
3.734520117584765320e-01
3.522635280013965420e-01
3.341492965995042641e-01
3.208824647318624934e-01
3.137616823370592001e-01
3.134839812092921618e-01
3.200765446698126127e-01
3.328940466740441528e-01
3.506818208209940280e-01
3.716986758424397630e-01
3.938873355359081008e-01
4.150758192930014689e-01
4.331900506948357932e-01
4.464568825624756210e-01
4.535776649573190489e-01
4.538553660850875304e-01
4.472628026245774602e-01
4.344453006203753409e-01
4.166575264734140305e-01
3.956406714519471457e-01
3.734520117585337640e-01
3.522635280014206338e-01
3.341492965995489506e-01
3.208824647318881951e-01
3.137616823370745767e-01
3.134839812093036526e-01
3.200765446698152772e-01
3.328940466740584192e-01
3.506818208209885324e-01
3.716986758424324355e-01
