4.503789323797426081e-02
4.663329925674044446e-02
4.789772755810628446e-02
4.870743670431300354e-02
4.898327971518968982e-02
4.869840872233776458e-02
4.788084473253913231e-02
4.661068322737690894e-02
4.501222880280066063e-02
4.324183832699501906e-02
4.147265842905178274e-02
3.987773499062378935e-02
3.861312575505542605e-02
3.780264942870373290e-02
3.752575453308117093e-02
3.780969963336434925e-02
3.862682672273821949e-02
3.989721694594805523e-02
4.149648843056796127e-02
4.326798254787830866e-02
4.503814156363619703e-02
4.663355603929501131e-02
4.789799095468346563e-02
4.870770419973485810e-02
4.898354837012981744e-02
4.869867546205457892e-02
4.788110664776182301e-02
4.661093785793871819e-02
4.501247437648273064e-02
4.324207393054944892e-02
4.147288409503508549e-02
3.987795169186202776e-02
3.861333530748457810e-02
3.780285431218148584e-02
3.752595764770689374e-02
3.780990401512393517e-02
3.862703524629713947e-02
3.989743204371807433e-02
4.149671185561124714e-02
4.326821520390987386e-02
4.503838341873693529e-02
4.663380613163416177e-02
4.789824748941234889e-02
4.870796472719331888e-02
4.898381002753917496e-02
4.869893525472692580e-02
4.788136174215222585e-02
4.661118585789614244e-02
4.501271355587978945e-02
4.324230339985735833e-02
4.147310388590610269e-02
3.987816275174303760e-02
3.861353940499370058e-02
3.780305386258799721e-02
3.752615547559629006e-02
3.781010307744546439e-02
3.862723834289153585e-02
3.989764154369230403e-02
4.149692946641048152e-02
4.326844180573880677e-02
4.503861898051492174e-02
4.663404971656407577e-02
4.789849734934946424e-02
4.870821847621392697e-02
4.898406487734103393e-02
4.869918828852435461e-02
4.788161020010330005e-02
4.661142740616789487e-02
4.501294651322870072e-02
4.324252689987444914e-02
4.147331795939897953e-02
3.987836832149464772e-02
3.861373819360010284e-02
3.780324822248123939e-02
3.752634815788254835e-02
3.781029696215711111e-02
3.862743615704274103e-02
3.989784559477094900e-02
4.149714141745445423e-02
4.326866251406302072e-02
4.503884841584923637e-02
4.663428696647797106e-02
4.789874071116392157e-02
4.870846562605478380e-02
4.898431309941895379e-02
4.869943474190412819e-02
4.788185219670988702e-02
4.661166267285480475e-02
4.501317341246633547e-02
4.324274458777714603e-02
4.147352646596614428e-02
3.987856854550510949e-02
3.861393181284951404e-02
3.780343752822321046e-02
3.752653582968049767e-02
3.781048580514914659e-02
3.862762882732997255e-02
3.989804433983833859e-02
4.149734785709627977e-02
4.326887748330185413e-02
