4.357077296039281455e-02
4.368097851530988035e-02
4.376367138500639187e-02
4.381077335583494908e-02
4.381770831993636595e-02
4.378383700539530132e-02
4.371250444433024546e-02
4.361070129828294867e-02
4.348837647117159699e-02
4.335746946578893091e-02
4.323075482601551611e-02
4.312060676393865422e-02
4.303779914833107123e-02
4.299045402350019918e-02
4.298324037536212228e-02
4.301690392491425152e-02
4.308817900058226763e-02
4.319009689953998837e-02
4.331266488723239938e-02
4.344385058297557667e-02
4.357077299341371307e-02
4.368097854621888487e-02
4.376367141392789595e-02
4.381077338286777645e-02
4.381770834517424718e-02
4.378383702894512314e-02
4.371250446627640562e-02
4.361070131872339661e-02
4.348837649018934964e-02
4.335746948349335911e-02
4.323075484249635364e-02
4.312060677928798713e-02
4.303779916263592714e-02
4.299045403683272870e-02
4.298324038780711870e-02
4.301690393654263034e-02
4.308817901146096141e-02
4.319009690972911569e-02
4.331266489677336462e-02
4.344385059191275406e-02
4.357077300177758516e-02
4.368097855405041197e-02
4.376367142125894838e-02
4.381077338972098195e-02
4.381770835158215610e-02
4.378383703491892098e-02
4.371250447184279325e-02
4.361070132390860304e-02
4.348837649502141495e-02
4.335746948798768069e-02
4.323075484667988910e-02
4.312060678318530016e-02
4.303779916626575969e-02
4.299045404021859668e-02
4.298324039096283744e-02
4.301690393949527541e-02
4.308817901421498758e-02
4.319009691229869219e-02
4.331266489917900281e-02
4.344385059416990685e-02
4.357077300388907670e-02
4.368097855602559587e-02
4.376367142310483987e-02
4.381077339144892613e-02
4.381770835319331175e-02
4.378383703642273889e-02
4.371250447324319388e-02
4.361070132520923626e-02
4.348837649623522872e-02
4.335746948911939347e-02
4.323075484773686306e-02
4.312060678416983206e-02
4.303779916718261656e-02
4.299045404107559865e-02
4.298324039176617400e-02
4.301690394024647313e-02
4.308817901492704300e-02
4.319009691296930159e-02
4.331266489981142054e-02
4.344385059475778382e-02
4.357077300444408413e-02
4.368097855654538147e-02
4.376367142358681545e-02
4.381077339189507619e-02
4.381770835361132460e-02
4.378383703681184430e-02
4.371250447360876951e-02
4.361070132555305151e-02
4.348837649655287740e-02
4.335746948941587159e-02
4.323075484801129631e-02
4.312060678442247025e-02
4.303779916741837241e-02
4.299045404129296644e-02
4.298324039196865093e-02
4.301690394043705679e-02
4.308817901509950921e-02
4.319009691312507282e-02
4.331266489994910901e-02
4.344385059489015710e-02
