4.867289466489115035e-02
5.320153166319974841e-02
5.675359129238329026e-02
5.898303215333688260e-02
5.967772803751641292e-02
5.877789045766614040e-02
5.637879076945257611e-02
5.271871085084804676e-02
4.815432892065564519e-02
4.312642771391315272e-02
3.811904023193542212e-02
3.361516700212950626e-02
3.005223273351022989e-02
2.778060635513254772e-02
2.702872751133869253e-02
2.787845714663013050e-02
3.025392546087444373e-02
3.392616790947378114e-02
3.853417466525593804e-02
4.362082887592907965e-02
4.867999065633755312e-02
5.320921412027981856e-02
5.676170865312050312e-02
5.899138795039678140e-02
5.968610150178307872e-02
5.878605875450609863e-02
5.638655057562461798e-02
5.272589725462323990e-02
4.816083006379581755e-02
4.313219409614479916e-02
3.812408809750016114e-02
3.361957569282086195e-02
3.005613632484337161e-02
2.778418030841269329e-02
2.703217148306328102e-02
2.788197548073578433e-02
3.025770719946269463e-02
3.393036832168742911e-02
3.853890024040215051e-02
4.362612741421493384e-02
4.868584753088133626e-02
5.321555505059966801e-02
5.676840854330947317e-02
5.899828464065949574e-02
5.969301277416692170e-02
5.879280068622921157e-02
5.639295534817638511e-02
5.273182875350642534e-02
4.816619596369181577e-02
4.313695354062144216e-02
3.812825449419715573e-02
3.362321452870056099e-02
3.005935826287243692e-02
2.778713017047707706e-02
2.703501406122487197e-02
2.788487943596319393e-02
3.026082856292932124e-02
3.393383524911339211e-02
3.854280062570799442e-02
4.363050071063508117e-02
4.869068166571288714e-02
5.322078871437135178e-02
5.677393848462477383e-02
5.900397701640561210e-02
5.969871718567244107e-02
5.879836532769634749e-02
5.639824170591459240e-02
5.273672448161674520e-02
4.817062485889712226e-02
4.314088188092507492e-02
3.813169334596814425e-02
3.362621794343022275e-02
3.006201757932906379e-02
2.778956492144418408e-02
2.703736026242912344e-02
2.788727629644210254e-02
3.026340486736484384e-02
3.393669677440526444e-02
3.854601991755606666e-02
4.363411033286881957e-02
4.869467165378758150e-02
5.322510846480640878e-02
5.677850277599788553e-02
5.900867537756902814e-02
5.970342548088717477e-02
5.880295825980871166e-02
5.640260494878445580e-02
5.274076530742254770e-02
4.817428037113703765e-02
4.314412424620906600e-02
3.813453169823296379e-02
3.362869689558254521e-02
3.006421252037040984e-02
2.779157451109322968e-02
2.703929676506037355e-02
2.788925461211878842e-02
3.026553129211856374e-02
3.393905861415170283e-02
3.854867704991388200e-02
4.363708963530077423e-02
