4.481412199038241340e-02
4.588065675655590009e-02
4.670153755101655313e-02
4.719690139446389154e-02
4.731960853412086471e-02
4.705933900808711295e-02
4.644295760321612287e-02
4.553135742292989396e-02
4.441328963952076436e-02
4.319686095287537247e-02
4.199945997161666500e-02
4.093690638026976220e-02
4.011264342175904080e-02
3.960783054636612260e-02
3.947322127127817631e-02
3.972368631986591264e-02
4.033611045495987674e-02
4.125111668785690078e-02
4.237865736159703717e-02
4.360701185744988301e-02
4.481424059470360405e-02
4.588077417327762059e-02
4.670165311737141389e-02
4.719701432061627899e-02
4.731971800067032857e-02
4.705944425841106921e-02
4.644305802193640642e-02
4.553145259428419828e-02
4.441337938207853830e-02
4.319694532967469774e-02
4.199953927693870354e-02
4.093698110606212165e-02
4.011271420795389092e-02
3.960789812031547535e-02
3.947328638213605523e-02
3.972374967399232293e-02
4.033617265833597254e-02
4.125117820079714226e-02
4.237871846983100321e-02
4.360707266185319397e-02
4.481430101996283083e-02
4.588083399349080632e-02
4.670171199487906794e-02
4.719707185302392943e-02
4.731977377051728439e-02
4.705949788022012470e-02
4.644310918218908651e-02
4.553150108116207212e-02
4.441342510315417907e-02
4.319698831706115377e-02
4.199957968056451663e-02
4.093701917655853673e-02
4.011275027134549725e-02
3.960793254717057121e-02
3.947331955412177601e-02
3.972378195097665127e-02
4.033620434905006713e-02
4.125120953975698612e-02
4.237874960260012980e-02
4.360710363983342358e-02
4.481433180478165690e-02
4.588086447005609164e-02
4.670174199116482183e-02
4.719710116401877598e-02
4.731980218353991352e-02
4.705952519888276231e-02
4.644313524676525751e-02
4.553152578373759196e-02
4.441344839663289440e-02
4.319701021780771033e-02
4.199960026496579735e-02
4.093703857230352600e-02
4.011276864453386382e-02
3.960795008658954397e-02
3.947333645422173437e-02
3.972379839510115085e-02
4.033622049448698510e-02
4.125122550598497168e-02
4.237876546378165077e-02
4.360711942215266673e-02
4.481434748869145973e-02
4.588087999692168351e-02
4.670175727334618249e-02
4.719711609706990496e-02
4.731981665910317547e-02
4.705953911690254066e-02
4.644314852587020509e-02
4.553153836894249101e-02
4.441346026394765029e-02
4.319702137556965388e-02
4.199961075208696187e-02
4.093704845383965701e-02
4.011277800510650027e-02
3.960795902238624377e-02
3.947334506430579676e-02
3.972380677288193246e-02
4.033622872009191146e-02
4.125123364028867451e-02
4.237877354456622697e-02
4.360712746275753615e-02
