5.239962104584409974e-02
5.786593544903401165e-02
6.170630843038007324e-02
6.360262222381951602e-02
6.347320024347999357e-02
6.143976922450199163e-02
5.777524212546187449e-02
5.285165059051606662e-02
4.710069617977827999e-02
4.099033258680910563e-02
3.501277742056603526e-02
2.967415960639468997e-02
2.547446635556977618e-02
2.286909370657299809e-02
2.221031294301549497e-02
2.367728442894880686e-02
2.721359425049091688e-02
3.249644583622868926e-02
3.895694265837119225e-02
4.585586815779871955e-02
5.239962136804908466e-02
5.786593577907773317e-02
6.170630875648525082e-02
6.360262253485733652e-02
6.347320053031330067e-02
6.143976948071593058e-02
5.777524234750281568e-02
5.285165077753292001e-02
4.710069633314279552e-02
4.099033270960881353e-02
3.501277751710709513e-02
2.967415968176549679e-02
2.547446641524118288e-02
2.286909375603978639e-02
2.221031298744608265e-02
2.367728447281166118e-02
2.721359429723609405e-02
3.249644588803016210e-02
3.895694271602520575e-02
4.585586822081835073e-02
5.239962143489317742e-02
5.786593584754190500e-02
6.170630882413587204e-02
6.360262259939003515e-02
6.347320058982013069e-02
6.143976953386127982e-02
5.777524239356079255e-02
5.285165081632669376e-02
4.710069636495206602e-02
4.099033273508365799e-02
3.501277753714109736e-02
2.967415969740702306e-02
2.547446642762263291e-02
2.286909376630505419e-02
2.221031299666528444e-02
2.367728448191162849e-02
2.721359430693477688e-02
3.249644589877804385e-02
3.895694272799477692e-02
4.585586823389291994e-02
5.239962144875956462e-02
5.786593586175668713e-02
6.170630883818051943e-02
6.360262261277574436e-02
6.347320060216932180e-02
6.143976954489589748e-02
5.777524240312689047e-02
5.285165082437749684e-02
4.710069637155286926e-02
4.099033274037094943e-02
3.501277754130556474e-02
2.967415970065908140e-02
2.547446643019886728e-02
2.286909376843930877e-02
2.221031299858361452e-02
2.367728448380454834e-02
2.721359430894894349e-02
3.249644590100756597e-02
3.895694273047861644e-02
4.585586823662086975e-02
5.239962145165644181e-02
5.786593586471607681e-02
6.170630884110278602e-02
6.360262261556469399e-02
6.347320060473303494e-02
6.143976954717580985e-02
5.777524240510482911e-02
5.285165082604891679e-02
4.710069637292146200e-02
4.099033274146569872e-02
3.501277754216429450e-02
2.967415970132971856e-02
2.547446643073293313e-02
2.286909376888475454e-02
2.221031299898389849e-02
2.367728448420416965e-02
2.721359430937704202e-02
3.249644590148143691e-02
3.895694273100155230e-02
4.585586823718598715e-02
