4.558363906655442388e-02
4.767124464299916931e-02
4.932604097908602214e-02
5.038608604736397045e-02
5.074777503812424873e-02
5.037592118943211295e-02
4.930711721047964513e-02
4.764607993343115966e-02
4.555536402820044295e-02
4.323946535944440256e-02
4.092486420080381632e-02
3.883793865427791203e-02
3.718287863187686587e-02
3.612173429135707992e-02
3.575853817131408041e-02
3.612906105919811567e-02
3.719722751505080000e-02
3.885857361206095789e-02
4.095043654180340054e-02
4.326789244123090822e-02
4.558387650752823012e-02
4.767149268169218468e-02
4.932629734233244523e-02
5.038634762883449636e-02
5.074803820456571385e-02
5.037618213742813683e-02
4.930737233862478308e-02
4.764632619354663284e-02
4.555559922149313157e-02
4.323968834904243219e-02
4.092507502030735822e-02
3.883813850205566215e-02
3.718306975186878166e-02
3.612191975209274458e-02
3.575872156471363722e-02
3.612924614854645666e-02
3.719741786656493437e-02
3.885877224615814224e-02
4.095064563831907201e-02
4.326811312755525496e-02
4.558410875042551158e-02
4.767173529326748649e-02
4.932654809926095146e-02
5.038660349275307648e-02
5.074829562159381691e-02
5.037643738712468261e-02
4.930762189804167861e-02
4.764656708079758468e-02
4.555582928548194271e-02
4.323990647740121041e-02
4.092528124562005987e-02
3.883833399631804462e-02
3.718325670992129323e-02
3.612210117547683813e-02
3.575890096704532894e-02
3.612942721115827011e-02
3.719760407808377772e-02
3.885896656134544408e-02
4.095085018967829782e-02
4.326832901804868875e-02
4.558433594761855667e-02
4.767197263514039857e-02
4.932679341082558955e-02
5.038685380164188016e-02
5.074854745106593262e-02
5.037668709744525658e-02
4.930786604263660833e-02
4.764680274237707153e-02
4.555605435949652143e-02
4.324011987548508767e-02
4.092548299952903507e-02
3.883852525252613763e-02
3.718343961559424787e-02
3.612227866702539397e-02
3.575907648189057680e-02
3.612960435083815980e-02
3.719778625563806979e-02
3.885915666754088948e-02
4.095105031085453234e-02
4.326854023331356408e-02
4.558455822527396339e-02
4.767220483835646339e-02
4.932703341172357120e-02
5.038709869220835136e-02
5.074879382981182380e-02
5.037693140339434550e-02
4.930810490377349198e-02
4.764703330449949342e-02
4.555627456354464921e-02
4.324032865658860442e-02
4.092568038870493530e-02
3.883871237139800009e-02
3.718361856483971828e-02
3.612245231950721863e-02
3.575924820065965598e-02
3.612977765952728182e-02
3.719796449347267248e-02
3.885934266277937116e-02
4.095124610473223348e-02
4.326874688161862215e-02
