4.885681075111301952e-02
5.390071636938885413e-02
5.790248958330598134e-02
6.047044739010993403e-02
6.135338494378377722e-02
6.046510232303870663e-02
5.789275525851629578e-02
5.388824567315957104e-02
4.884352459563328502e-02
4.325223992355441832e-02
3.766147761993004356e-02
3.261829623737277223e-02
2.861625508331961526e-02
2.604714040909662798e-02
2.516260001576223204e-02
2.604944732062690685e-02
2.862107630406744013e-02
3.262586098651914374e-02
3.767174708328419747e-02
4.326464363488793236e-02
4.885685098725790765e-02
5.390076061316069478e-02
5.790253695582599919e-02
6.047049670178519798e-02
6.135343481254527248e-02
6.046515131050601149e-02
5.789280201067825010e-02
5.388828905184270268e-02
4.884356378804603077e-02
4.325227451942788293e-02
3.766150764898994890e-02
3.261832216376945454e-02
2.861627775781853261e-02
2.604716098391645154e-02
2.516261983053770523e-02
2.604946777074574130e-02
2.862109870429735761e-02
3.262588644325789544e-02
3.767177638786743665e-02
4.326467718828264780e-02
4.885688876333511843e-02
5.390080216391859164e-02
5.790258145779140359e-02
6.047054303878589276e-02
6.135348168651422185e-02
6.046519736930401623e-02
5.789284598034996621e-02
5.388832986039743950e-02
4.884360066878139922e-02
4.325230708389451312e-02
3.766153592270597011e-02
3.261834658143820259e-02
2.861629911874316937e-02
2.604718037214661525e-02
2.516263850768646337e-02
2.604948705203714854e-02
2.862111983000381957e-02
3.262591045809590945e-02
3.767180404010463807e-02
4.326470885833071101e-02
4.885692442867426571e-02
5.390084140359385073e-02
5.790262349581479229e-02
6.047058682196678608e-02
6.135352598889148162e-02
6.046524091280945645e-02
5.789288755982818779e-02
5.388836846077450782e-02
4.884363556303418508e-02
4.325233790241350684e-02
3.766156268748137997e-02
3.261836970194290086e-02
2.861631935010245861e-02
2.604719873984015152e-02
2.516265620625155949e-02
2.604950532774667413e-02
2.862113985902313071e-02
3.262593323203349244e-02
3.767183027011598156e-02
4.326473890708214948e-02
4.885695827669914171e-02
5.390087865317379212e-02
5.790266341181227877e-02
6.047062840540769896e-02
6.135356807591486883e-02
6.046528228916615150e-02
5.789292707966509771e-02
5.388840515810303794e-02
4.884366874507647949e-02
4.325236721585253713e-02
3.766158815132240184e-02
3.261839170395663956e-02
2.861633860736415014e-02
2.604721622735114636e-02
2.516267306071553328e-02
2.604952273596385440e-02
2.862115894184403750e-02
3.262595493522366802e-02
3.767185527277808199e-02
4.326476755653118483e-02
