4.995971888351192353e-02
5.597907142415173287e-02
6.074670399981624974e-02
6.379633848200137736e-02
6.483105261076207992e-02
6.375173445175971731e-02
6.066595466044642088e-02
5.587670497923927226e-02
4.985238415028925979e-02
4.318110412236692702e-02
3.651372951572600528e-02
3.050099447167093150e-02
2.573053700952563499e-02
2.266973500525787735e-02
2.161980222737241650e-02
2.268569556257883299e-02
2.576501047075645257e-02
3.055726886822451513e-02
3.659297214845943363e-02
4.327971365480574872e-02
4.996077786510892682e-02
5.598025642739551389e-02
6.074798822669506132e-02
6.379768539575345065e-02
6.483241955873063345e-02
6.375307686357171988e-02
6.066723040498811503e-02
5.587787845620596772e-02
4.985342972502649489e-02
4.318200858077522047e-02
3.651449331131905590e-02
3.050163165066988036e-02
2.573107382272670982e-02
2.267020733794002096e-02
2.162025209085589525e-02
2.268616698339357557e-02
2.576554517626286275e-02
3.055790219301698918e-02
3.659372956904286683e-02
4.328060830039792001e-02
4.996180925479373758e-02
5.598141055841673180e-02
6.074923899964103369e-02
6.379899722589131572e-02
6.483375090443734001e-02
6.375438431515073612e-02
6.066847292819912280e-02
5.587902137732254915e-02
4.985444807632294362e-02
4.318288949160302426e-02
3.651523722280682754e-02
3.050225224285203415e-02
2.573159666263369338e-02
2.267066737646076038e-02
2.162069024565323183e-02
2.268662613507682266e-02
2.576606596628209372e-02
3.055851903656549989e-02
3.659446727986986198e-02
4.328147966632277938e-02
4.996281380766375013e-02
5.598253466004523421e-02
6.075045722985751573e-02
6.380027492590220617e-02
6.483504761343042433e-02
6.375565775273128732e-02
6.066968312753027309e-02
5.588013456653122962e-02
4.985543993698709347e-02
4.318374748766699855e-02
3.651596178371207396e-02
3.050285669260460047e-02
2.573210590307938028e-02
2.267111544928492040e-02
2.162111700418296520e-02
2.268707334459853578e-02
2.576657321122291164e-02
3.055911983708578528e-02
3.659518580443684582e-02
4.328232837026645824e-02
4.996379223509467282e-02
5.598362952754457750e-02
6.075164377840721469e-02
6.380151939808778594e-02
6.483631060066806506e-02
6.375689807413445487e-02
6.067086185556775507e-02
5.588121880750775844e-02
4.985640600480121393e-02
4.318458317217766657e-02
3.651666750311942378e-02
3.050344542436785045e-02
2.573260190144921813e-02
2.267155187070120023e-02
2.162153266563147588e-02
2.268750892533041158e-02
2.576706726636224243e-02
3.055970501519518837e-02
3.659588564557025164e-02
4.328315500591550097e-02
