4.709675546044708033e-02
5.008815771456209820e-02
5.239394100151695266e-02
5.379135990714306592e-02
5.415179402562014799e-02
5.345018804306029409e-02
5.176360920462114157e-02
4.926054304124194427e-02
4.618314731106441112e-02
4.282464698884652643e-02
3.950365905173277431e-02
3.653683192978727373e-02
3.421105320618800932e-02
3.275673872958718286e-02
3.232427539798369415e-02
3.296626812469203444e-02
3.462846013858955629e-02
3.715172375128476812e-02
4.028623033985442858e-02
4.371698413003186068e-02
4.709781292831632937e-02
5.008925370694213008e-02
5.239505818938432896e-02
5.379247754125253411e-02
5.415289026942633754e-02
5.345124222406796854e-02
5.176460376090225024e-02
4.926146500974400155e-02
4.618398927669589010e-02
4.282540747434992329e-02
3.950434237216494948e-02
3.653744756356395312e-02
3.421161475362971549e-02
3.275726254728537901e-02
3.232477901781917462e-02
3.296676858987752229e-02
3.462897240974705665e-02
3.715225934417516751e-02
4.028679634372004520e-02
4.371758271713799965e-02
4.709844140435406890e-02
5.008990507892385063e-02
5.239572215830290425e-02
5.379314177538122022e-02
5.415354179083708974e-02
5.345186874665109472e-02
5.176519484722076625e-02
4.926201295557534193e-02
4.618448967509090203e-02
4.282585944734564054e-02
3.950474848429325753e-02
3.653781344804835768e-02
3.421194849343296707e-02
3.275757386348499695e-02
3.232507832999349101e-02
3.296706602717510565e-02
3.462927686358730633e-02
3.715257765862690909e-02
4.028713273206898510e-02
4.371793847041512832e-02
4.709881492127042379e-02
5.009029220340256022e-02
5.239611676941337975e-02
5.379353654411319491e-02
5.415392900412151905e-02
5.345224110258547240e-02
5.176554614261588694e-02
4.926233861164312777e-02
4.618478707268663941e-02
4.282612806467650524e-02
3.950498984551615439e-02
3.653803090111253093e-02
3.421214684221815516e-02
3.275775888543713821e-02
3.232525621769311019e-02
3.296724280059343259e-02
3.462945780709061200e-02
3.715276683979124722e-02
4.028733265494353899e-02
4.371814990228674314e-02
4.709903691045441015e-02
5.009052227985048150e-02
5.239635129533148916e-02
5.379377116370950840e-02
5.415415913335239195e-02
5.345246240177592423e-02
5.176575492506995529e-02
4.926253215609230351e-02
4.618496382251380955e-02
4.282628770976928262e-02
3.950513329171395638e-02
3.653816013817448582e-02
3.421226472519275918e-02
3.275786884798613519e-02
3.232536194019918624e-02
3.296734786085879498e-02
3.462956534572585177e-02
3.715287927424695824e-02
4.028745147342846500e-02
4.371827556081495786e-02
