4.463068091579806135e-02
4.573841528986931360e-02
4.661668353256034208e-02
4.717952401959315395e-02
4.737188172555417687e-02
4.717498241207691151e-02
4.660814953612302247e-02
4.572689399166760676e-02
4.461747083403303643e-02
4.338843943435870959e-02
4.216005191741566821e-02
4.105250289555838206e-02
4.017418273628158010e-02
3.961107705341650187e-02
3.941834644434723950e-02
3.961491199783129941e-02
4.018158230075202092e-02
4.106291325240579715e-02
4.217262580577192665e-02
4.340205494371193740e-02
4.463080155257537207e-02
4.573853878692250158e-02
4.661680926464249752e-02
4.717965113187767845e-02
4.737200921781344748e-02
4.717510923685639540e-02
4.660827470126463479e-02
4.572701665715384056e-02
4.461759039371861885e-02
4.338855557466658741e-02
4.216016464733798180e-02
4.105261254510666341e-02
4.017428992360047579e-02
3.961118262381935207e-02
3.941845138726204206e-02
3.961501734979450823e-02
4.018168904395060664e-02
4.106302221870315045e-02
4.217273759561607216e-02
4.340216986785660341e-02
4.463091960229323418e-02
4.573865963557847969e-02
4.661693230039819225e-02
4.717977551823796661e-02
4.737213397600058967e-02
4.717523334187855716e-02
4.660839718224082939e-02
4.572713669208033210e-02
4.461770738944883380e-02
4.338866922434820445e-02
4.216027495977023309e-02
4.105271984322382550e-02
4.017439481229113929e-02
3.961128593026904537e-02
3.941855407968052755e-02
3.961512044248970826e-02
4.018179349804635453e-02
4.106312884822386350e-02
4.217284698813334592e-02
4.340228232745995535e-02
4.463103512044246796e-02
4.573877789264300248e-02
4.661705269766032445e-02
4.717989723714137440e-02
4.737225605875731299e-02
4.717535478547769945e-02
4.660851703662154122e-02
4.572725415286697098e-02
4.461782187621467222e-02
4.338878043682130314e-02
4.216038290656116266e-02
4.105282484034173535e-02
4.017449745165235092e-02
3.961138702132042944e-02
3.941865456986864275e-02
3.961522132437082094e-02
4.018189571213302835e-02
4.106323319108364650e-02
4.217295403473735743e-02
4.340239237537646400e-02
4.463114816131468626e-02
4.573889361369475048e-02
4.661717051301336734e-02
4.718001634579316317e-02
4.737237552345966579e-02
4.717547362472918754e-02
4.660863432073535789e-02
4.572736909471704358e-02
4.461793390782185786e-02
4.338888926435251897e-02
4.216048853844247407e-02
4.105292758580550427e-02
4.017459788992144842e-02
3.961148594448311855e-02
3.941875290505365143e-02
3.961532004284893521e-02
4.018199573424762611e-02
4.106333529632002349e-02
4.217305878573663486e-02
4.340250006332557753e-02
