4.340254177934230878e-02
4.352177116350446767e-02
4.361565059288874391e-02
4.367499276387536156e-02
4.369399430350087710e-02
4.367080208806823488e-02
4.360769233549623841e-02
4.351084582124049860e-02
4.338974197461498150e-02
4.325623150423765079e-02
4.312337812522831770e-02
4.300418209726817459e-02
4.291030964225101690e-02
4.285095186122272332e-02
4.283192450817922825e-02
4.285509694569821643e-02
4.291820685097788579e-02
4.301507969132871423e-02
4.313623224013023866e-02
4.326980139701543104e-02
4.340270718798491106e-02
4.352193543137088116e-02
4.361581363181345206e-02
4.367515445438058252e-02
4.369415450846798887e-02
4.367096066783503899e-02
4.360784916289218299e-02
4.351100079509884200e-02
4.338989503048909513e-02
4.325638262133645051e-02
4.312352732897430097e-02
4.300432945731583884e-02
4.291045526624832213e-02
4.285109588499299432e-02
4.283206708334099527e-02
4.285523822597167576e-02
4.291834697852960762e-02
4.301521878447899655e-02
4.313637038359514203e-02
4.326993863558599440e-02
4.340284352419676583e-02
4.352207082731107679e-02
4.361594801481141065e-02
4.367528772595924424e-02
4.369428655560880087e-02
4.367109137542240366e-02
4.360797842610590613e-02
4.351112853055525559e-02
4.339002118506888467e-02
4.325650717790228278e-02
4.312365030848026859e-02
4.300445091717432916e-02
4.291057529518683272e-02
4.285121459496296636e-02
4.283218459931182470e-02
4.285535467464533094e-02
4.291846247708458462e-02
4.301533343043979774e-02
4.313648424678889759e-02
4.327005175293215794e-02
4.340295589778452034e-02
4.352218242588896252e-02
4.361605877848397095e-02
4.367539757355646396e-02
4.369439539397594607e-02
4.367119910967834362e-02
4.360808496985515981e-02
4.351123381506777354e-02
4.339012516656259866e-02
4.325660984225108974e-02
4.312375167295515177e-02
4.300455102909709476e-02
4.291067422769070938e-02
4.285131244032115011e-02
4.283228146053095348e-02
4.285545065615690291e-02
4.291855767547232692e-02
4.301542792608650106e-02
4.313657809724855824e-02
4.327014498863453185e-02
4.340304852045038381e-02
4.352227440976175893e-02
4.361615007419435835e-02
4.367548811420244453e-02
4.369448510277530728e-02
4.367128790842569885e-02
4.360817278733985364e-02
4.351132059464001001e-02
4.339021087213623673e-02
4.325669446218410874e-02
4.312383522148176274e-02
4.300463354522178483e-02
4.291075577169201766e-02
4.285139308825601512e-02
4.283236129729854624e-02
4.285552976783587459e-02
4.291863614166987334e-02
4.301550581305706861e-02
4.313665545243024202e-02
4.327022183710872716e-02
