4.995640845329864244e-02
5.597746770515397985e-02
6.074803244997819401e-02
6.380146240068855501e-02
6.484019041948299589e-02
6.376434461139457444e-02
6.068083502068659374e-02
5.589227886266979334e-02
4.986708078063765287e-02
4.319370997513004296e-02
3.652360094551942993e-02
3.050807497742933153e-02
2.573519464295447381e-02
2.267249963355443682e-02
2.162111466864064316e-02
2.268576917162259954e-02
2.576385537555855865e-02
3.055485952649480280e-02
3.658947750604778920e-02
4.327568024232494870e-02
4.995717143418158118e-02
5.597832169314352624e-02
6.074895818544795434e-02
6.380243358494781802e-02
6.484117631704364171e-02
6.376531307250329905e-02
6.068175562488265645e-02
5.589312587698979512e-02
4.986783564843044053e-02
4.319436309966959153e-02
3.652415260130350422e-02
3.050853526477085090e-02
2.573558249120569755e-02
2.267284094778391698e-02
2.162143979640749822e-02
2.268610993331540010e-02
2.576424194683106517e-02
3.055531747914451771e-02
3.659002530104590867e-02
4.327632742558040757e-02
4.995791771559747463e-02
5.597915699984380711e-02
6.074986368060890374e-02
6.380338354576572946e-02
6.484214067992424835e-02
6.376626038949426145e-02
6.068265613865217456e-02
5.589395441464414804e-02
4.986857405629462753e-02
4.319500198832204596e-02
3.652469223734396836e-02
3.050898552672266437e-02
2.573596189472890372e-02
2.267317483291893601e-02
2.162175784962185043e-02
2.268644328251037331e-02
2.576462011155997503e-02
3.055576547573417290e-02
3.659056118996628637e-02
4.327696054621857358e-02
4.995864778510786253e-02
5.597997416500675311e-02
6.075074951434460135e-02
6.380431288418503266e-02
6.484308411217029611e-02
6.376718714997693660e-02
6.068353711532326750e-02
5.589476498010383793e-02
4.986929644986888566e-02
4.319562702338541199e-02
3.652522017389472214e-02
3.050942602837795198e-02
2.573633307518620114e-02
2.267350148258283002e-02
2.162206901140530449e-02
2.268676940980768331e-02
2.576499008452290060e-02
3.055620376905644406e-02
3.659108547330477273e-02
4.327757995710913852e-02
4.995936204723729068e-02
5.598077363885362034e-02
6.075161617204324904e-02
6.380522210674373362e-02
6.484400712538250511e-02
6.376809385404251518e-02
6.068439902803093172e-02
5.589555800670331642e-02
4.987000321365542277e-02
4.319623853613582115e-02
3.652573668963098041e-02
3.050985700134855455e-02
2.573669622700690274e-02
2.267382106725921581e-02
2.162237344359214247e-02
2.268708848425574423e-02
2.576535205687573854e-02
3.055663258486077116e-02
3.659159842029039572e-02
4.327818597541005508e-02
