4.769275041978079943e-02
5.050631734449301247e-02
5.256593877575496676e-02
5.368166178994507320e-02
5.376742627703693517e-02
5.284048666716898573e-02
5.101004719024508638e-02
4.845981569817255086e-02
4.542852089133699034e-02
4.219068707736970542e-02
3.903798498982651022e-02
3.626005081434052757e-02
3.412330214493684843e-02
3.284715392014735807e-02
3.257893230459647099e-02
3.337106655074506545e-02
3.516584906315395331e-02
3.779320396421722433e-02
4.098494606632469700e-02
4.440525472421119613e-02
4.769275127454859070e-02
5.050631819044230225e-02
5.256593959823604306e-02
5.368166257417587850e-02
5.376742701001657743e-02
5.284048733897426381e-02
5.101004779478919560e-02
4.845981623332421689e-02
4.542852135868950814e-02
4.219068748169237104e-02
3.903798533836483342e-02
3.626005111603929770e-02
3.412330240964714378e-02
3.284715415784614928e-02
3.257893252464560269e-02
3.337106676123584303e-02
3.516584927039694691e-02
3.779320417239596247e-02
4.098494627737734458e-02
4.440525493799475643e-02
4.769275148919261548e-02
5.050631840287214680e-02
5.256593980476749473e-02
5.368166277109746171e-02
5.376742719406806675e-02
5.284048750767391528e-02
5.101004794659518699e-02
4.845981636770738815e-02
4.542852147604661828e-02
4.219068758322833818e-02
3.903798542589356768e-02
3.626005119180766845e-02
3.412330247611972817e-02
3.284715421753221093e-02
3.257893257989520619e-02
3.337106681408427700e-02
3.516584932242681344e-02
3.779320422466160567e-02
4.098494633037187002e-02
4.440525499167864709e-02
4.769275154308945386e-02
5.050631845621370020e-02
5.256593985663075147e-02
5.368166282055749500e-02
5.376742724029622000e-02
5.284048755004060183e-02
5.101004798471814317e-02
4.845981640145254066e-02
4.542852150551930646e-02
4.219068760872207030e-02
3.903798544787086267e-02
3.626005121082921667e-02
3.412330249281257666e-02
3.284715423251743927e-02
3.257893259377257072e-02
3.337106682736263458e-02
3.516584933550060549e-02
3.779320423779263666e-02
4.098494634368469308e-02
4.440525500516002977e-02
4.769275155663004612e-02
5.050631846961160798e-02
5.256593986965358428e-02
5.368166283296599284e-02
5.376742725188905780e-02
5.284048756066118957e-02
5.101004799427544950e-02
4.845981640991439687e-02
4.542852151291354446e-02
4.219068761512033416e-02
3.903798545338581921e-02
3.626005121560022665e-02
3.412330249700178814e-02
3.284715423628412068e-02
3.257893259725838653e-02
3.337106683069827884e-02
3.516584933878946079e-02
3.779320424109683385e-02
4.098494634702937178e-02
4.440525500855127539e-02
