4.505081265024055842e-02
4.664204661764338733e-02
4.790038158613392494e-02
4.870273164500818486e-02
4.897086406390774305e-02
4.867894165392540329e-02
4.785589718139193760e-02
4.658246653083938926e-02
4.498322241433632546e-02
4.321441252467132788e-02
4.144878032151697034e-02
3.985881031749435865e-02
3.859997899900535767e-02
3.779559942228925135e-02
3.752471859471180615e-02
3.781426435820285648e-02
3.863625446254435880e-02
3.991040021916180541e-02
4.151190167512962964e-02
4.328369580237566294e-02
4.505194657927010654e-02
4.664321641255135542e-02
4.790157865643498297e-02
4.870394442553706293e-02
4.897207917098447827e-02
4.868014520777260573e-02
4.785707616367784745e-02
4.658361004518971754e-02
4.498432272933240023e-02
4.321546580149344258e-02
4.144978695952792475e-02
3.985977488770118399e-02
3.860090977431412940e-02
3.779650755149795843e-02
3.752561700103624470e-02
3.781516646974437262e-02
3.863717289881490186e-02
3.991134556261047295e-02
4.151288144862550628e-02
4.328471375321467363e-02
4.505300233934050186e-02
4.664430556603589573e-02
4.790269320504541434e-02
4.870507360136912267e-02
4.897321051298000189e-02
4.868126579297649831e-02
4.785817387119481459e-02
4.658467472980207941e-02
4.498534719259710685e-02
4.321644646922560146e-02
4.145072420355982307e-02
3.986067296393112219e-02
3.860177638534425387e-02
3.779735307756851986e-02
3.752645347448319707e-02
3.781600639298389466e-02
3.863802802141627635e-02
3.991222573750705105e-02
4.151379368008638326e-02
4.328566153021116969e-02
4.505398531913750587e-02
4.664531963722629015e-02
4.790373092071388561e-02
4.870612493591180980e-02
4.897426386435866502e-02
4.868230912909765618e-02
4.785919590673363283e-02
4.658566601891591524e-02
4.498630103307744293e-02
4.321735953327852930e-02
4.145159683738498108e-02
3.986150913004046781e-02
3.860258325535022295e-02
3.779814031613545899e-02
3.752723228448130721e-02
3.781678841495836330e-02
3.863882419496315196e-02
3.991304523633405071e-02
4.151464302561429925e-02
4.328654397089407718e-02
4.505490053586733851e-02
4.664626380202132466e-02
4.790469710002218801e-02
4.870710379525806932e-02
4.897524460150767811e-02
4.868328054140447225e-02
4.786014748684352255e-02
4.658658897214790207e-02
4.498718911924889929e-02
4.321820965400186010e-02
4.145240931499387382e-02
3.986228765388597634e-02
3.860333450265984040e-02
3.779887328532642587e-02
3.752795740613847075e-02
3.781751652717007389e-02
3.863956548318912831e-02
3.991380824188003190e-02
4.151543382033787838e-02
4.328736557931250895e-02
