4.510481860103807833e-02
4.668554680405381102e-02
4.792834608998942925e-02
4.871182088017881467e-02
4.896009697988849829e-02
4.864993924618140481e-02
4.781262180364317937e-02
4.653052208753206964e-02
4.492890310516449437e-02
4.316374651432704906e-02
4.140679125308481534e-02
3.982912550573448895e-02
3.858478502661267379e-02
3.779583166948800171e-02
3.754031250910297435e-02
3.784431271008618924e-02
3.867899680279474756e-02
3.996308285317806686e-02
4.157064108741882064e-02
4.334351454029868739e-02
4.510711018139785394e-02
4.668789590771708214e-02
4.793073455042549946e-02
4.871422504211965487e-02
4.896249014695391866e-02
4.865229436111987577e-02
4.781491409240763019e-02
4.653273141457636708e-02
4.493101582632392371e-02
4.316575666894511415e-02
4.140870100212816485e-02
3.983094479193220044e-02
3.858653050147935887e-02
3.779752499651689579e-02
3.754197820843752781e-02
3.784597575318303375e-02
3.868068019126615770e-02
3.996480541991983410e-02
4.157241573766465997e-02
4.334534710572458815e-02
4.510899899575554484e-02
4.668983213513686753e-02
4.793270321730797728e-02
4.871620665082591894e-02
4.896446269323272149e-02
4.865423554327819727e-02
4.781680349066198127e-02
4.653455243238377448e-02
4.493275721760589536e-02
4.316741352068330373e-02
4.141027509548066143e-02
3.983244432210361619e-02
3.858796919333004616e-02
3.779892070598529774e-02
3.754335114602969786e-02
3.784734650139518625e-02
3.868206770896907842e-02
3.996622522995754018e-02
4.157387847705840828e-02
4.334685758118064780e-02
4.511055583388418749e-02
4.669142805305133426e-02
4.793432587315541588e-02
4.871783997385359388e-02
4.896608854663699745e-02
4.865583554508860764e-02
4.781836081005719913e-02
4.653605338981521566e-02
4.493419254359504178e-02
4.316877916572064294e-02
4.141157252766899943e-02
3.983368029626618845e-02
3.858915502205742531e-02
3.780007110687255006e-02
3.754448277740438100e-02
3.784847632819327012e-02
3.868321135786722403e-02
3.996739549551935056e-02
4.157508412675468834e-02
4.334810257689418467e-02
4.511183904361080327e-02
4.669274347393850139e-02
4.793566333254178913e-02
4.871918622556691697e-02
4.896742864158178804e-02
4.865715433209282653e-02
4.781964441646813918e-02
4.653729054038734103e-02
4.493537559804520326e-02
4.316990478627592137e-02
4.141264192439943898e-02
3.983469903677459151e-02
3.859013243064512294e-02
3.780101931438440560e-02
3.754541551431491569e-02
3.784940757769694047e-02
3.868415400011210314e-02
3.996836007630834992e-02
4.157607787259545717e-02
4.334912875333294530e-02
