4.774968790609123576e-02
5.177127603025894614e-02
5.493784489214191546e-02
5.694054223401351367e-02
5.758684419080480760e-02
5.681805857856094683e-02
5.471332962496837371e-02
5.148041633473905698e-02
4.743470527884074278e-02
4.296875552277202442e-02
3.851519690272150326e-02
3.450611199479231006e-02
3.133222275805239154e-02
2.930531358609547374e-02
2.862731023955904230e-02
2.936918833234144696e-02
3.146227752890414647e-02
3.470348097611013899e-02
3.877447809374488796e-02
4.327329507283053656e-02
4.775499640176764093e-02
5.177699647740687666e-02
5.494387813409828958e-02
5.694675716533129095e-02
5.759309118661853910e-02
5.682418441427626588e-02
5.471919237510494693e-02
5.148589883245477394e-02
4.743972593404566923e-02
4.297327559246790635e-02
3.851922364432377316e-02
3.450969748627302769e-02
3.133545852401149051e-02
2.930832151758154189e-02
2.863023062534341204e-02
2.937216610780847559e-02
3.146544806163260877e-02
3.470695680460735705e-02
3.877833798337693150e-02
4.327757653548571642e-02
4.775969245695617371e-02
5.178205695727550878e-02
5.494921532167693773e-02
5.695225508079268528e-02
5.759861746729807302e-02
5.682960351308349867e-02
5.472437874048372702e-02
5.149074881508730606e-02
4.744416735687951442e-02
4.297727418228122764e-02
3.852278582124413209e-02
3.451286932004327124e-02
3.133832098005095296e-02
2.931098242438332988e-02
2.863281408658014532e-02
2.937480033768690574e-02
3.146825281039059702e-02
3.471003162719821927e-02
3.878175255801645516e-02
4.328136404632052653e-02
4.776384672883328408e-02
5.178653361020288393e-02
5.495393675857995763e-02
5.695711870242178149e-02
5.760350618165499537e-02
5.683439741112775168e-02
5.472896675552781087e-02
5.149503925582179370e-02
4.744809637331055124e-02
4.298081145528320074e-02
3.852593703025516264e-02
3.451567521974496094e-02
3.134085319489152838e-02
2.931333634269595728e-02
2.863509949421208511e-02
2.937713065678813906e-02
3.147073397562882152e-02
3.471275170788355735e-02
3.878477319359834724e-02
4.328471459249420838e-02
4.776752172287442727e-02
5.179049379223341076e-02
5.495811348388957018e-02
5.696142120862432434e-02
5.760783088564018495e-02
5.683863823774611135e-02
5.473302545184198509e-02
5.149883470893752702e-02
4.745157209960029765e-02
4.298394063353436906e-02
3.852872468467066769e-02
3.451815740314389397e-02
3.134309326841767940e-02
2.931541868974278306e-02
2.863712123464651205e-02
2.937919212726096407e-02
3.147292888913830189e-02
3.471515797319531249e-02
3.878744533882494405e-02
4.328767858656869943e-02
