4.874293500929061107e-02
5.376780099696908816e-02
5.774919581448156869e-02
6.029765246261655637e-02
6.116469321248175356e-02
6.026677695111473665e-02
5.769296886336862384e-02
5.369577572194834947e-02
4.866621409546257465e-02
4.309563362761750088e-02
3.752799462940697994e-02
3.250712871168833645e-02
2.852395163534660744e-02
2.596862507756874869e-02
2.509226735210499243e-02
2.598199790059515027e-02
2.855190095896956853e-02
3.255098712657320675e-02
3.758754510483573730e-02
4.316758306143065466e-02
4.874355936565565733e-02
5.376848890878595938e-02
5.774993379854992392e-02
6.029842211202856433e-02
6.116547301712127460e-02
6.026754441243285798e-02
5.769370269434145881e-02
5.369645791777206967e-02
4.866683167585014042e-02
4.309617988515111048e-02
3.752846976656985800e-02
3.250753980738800564e-02
2.852431194495420180e-02
2.596895273347186658e-02
2.509258358918378326e-02
2.598232497766816973e-02
2.855225997841469299e-02
3.255139596628978116e-02
3.758801666741280051e-02
4.316812401496011864e-02
4.874416950167365786e-02
5.376916118039796327e-02
5.775065503268481809e-02
6.029917432172509500e-02
6.116623518023754646e-02
6.026829453836157063e-02
5.769441997437737418e-02
5.369712474949472902e-02
4.866743536679648402e-02
4.309671387386192210e-02
3.752893424614270335e-02
3.250794169356415603e-02
2.852466419255459892e-02
2.596927306658558185e-02
2.509289276666631582e-02
2.598264476113611859e-02
2.855261100042034636e-02
3.255179570808792305e-02
3.758847774667246899e-02
4.316865295404314490e-02
4.874476609926060855e-02
5.376981854819787993e-02
5.775136029139053828e-02
6.029990988383483741e-02
6.116698048913701835e-02
6.026902808923338684e-02
5.769512141710137626e-02
5.369777686852102855e-02
4.866802574752726596e-02
4.309723609714490034e-02
3.752938849848782427e-02
3.250833473632348813e-02
2.852500869374487505e-02
2.596958635927322165e-02
2.509319515276174292e-02
2.598295752409527509e-02
2.855295432018812099e-02
3.255218668311127966e-02
3.758892871896298005e-02
4.316917030420032442e-02
4.874534963158919099e-02
5.377046152633652848e-02
5.775205011879055994e-02
6.030062935831916743e-02
6.116770950382239419e-02
6.026974560920526219e-02
5.769580753638388348e-02
5.369841474678706261e-02
4.866860324023654372e-02
4.309774692413610719e-02
3.752983284107607592e-02
3.250871920733904713e-02
2.852534568409510751e-02
2.596989282352702225e-02
2.509349094999907201e-02
2.598326347394480651e-02
2.855329016317549942e-02
3.255256914568725735e-02
3.758936987493653736e-02
4.316967639586783562e-02
