4.913671951985304487e-02
5.409778826900479842e-02
5.795875649858125284e-02
6.034605341158037761e-02
6.103851913905900678e-02
5.998422739197942916e-02
5.729953152090191959e-02
5.325272089327599823e-02
4.823572705898885454e-02
4.272737612715149513e-02
3.725116135197214379e-02
3.232993894409243868e-02
2.843976995405873842e-02
2.596553191413299849e-02
2.516177159278919911e-02
2.612313476373064394e-02
2.876900433050467651e-02
3.284619035435527162e-02
3.795144882650877682e-02
4.357254150530071035e-02
4.914321731050226572e-02
5.410483999038857850e-02
5.796620345489996579e-02
6.035369594927426223e-02
6.104613825918636660e-02
5.999160699662477864e-02
5.730647899543167556e-02
5.325908423646027318e-02
4.824140737039225163e-02
4.273233481266717343e-02
3.725542184497039611e-02
3.233358306224574236e-02
2.844292927234397944e-02
2.596837480141252208e-02
2.516448687997257030e-02
2.612591338256584420e-02
2.877202061951819254e-02
3.284958496290883018e-02
3.795531514334706674e-02
4.357691722102158272e-02
4.914808210319606546e-02
5.411011950222911066e-02
5.797177887286232567e-02
6.035941779590617284e-02
6.105184257345868531e-02
5.999713198945981485e-02
5.731168045931069044e-02
5.326384837047559023e-02
4.824566012935877640e-02
4.273604730178737210e-02
3.725861160843783187e-02
3.233631135565193104e-02
2.844529460378514979e-02
2.597050322598359190e-02
2.516651977237757340e-02
2.612799369037275762e-02
2.877427886721556360e-02
3.285212645243994201e-02
3.795820979338114520e-02
4.358019324991118520e-02
4.915172429625270373e-02
5.411407218892830273e-02
5.797595309977524730e-02
6.036370165164008095e-02
6.105611330299313272e-02
6.000126846388111057e-02
5.731557471273803633e-02
5.326741520197618429e-02
4.824884410247791411e-02
4.273882678344950031e-02
3.726099973370104040e-02
3.233835398560734598e-02
2.844706548988058109e-02
2.597209674366696142e-02
2.516804176664427448e-02
2.612955118379830036e-02
2.877596958141066114e-02
3.285402922529861297e-02
3.796037697190232652e-02
4.358264596072631419e-02
4.915445114836598794e-02
5.411703150270139040e-02
5.797907827718947610e-02
6.036690890641153301e-02
6.105931073038704804e-02
6.000436537660251007e-02
5.731849027844908295e-02
5.327008563208972258e-02
4.825122789259917583e-02
4.274090773723967368e-02
3.726278768517127249e-02
3.233988327022537662e-02
2.844839132418543540e-02
2.597328978505784869e-02
2.516918125958894983e-02
2.613071725439993637e-02
2.877723539228868935e-02
3.285545380113172320e-02
3.796199950405614032e-02
4.358448226637501310e-02
