4.328937805445894765e-02
4.340961234634285043e-02
4.350499036558626298e-02
4.356617592085218482e-02
4.358717999576247615e-02
4.356594690508003298e-02
4.350455539544145073e-02
4.340901505289476020e-02
4.328867798841338349e-02
4.315532341046723203e-02
4.302200468453286353e-02
4.290177170282577501e-02
4.280639358020980195e-02
4.274520666558247889e-02
4.272420061264498026e-02
4.274543198034709557e-02
4.280682279844901655e-02
4.290236386340672697e-02
4.302270290669566594e-02
4.315606008232648894e-02
4.328938115072990950e-02
4.340961544277055495e-02
4.350499346046787785e-02
4.356617901183591768e-02
4.358718308009103953e-02
4.356594997987207202e-02
4.350455845798365667e-02
4.340901810091556817e-02
4.328868102031260129e-02
4.315532642547822290e-02
4.302200768280321080e-02
4.290177468540771338e-02
4.280639654896291335e-02
4.274520962299756949e-02
4.272420356160740174e-02
4.274543492386238819e-02
4.280682573935824103e-02
4.290236680411874809e-02
4.302270584896283195e-02
4.315606302708507175e-02
4.328938409802093878e-02
4.340961839174790893e-02
4.350499640949308244e-02
4.356618195864928045e-02
4.358718602204261772e-02
4.356595291419002036e-02
4.350456138205238688e-02
4.340902101253831663e-02
4.328868391793094794e-02
4.315532930832917391e-02
4.302201055099758031e-02
4.290177753992259480e-02
4.280639939155017615e-02
4.274521245601659719e-02
4.272420638779909213e-02
4.274543774608701580e-02
4.280682856032216876e-02
4.290236962611736898e-02
4.302270867366440876e-02
4.315606585537638124e-02
4.328938692992972959e-02
4.340962122644927146e-02
4.350499924539913410e-02
4.356618479357268758e-02
4.358718885341827248e-02
4.356595573933202958e-02
4.350456419842291256e-02
4.340902381799982557e-02
4.328868671095943005e-02
4.315533208816613175e-02
4.302201331772655818e-02
4.290178029446399532e-02
4.280640213557336538e-02
4.274521519177966467e-02
4.272420911793144149e-02
4.274544047333642127e-02
4.280683128729061149e-02
4.290237235501236090e-02
4.302271140608907724e-02
4.315606859217931829e-02
4.328938967112887920e-02
4.340962397123721006e-02
4.350500199222863407e-02
4.356618754031436197e-02
4.358719159757443867e-02
4.356595847828624579e-02
4.350456692969957573e-02
4.340902653951010659e-02
4.328868942120782382e-02
4.315533478639920623e-02
4.302201600400824139e-02
4.290178296967098182e-02
4.280640480131108622e-02
4.274521785022726561e-02
4.272421177163091000e-02
4.274544312494700515e-02
4.280683393933236436e-02
4.290237500962334333e-02
4.302271406482108956e-02
4.315607125585125409e-02
