4.329444408818908935e-02
4.341330238018322601e-02
4.350687065092714162e-02
4.356599221003894240e-02
4.358488547931768653e-02
4.356170810104979113e-02
4.349873491192662173e-02
4.340213326647246461e-02
4.328135846687773680e-02
4.314822880982289305e-02
4.301577056315927794e-02
4.289694523413968563e-02
4.280338280819833557e-02
4.274424419329114072e-02
4.272532388958687893e-02
4.274848094876017301e-02
4.281145462464916451e-02
4.290808366658929729e-02
4.302890855492952360e-02
4.316209806031807289e-02
4.329460920097744775e-02
4.341346635231124046e-02
4.350703339440235851e-02
4.356615360564634887e-02
4.358504539026428898e-02
4.356186638803159761e-02
4.349889144812832398e-02
4.340228795104333209e-02
4.328151123561697206e-02
4.314837964209208149e-02
4.301591948442785862e-02
4.289709231400091333e-02
4.280352815413822343e-02
4.274438794088547544e-02
4.272546619014881697e-02
4.274862195567771805e-02
4.281159447976218280e-02
4.290822248792854759e-02
4.302904642698538590e-02
4.316223502774150372e-02
4.329474526626434644e-02
4.341360147760893462e-02
4.350716750719707537e-02
4.356628660769770039e-02
4.358517716884538484e-02
4.356199682834523829e-02
4.349902044566852227e-02
4.340241542270092956e-02
4.328163712848559497e-02
4.314850393916563193e-02
4.301604220669378448e-02
4.289721351880964456e-02
4.280364793006521257e-02
4.274450639965523407e-02
4.272558345645646044e-02
4.274873815592628024e-02
4.281170973083835846e-02
4.290833688709699834e-02
4.302916004387376953e-02
4.316234789914687869e-02
4.329485739424093760e-02
4.341371283096411016e-02
4.350727802617520429e-02
4.356639621134028584e-02
4.358528576425684670e-02
4.356210432092423590e-02
4.349912674929315437e-02
4.340252046888296023e-02
4.328174087362825911e-02
4.314860636925243326e-02
4.301614333902096382e-02
4.289731340063818871e-02
4.280374663438741428e-02
4.274460401854263125e-02
4.272568009266480143e-02
4.274883391362131052e-02
4.281180470634287499e-02
4.290843116056575202e-02
4.302925367268468915e-02
4.316244091362293755e-02
4.329494979607665522e-02
4.341380459445356305e-02
4.350736910207537306e-02
4.356648653293565543e-02
4.358537525499351500e-02
4.356219290284363277e-02
4.349921435142585502e-02
4.340260703479095761e-02
4.328182636738223815e-02
4.314869077930235525e-02
4.301622667962091973e-02
4.289739571073412916e-02
4.280382797413114643e-02
4.274468446380531861e-02
4.272575972812687334e-02
4.274891282512291446e-02
4.281188297326217473e-02
4.290850884895514028e-02
4.302933082982753760e-02
4.316251756450827787e-02
