4.659005200447065981e-02
4.964404774873915765e-02
5.205734914624980669e-02
5.359408034893486938e-02
5.410500376909342657e-02
5.354167642035706498e-02
5.196059495358468922e-02
4.951715166006452618e-02
4.645018858962284003e-02
4.305875075657135398e-02
3.967326321673711464e-02
3.662378236198177844e-02
3.420820269008910397e-02
3.266333491954249296e-02
3.214159509516393426e-02
3.269563519895243853e-02
3.427259071896453235e-02
3.671873684534684990e-02
3.979429629041689870e-02
4.319704160257515496e-02
4.659233157086908189e-02
4.964646807135054962e-02
5.205987806226620301e-02
5.359667461627486140e-02
5.410761340681412984e-02
5.354424965337141462e-02
5.196308326820481271e-02
4.951951448065989442e-02
4.645239713646977936e-02
4.306079073206440372e-02
3.967513608131726516e-02
3.662550509211694866e-02
3.420980604868045782e-02
3.266486040483825015e-02
3.214309085784610581e-02
3.269715131814240200e-02
3.427417429579267955e-02
3.672042739795638305e-02
3.979612191057538273e-02
4.319901626059185346e-02
4.659445383823767467e-02
4.964872138220034065e-02
5.206223247314919339e-02
5.359908986898311717e-02
5.411004296928661333e-02
5.354664532320553560e-02
5.196539987934668814e-02
4.952171425735773375e-02
4.645445328491352999e-02
4.306268994123885197e-02
3.967687971088853377e-02
3.662710894710918125e-02
3.421129876923443419e-02
3.266628062565988394e-02
3.214448340703133372e-02
3.269856281915646534e-02
3.427564859960265109e-02
3.672200129579897970e-02
3.979782155577607505e-02
4.320085465945352338e-02
4.659642966082605531e-02
4.965081920575533520e-02
5.206442442043836272e-02
5.360133845977278072e-02
5.411230488241046410e-02
5.354887568241568918e-02
5.196755663522525936e-02
4.952376224082745415e-02
4.645636755104289722e-02
4.306445809752527942e-02
3.967850302317443845e-02
3.662860212981106089e-02
3.421268848621050740e-02
3.266760284566999628e-02
3.214577986485658845e-02
3.269987692106011978e-02
3.427702117066325910e-02
3.672346658851291523e-02
3.979940391878669659e-02
4.320256620157759964e-02
4.659826914390106933e-02
4.965277227125140802e-02
5.206646511476149819e-02
5.360343188897255529e-02
5.411441071465099284e-02
5.355095213808661048e-02
5.196956456648265527e-02
4.952566890539939620e-02
4.645814972529563325e-02
4.306610424408718885e-02
3.968001432054049649e-02
3.662999227704494959e-02
3.421398230725952033e-02
3.266883382730850771e-02
3.214698686200209710e-02
3.270110034477347050e-02
3.427829902893201469e-02
3.672483077027727250e-02
3.980087709253820466e-02
4.320415964057684743e-02
