4.332904413754286310e-02
4.343652503554366884e-02
4.351646635560988546e-02
4.356106361251321085e-02
4.356599174597203944e-02
4.353081303341976155e-02
4.345900288237824344e-02
4.335759748409993841e-02
4.323650243891522665e-02
4.310753101801133302e-02
4.298326319116333588e-02
4.287583124521456707e-02
4.279574437682383270e-02
4.275086266602625557e-02
4.274561982499196916e-02
4.278057378409391709e-02
4.285233498418189457e-02
4.295388593187887682e-02
4.307526543204429764e-02
4.320455156152122611e-02
4.332904414263522019e-02
4.343652504027190747e-02
4.351646635998842466e-02
4.356106361656272852e-02
4.356599174971538535e-02
4.353081303687602460e-02
4.345900288557180691e-02
4.335759748703871957e-02
4.323650244162691170e-02
4.310753102050705193e-02
4.298326319346312818e-02
4.287583124732678719e-02
4.279574437877618071e-02
4.275086266782762018e-02
4.274561982665626286e-02
4.278057378563096536e-02
4.285233498560928056e-02
4.295388593319392906e-02
4.307526543326683360e-02
4.320455156265847613e-02
4.332904414369845997e-02
4.343652504124598246e-02
4.351646636088932901e-02
4.356106361739228022e-02
4.356599175048491562e-02
4.353081303758869064e-02
4.345900288622788626e-02
4.335759748764170252e-02
4.323650244217731864e-02
4.310753102102192480e-02
4.298326319394017020e-02
4.287583124776632448e-02
4.279574437917460505e-02
4.275086266820118247e-02
4.274561982700691987e-02
4.278057378596096527e-02
4.285233498591202450e-02
4.295388593348729162e-02
4.307526543352867276e-02
4.320455156290155252e-02
4.332904414392200337e-02
4.343652504145998489e-02
4.351646636108302824e-02
4.356106361757808298e-02
4.356599175065725693e-02
4.353081303774799377e-02
4.345900288637802311e-02
4.335759748778274247e-02
4.323650244230873435e-02
4.310753102113341895e-02
4.298326319403340812e-02
4.287583124785525335e-02
4.279574437925764974e-02
4.275086266826900322e-02
4.274561982706154284e-02
4.278057378600683136e-02
4.285233498595598933e-02
4.295388593352614942e-02
4.307526543356663545e-02
4.320455156293527554e-02
4.332904414395137571e-02
4.343652504148520777e-02
4.351646636111348998e-02
4.356106361760721246e-02
4.356599175067754626e-02
4.353081303776423078e-02
4.345900288639252540e-02
4.335759748779762640e-02
4.323650244232889184e-02
4.310753102115367358e-02
4.298326319405550849e-02
4.287583124787065075e-02
4.279574437927593372e-02
4.275086266828534431e-02
4.274561982707933416e-02
4.278057378602423411e-02
4.285233498597045693e-02
4.295388593353060419e-02
4.307526543357124982e-02
4.320455156293903642e-02
