4.462997011975235878e-02
4.573845665951153244e-02
4.661780402834389547e-02
4.718193937094743162e-02
4.737565780073387661e-02
4.718001993262069954e-02
4.661419700795977478e-02
4.573358635752360762e-02
4.462438470036882848e-02
4.339515201910049830e-02
4.216619125961369730e-02
4.105778103573765742e-02
4.017840984480538363e-02
3.961416048450570188e-02
3.942028225970077571e-02
3.961577648764778165e-02
4.018152771853671784e-02
4.106216696050444398e-02
4.217148755192160620e-02
4.340088507710940929e-02
4.462999463004641010e-02
4.573848176700959223e-02
4.661782960676787158e-02
4.718196524698814454e-02
4.737568377105890599e-02
4.718004578380073644e-02
4.661422253735965360e-02
4.573361139311355600e-02
4.462440911752091344e-02
4.339517575273272448e-02
4.216621431049962648e-02
4.105780347037223804e-02
4.017843178884509397e-02
3.961418211042751908e-02
3.942030376989175133e-02
3.961579809457969198e-02
4.018154962396753432e-02
4.106218933574262708e-02
4.217151052108610715e-02
4.340090870502223003e-02
4.463001891594217674e-02
4.573850664467239008e-02
4.661785495107592658e-02
4.718199088621871651e-02
4.737570950374031531e-02
4.718007139845600828e-02
4.661424783320645970e-02
4.573363619969440103e-02
4.462443331134621077e-02
4.339519926931341420e-02
4.216623715060064531e-02
4.105782569987872360e-02
4.017845353226282001e-02
3.961420353865566235e-02
3.942032508346630243e-02
3.961581950402978669e-02
4.018157132920696650e-02
4.106221150651466478e-02
4.217153328037572674e-02
4.340093211705996906e-02
4.463004297997019004e-02
4.573853129508004267e-02
4.661788006388500188e-02
4.718201629127510149e-02
4.737573500141216420e-02
4.718009677919727390e-02
4.661427289806768098e-02
4.573366077977361610e-02
4.462445728428026531e-02
4.339522257120136117e-02
4.216625978219865067e-02
4.105784772646954572e-02
4.017847507721483691e-02
3.961422477130726455e-02
3.942034620252277827e-02
3.961584071809856611e-02
4.018159283637737222e-02
4.106223347498095394e-02
4.217155583200118962e-02
4.340095531548916058e-02
4.463006682445264800e-02
4.573855572060423619e-02
4.661790494760365694e-02
4.718204146458661319e-02
4.737576026650562599e-02
4.718012192843767244e-02
4.661429773431979839e-02
4.573368513567564742e-02
4.462448103858419890e-02
4.339524566058795135e-02
4.216628220741679839e-02
4.105786955220588202e-02
4.017849642571229285e-02
3.961424581035954962e-02
3.942036712902294987e-02
3.961586173875206174e-02
4.018161414746739685e-02
4.106225524316847036e-02
4.217157817803857817e-02
4.340097830244119687e-02
