4.791553324160788968e-02
5.198775331667283145e-02
5.521876362521385001e-02
5.729231126797100504e-02
5.800551683903892169e-02
5.728869782770803359e-02
5.521213959897677825e-02
5.197917027290299696e-02
4.790623460593842337e-02
4.339192614283741978e-02
3.887800594341238314e-02
3.480620995654783167e-02
3.157505393398454818e-02
2.950084689338056468e-02
2.878672063186042338e-02
2.950270993035493047e-02
3.157884702161353058e-02
3.481196539544132579e-02
3.888556417676496818e-02
4.340079739183894114e-02
4.791555163903073872e-02
5.198777327331727954e-02
5.521878481756074819e-02
5.729233325136432603e-02
5.800553909128186580e-02
5.728871980021688071e-02
5.521216077047425702e-02
5.197919020039951099e-02
4.790625296802050043e-02
4.339194277104373859e-02
3.887802083863993452e-02
3.480622328889688977e-02
3.157506602606178353e-02
2.950085818869356211e-02
2.878673165138974713e-02
2.950272122155028071e-02
3.157885910480138364e-02
3.481197871289357787e-02
3.888557904941780663e-02
4.340081398790919531e-02
4.791556995760434118e-02
5.198779314451600769e-02
5.521880591926203730e-02
5.729235514082129527e-02
5.800556124853305240e-02
5.728874167901931019e-02
5.521218185176825222e-02
5.197921004307363979e-02
4.790627125201761538e-02
4.339195932860469979e-02
3.887803567064373328e-02
3.480623656470800686e-02
3.157507806690752761e-02
2.950086943619390639e-02
2.878674262431551653e-02
2.950273246503537505e-02
3.157887113697752102e-02
3.481199197417222252e-02
3.888559385939154012e-02
4.340083051409696774e-02
4.791558819910761435e-02
5.198781293218255467e-02
5.521882693233226558e-02
5.729237693841456036e-02
5.800558331287277575e-02
5.728876346615225518e-02
5.521220284480524848e-02
5.197922980274229804e-02
4.790628945958975982e-02
4.339197581701130513e-02
3.887805044074765792e-02
3.480624978515637485e-02
3.157509005757875437e-02
2.950088063686089751e-02
2.878675355158539020e-02
2.950274366177352281e-02
3.157888311916438873e-02
3.481200518039520575e-02
3.888560860792357465e-02
4.340084697177210016e-02
4.791560636504081649e-02
5.198783263793088638e-02
5.521884785847153143e-02
5.729239864589304176e-02
5.800560528605695071e-02
5.728878516333536092e-02
5.521222375122864651e-02
5.197924948094013314e-02
4.790630759213992257e-02
4.339199223752318590e-02
3.887806515007176389e-02
3.480626295123652458e-02
3.157510199897038683e-02
2.950089179152391716e-02
2.878676443400194837e-02
2.950275481258058871e-02
3.157889505222778725e-02
3.481201833250893024e-02
3.888562329606387591e-02
4.340086336209666995e-02
