5.031809748715664748e-02
5.625228777575694283e-02
6.086350956871579981e-02
6.370666108878608735e-02
6.452135043130741154e-02
6.325046610237336497e-02
6.003715169153915621e-02
5.520375024208957343e-02
4.921737984441676428e-02
4.264652293228066854e-02
3.611198560586308809e-02
3.023457735497653634e-02
2.558150205217645315e-02
2.261401387145026837e-02
2.164019929405246873e-02
2.277819694502074624e-02
2.593591562636877318e-02
3.081258421085411592e-02
3.692492439529401066e-02
4.365672110433784642e-02
5.032608416253659539e-02
5.626108907310307938e-02
6.087289628937286173e-02
6.371634551875914043e-02
6.453101772362958288e-02
6.325980632202748977e-02
6.004588918903675659e-02
5.521166786063523568e-02
4.922433639673275824e-02
4.265246319256713742e-02
3.611694264891439354e-02
3.023866745632477343e-02
2.558491264337160037e-02
2.261698535366494026e-02
2.164300194458565127e-02
2.278110471170350163e-02
2.593917919386256807e-02
3.081640615582414283e-02
3.692943932018610820e-02
4.366198321412993744e-02
5.033206382574218624e-02
5.626767864778726286e-02
6.087992417337410866e-02
6.372359629919274737e-02
6.453825567302245991e-02
6.326679939050221246e-02
6.005243099646120908e-02
5.521759582064792587e-02
4.922954480172430508e-02
4.265691069470788771e-02
3.612065401146874466e-02
3.024172973535461939e-02
2.558746616980196037e-02
2.261921011703838316e-02
2.164510030284779937e-02
2.278328177094469942e-02
2.594162264292464506e-02
3.081926766485464098e-02
3.693281966669780675e-02
4.366592298165835467e-02
5.033654082904644167e-02
5.627261229482048016e-02
6.088518598475278765e-02
6.372902499422825051e-02
6.454367476139148685e-02
6.327203513532082824e-02
6.005732887990965913e-02
5.522203411351576247e-02
4.923344436020183484e-02
4.266024056147230820e-02
3.612343272689828161e-02
3.024402247875168995e-02
2.558937800762150008e-02
2.262087580833742340e-02
2.164667135401682554e-02
2.278491174592484070e-02
2.594345206527580786e-02
3.082141009076330360e-02
3.693535054878568230e-02
4.366887270501744467e-02
5.033989278347669738e-02
5.627630614066005815e-02
6.088912552885453189e-02
6.373308948494532666e-02
6.454773205955138815e-02
6.327595516326092739e-02
6.006099594937663877e-02
5.522535708524935194e-02
4.923636397884435800e-02
4.266273364912258337e-02
3.612551316482964792e-02
3.024573906702721776e-02
2.559080941001510082e-02
2.262212291961905944e-02
2.164784760776759451e-02
2.278613211622291732e-02
2.594482176280248423e-02
3.082301413559598857e-02
3.693724543267244004e-02
4.367108117742765638e-02
