3.750400256560550427e-01
3.758724234238284834e-01
3.771363976762806547e-01
3.787073600800632822e-01
3.804306828137871133e-01
3.821368344849797039e-01
3.836579749140273665e-01
3.848443843720332214e-01
3.855791190642751110e-01
3.857894582784317516e-01
3.854540226709237682e-01
3.846048669038854007e-01
3.833243417908727690e-01
3.817370331063176803e-01
3.799975661442137054e-01
3.782754698007830818e-01
3.767385817901437450e-01
3.755366194060901774e-01
3.747865240382575180e-01
3.745610140235295926e-01
3.748814663593438845e-01
3.757158240663492355e-01
3.769817340423606278e-01
3.785546082525416689e-01
3.802798191703779529e-01
3.819878356946772580e-01
3.835108179335510736e-01
3.846990464423140632e-01
3.854355777069828903e-01
3.856476912925409506e-01
3.853140081293208175e-01
3.844665831500192477e-01
3.831877674354398633e-01
3.816021470239872038e-01
3.798643474703934375e-01
3.781438979284193480e-01
3.766086363665634429e-01
3.754082803298817717e-01
3.746597714561809012e-01
3.744358283274726307e-01
3.747578281833093272e-01
3.755937142834812059e-01
3.768611337619987567e-01
3.784354988173250223e-01
3.801621821533703316e-01
3.818716528965319101e-01
3.833960713797142650e-01
3.845857183802555146e-01
3.853236506034597997e-01
3.855371478309032596e-01
3.852048312068432345e-01
3.843587558752594724e-01
3.830812731256418857e-01
3.814969692025064196e-01
3.797604698641573462e-01
3.780413044654181709e-01
3.765073111733738820e-01
3.753082077292131946e-01
3.745609359644603842e-01
3.743382146524556475e-01
3.746614212217160844e-01
3.754984991186688936e-01
3.767670956616611111e-01
3.783426232312118165e-01
3.800704547110465570e-01
3.817810594051583850e-01
3.833065978218519465e-01
3.844973509117001753e-01
3.852363755511077903e-01
3.854509516906362010e-01
3.851197006414409651e-01
3.842746777123442481e-01
3.829982343556379565e-01
3.814149569766329129e-01
3.796794714924402459e-01
3.779613074147321061e-01
3.764283030655017903e-01
3.752301763389339073e-01
3.744838692176600259e-01
3.742621006242610737e-01
3.745862481346509121e-01
3.754242553408333460e-01
3.766937697049312361e-01
3.782702037494669600e-01
3.799989304984142113e-01
3.817104193942771895e-01
3.832368310821629986e-01
3.844284466477590478e-01
3.851683231009145336e-01
3.853837405239839420e-01
3.850533203582894304e-01
3.842091180412102736e-01
3.829334851520080352e-01
3.813510082213928953e-01
3.796163132903284665e-01
3.778989299928028345e-01
3.763666967716214340e-01
3.751693316402808787e-01
3.744237766992558614e-01
3.742027509875115454e-01
