3.802445840788794551e-01
4.095154928049036802e-01
4.367880447270837685e-01
4.593926124442839765e-01
4.751165033730682108e-01
4.824205535144892587e-01
4.805897915504103723e-01
4.698034252175689041e-01
4.511172992056353137e-01
4.263605417225638794e-01
3.979565166812645272e-01
3.686856079552685572e-01
3.414130560330752573e-01
3.188084883158608385e-01
3.030845973871006405e-01
2.957805472456691009e-01
2.976113092097337209e-01
3.083976755425641425e-01
3.270838015545129984e-01
3.518405590375790482e-01
3.802445840788757914e-01
4.095154928048716503e-01
4.367880447270512390e-01
4.593926124442799797e-01
4.751165033730760934e-01
4.824205535144945323e-01
4.805897915504147577e-01
4.698034252175781189e-01
4.511172992056468045e-01
4.263605417225800887e-01
3.979565166812795707e-01
3.686856079552784382e-01
3.414130560330623787e-01
3.188084883158660010e-01
3.030845973871004184e-01
2.957805472456681573e-01
2.976113092097377733e-01
3.083976755425831273e-01
3.270838015545187716e-01
3.518405590375762726e-01
3.802445840788669096e-01
4.095154928048905241e-01
4.367880447271138000e-01
4.593926124442924142e-01
4.751165033730585519e-01
4.824205535144667767e-01
4.805897915504122597e-01
4.698034252175602443e-01
4.511172992056193265e-01
4.263605417225512784e-01
3.979565166812644716e-01
3.686856079552456866e-01
3.414130560330652653e-01
3.188084883158518457e-01
3.030845973871081900e-01
2.957805472456749296e-01
2.976113092097248392e-01
3.083976755425672511e-01
3.270838015544831889e-01
3.518405590375692782e-01
3.802445840788677422e-01
4.095154928048789222e-01
4.367880447270587885e-01
4.593926124442682668e-01
4.751165033730206932e-01
4.824205535144773238e-01
4.805897915504005469e-01
4.698034252175540826e-01
4.511172992056472486e-01
4.263605417225547756e-01
3.979565166812484844e-01
3.686856079552600640e-01
3.414130560330555508e-01
3.188084883158594507e-01
3.030845973871006960e-01
2.957805472456591644e-01
2.976113092097388280e-01
3.083976755425781313e-01
3.270838015544987876e-01
3.518405590375834890e-01
3.802445840788771236e-01
4.095154928048980181e-01
4.367880447270950928e-01
4.593926124442781478e-01
4.751165033730669895e-01
4.824205535144869272e-01
4.805897915504365181e-01
4.698034252175705139e-01
4.511172992056470821e-01
4.263605417225749816e-01
3.979565166812690236e-01
3.686856079552588983e-01
3.414130560330686515e-01
3.188084883158644467e-01
3.030845973871008625e-01
2.957805472456586093e-01
2.976113092097203427e-01
3.083976755425664185e-01
3.270838015544934030e-01
3.518405590375647263e-01
