3.320910992932614714e-01
3.582964690804984476e-01
3.865841639401081387e-01
4.141851872072698226e-01
4.383977584169477804e-01
4.568517824002569228e-01
4.677408507129535709e-01
4.699990654799957590e-01
4.634053769060841321e-01
4.486052211697509895e-01
4.270473406332163102e-01
4.008419708459929898e-01
3.725542759863907372e-01
3.449532527192299969e-01
3.207406815095403818e-01
3.022866575262349031e-01
2.913975892135307610e-01
2.891393744464873516e-01
2.957330630204050292e-01
3.105332187567448887e-01
3.320910992932845085e-01
3.582964690804918972e-01
3.865841639400892649e-01
4.141851872072384588e-01
4.383977584169319042e-01
4.568517824002424899e-01
4.677408507129426907e-01
4.699990654799975354e-01
4.634053769060767491e-01
4.486052211697322822e-01
4.270473406332115363e-01
4.008419708459873831e-01
3.725542759863914588e-01
3.449532527192323283e-01
3.207406815095476538e-01
3.022866575262376232e-01
2.913975892135344803e-01
2.891393744464788584e-01
2.957330630203937605e-01
3.105332187567355628e-01
3.320910992932630812e-01
3.582964690804999464e-01
3.865841639400893759e-01
4.141851872072425111e-01
4.383977584169229114e-01
4.568517824002417682e-01
4.677408507129434678e-01
4.699990654799941492e-01
4.634053769060778594e-01
4.486052211697491576e-01
4.270473406332113142e-01
4.008419708459893815e-01
3.725542759863927356e-01
3.449532527192352704e-01
3.207406815095459884e-01
3.022866575262252442e-01
2.913975892135234891e-01
2.891393744464827997e-01
2.957330630203986455e-01
3.105332187567400037e-01
3.320910992932661898e-01
3.582964690805022223e-01
3.865841639400910412e-01
4.141851872072500051e-01
4.383977584169436725e-01
4.568517824002557015e-01
4.677408507129677262e-01
4.699990654800038636e-01
4.634053769060895167e-01
4.486052211697532655e-01
4.270473406332068178e-01
4.008419708459859399e-01
3.725542759863737508e-01
3.449532527192220033e-01
3.207406815095325547e-01
3.022866575262223576e-01
2.913975892135181045e-01
2.891393744464796356e-01
2.957330630203918731e-01
3.105332187567302338e-01
3.320910992932636918e-01
3.582964690804893992e-01
3.865841639400924845e-01
4.141851872072474516e-01
4.383977584169340136e-01
4.568517824002507610e-01
4.677408507129545145e-01
4.699990654799959255e-01
4.634053769060711425e-01
4.486052211697448833e-01
4.270473406332235822e-01
4.008419708460116415e-01
3.725542759864094444e-01
3.449532527192500919e-01
3.207406815095672492e-01
3.022866575262446176e-01
2.913975892135329815e-01
2.891393744464894611e-01
2.957330630204057509e-01
3.105332187567372282e-01
