3.878443729988251820e-01
3.883155470463955927e-01
3.889416987992432850e-01
3.896612128923893081e-01
3.904033363962343683e-01
3.910951045986962304e-01
3.916684832921165649e-01
3.920670284281270734e-01
3.922514112470473213e-01
3.922032680436609020e-01
3.919269977274650874e-01
3.914493312196705710e-01
3.908167148373770661e-01
3.900907637975026820e-01
3.893422308831822054e-01
3.886440806615950039e-01
3.880643471970205427e-01
3.876594743959440037e-01
3.874687908776200396e-01
3.875106602082680762e-01
3.877806833407906328e-01
3.882521292177442129e-01
3.888785513871362842e-01
3.895983344984645380e-01
3.903407256362903532e-01
3.910327601023897981e-01
3.916064037026652511e-01
3.920052124020203532e-01
3.921898574537670545e-01
3.921419751654087738e-01
3.918659644588975421e-01
3.913885562676425733e-01
3.907561969206895247e-01
3.900305016466597552e-01
3.892822232401554894e-01
3.885843262795923847e-01
3.880048448402624861e-01
3.876002228394436200e-01
3.874097889069745837e-01
3.874519066194497818e-01
3.877221769399485929e-01
3.881938688210079813e-01
3.888205358204245843e-01
3.895405625973048513e-01
3.902831962456361214e-01
3.909754720764449520e-01
3.915493559047165673e-01
3.919484037042702540e-01
3.921332867371735698e-01
3.920856413195286105e-01
3.918098663817324301e-01
3.913326928654907166e-01
3.907005671080035492e-01
3.899751043459022126e-01
3.892270573816657975e-01
3.885293908014500475e-01
3.879501386881589187e-01
3.875457449665559162e-01
3.873555382738405051e-01
3.873978821938507400e-01
3.876683776967894124e-01
3.881402937422054333e-01
3.887671838947974745e-01
3.894874328204619984e-01
3.902302876198746051e-01
3.909227836106470289e-01
3.914968866142491954e-01
3.918961526108876159e-01
3.920812528689220366e-01
3.920338237106546497e-01
3.917582640725936205e-01
3.912813049024663203e-01
3.906493925434081915e-01
3.899241422379047251e-01
3.891763067942060617e-01
3.884788508041595034e-01
3.878998083562832377e-01
3.874956233808807271e-01
3.873056245206161208e-01
3.873481753647198822e-01
3.876188768887192659e-01
3.880909980574175355e-01
3.887180924406998805e-01
3.894385447095866648e-01
3.901816019698112759e-01
3.908742995439827284e-01
3.914486032585063890e-01
3.918480690984659232e-01
3.920333683370401667e-01
3.919861373012921146e-01
3.917107749324379440e-01
3.912340121828579154e-01
3.906022954002876801e-01
3.898772398317625898e-01
3.891295982900288553e-01
3.884323353713843852e-01
3.878534851687489571e-01
3.874494916167790515e-01
3.872596833624473711e-01
3.873024239992473583e-01
