3.897109745613240306e-01
3.909486983379349412e-01
3.920055125155958997e-01
3.927779687594082914e-01
3.931904536701512631e-01
3.932025903508339915e-01
3.928131907785674670e-01
3.920603720966517325e-01
3.910178254428202105e-01
3.897876025474203421e-01
3.884901261988782384e-01
3.872524024222899208e-01
3.861955882446041488e-01
3.854231320007897588e-01
3.850106470900220290e-01
3.849985104093524568e-01
3.853879099816188147e-01
3.861407286635384906e-01
3.871832753173545805e-01
3.884134982127914748e-01
3.897109745613203668e-01
3.909486983379232283e-01
3.920055125155930686e-01
3.927779687594219471e-01
3.931904536701588682e-01
3.932025903508639120e-01
3.928131907786198695e-01
3.920603720966681083e-01
3.910178254428394173e-01
3.897876025474010242e-01
3.884901261988765175e-01
3.872524024223025219e-01
3.861955882446138633e-01
3.854231320008194572e-01
3.850106470900275801e-01
3.849985104093348043e-01
3.853879099815883391e-01
3.861407286635292757e-01
3.871832753173802821e-01
3.884134982127952496e-01
3.897109745613168141e-01
3.909486983379440450e-01
3.920055125156138853e-01
3.927779687594131763e-01
3.931904536701411046e-01
3.932025903508346021e-01
3.928131907785846755e-01
3.920603720966688854e-01
3.910178254428438582e-01
3.897876025474299455e-01
3.884901261988836785e-01
3.872524024222734895e-01
3.861955882445884392e-01
3.854231320008119632e-01
3.850106470900346856e-01
3.849985104093706090e-01
3.853879099816215348e-01
3.861407286635423208e-01
3.871832753173644059e-01
3.884134982127736557e-01
3.897109745613100418e-01
3.909486983378994140e-01
3.920055125155742504e-01
3.927779687593801472e-01
3.931904536701376629e-01
3.932025903508409859e-01
3.928131907785947230e-01
3.920603720966601147e-01
3.910178254428449129e-01
3.897876025474278916e-01
3.884901261988849552e-01
3.872524024222768757e-01
3.861955882445886612e-01
3.854231320008082995e-01
3.850106470900485078e-01
3.849985104093771038e-01
3.853879099816091558e-01
3.861407286635202274e-01
3.871832753173526376e-01
3.884134982127918634e-01
3.897109745613295262e-01
3.909486983379150127e-01
3.920055125156091114e-01
3.927779687593980773e-01
3.931904536701512631e-01
3.932025903508745146e-01
3.928131907785962218e-01
3.920603720966830963e-01
3.910178254428468003e-01
3.897876025474423800e-01
3.884901261989170962e-01
3.872524024222956940e-01
3.861955882446044819e-01
3.854231320007864836e-01
3.850106470900151456e-01
3.849985104093526234e-01
3.853879099816022169e-01
3.861407286635228364e-01
3.871832753173363728e-01
3.884134982127558922e-01
