3.740498456963471385e-01
3.788573477261524269e-01
3.846675602417535811e-01
3.909117373635643822e-01
3.969786538264249987e-01
4.022744359623445787e-01
4.062806941882331491e-01
4.086052665857500821e-01
4.090206064380584872e-01
4.074860560839325685e-01
4.041518267691850963e-01
3.993442949197845149e-01
3.935340541399495184e-01
3.872898502281383326e-01
3.812229083726136336e-01
3.759271021684902903e-01
3.719208211297681532e-01
3.695962271093131690e-01
3.691808667618988737e-01
3.707153976899245085e-01
3.740496085918161295e-01
3.788571229887551239e-01
3.846673472264325877e-01
3.909115354589032809e-01
3.969784624529093531e-01
4.022742545706772810e-01
4.062805222577741127e-01
4.086051036230123890e-01
4.090204519752944634e-01
4.074859096777925793e-01
4.041516879994404565e-01
3.993441633881301134e-01
3.935339294688541267e-01
3.872897320597643578e-01
3.812227963677841669e-01
3.759269960057199933e-01
3.719207205043432163e-01
3.695961317324119033e-01
3.691807763597587666e-01
3.707153120030667881e-01
3.740495273743022486e-01
3.788570460074628388e-01
3.846672742604077544e-01
3.909114662987142053e-01
3.969783969000468815e-01
4.022741924369880873e-01
4.062804633649167441e-01
4.086050478019466747e-01
4.090203990658017874e-01
4.074858595280078100e-01
4.041516404654173500e-01
3.993441183334347500e-01
3.935338867641661187e-01
3.872896915825103092e-01
3.812227580017849005e-01
3.759269596408516545e-01
3.719206860362267442e-01
3.695960990621142139e-01
3.691807453935136429e-01
3.707152826519892752e-01
3.740494995541463474e-01
3.788570196383825306e-01
3.846672492667113641e-01
3.909114426086650051e-01
3.969783744456490404e-01
4.022741711537898279e-01
4.062804431918281556e-01
4.086050286810668508e-01
4.090203809422462977e-01
4.074858423497597637e-01
4.041516241831704104e-01
3.993441029004551890e-01
3.935338721361577030e-01
3.872896777174812399e-01
3.812227448599417312e-01
3.759269471844727817e-01
3.719206742295636525e-01
3.695960878712719611e-01
3.691807347863723665e-01
3.707152725981068264e-01
3.740494900246635335e-01
3.788570106059446219e-01
3.846672407053982057e-01
3.909114344939043639e-01
3.969783667541457728e-01
4.022741638634654837e-01
4.062804362817595272e-01
4.086050221314231345e-01
4.090203747342273100e-01
4.074858364655414844e-01
4.041516186058680682e-01
3.993440976140637533e-01
3.935338671254957621e-01
3.872896729681749028e-01
3.812227403583515750e-01
3.759269429176825827e-01
3.719206701853229879e-01
3.695960840379776680e-01
3.691807311530175828e-01
3.707152691542627276e-01
