3.794786360769684674e-01
3.794952840323234655e-01
3.795205635173720116e-01
3.795519827654464939e-01
3.795864492201196372e-01
3.796205722535437865e-01
3.796509950621244633e-01
3.796747232512834858e-01
3.796894179451270612e-01
3.796936247294101507e-01
3.796869160172597346e-01
3.796699329019199709e-01
3.796443223996604499e-01
3.796125762259678349e-01
3.795777868867259430e-01
3.795433449598578646e-01
3.795126071996439143e-01
3.794885679519619526e-01
3.794735660446054148e-01
3.794690558443115092e-01
3.794754648910271255e-01
3.794921520451676189e-01
3.795174702446873494e-01
3.795489277288907615e-01
3.795834319472475293e-01
3.796175922777330625e-01
3.796480519225103878e-01
3.796718164926858874e-01
3.796865471179792784e-01
3.796907893896901975e-01
3.796841157264262412e-01
3.796671672268394082e-01
3.796415909125473442e-01
3.796098785043184320e-01
3.795751225132458218e-01
3.795407135224060369e-01
3.795100082911687656e-01
3.794860011704357938e-01
3.794710309929613112e-01
3.794665521303863809e-01
3.794729921275031281e-01
3.794897098495069732e-01
3.795150582390771632e-01
3.795465455401839661e-01
3.795810792069047590e-01
3.796152686217678096e-01
3.796457569914321595e-01
3.796695499314433064e-01
3.796843085759061820e-01
3.796885785204562325e-01
3.796819321879741915e-01
3.796650106813422298e-01
3.796394610263496006e-01
3.796077749478859453e-01
3.795730449611185442e-01
3.795386616531430946e-01
3.795079817873006633e-01
3.794839997184165648e-01
3.794690542831211655e-01
3.794645998568809686e-01
3.794710639882649672e-01
3.794878055462043154e-01
3.795131774770639788e-01
3.795446880284555902e-01
3.795792446580538715e-01
3.796134567519360292e-01
3.796439675202681885e-01
3.796677825820654606e-01
3.796825630748546510e-01
3.796868545976447851e-01
3.796802295766611435e-01
3.796633291180784298e-01
3.796378002509446792e-01
3.796061347033639066e-01
3.795714249936800178e-01
3.795370617121255341e-01
3.795064016251412653e-01
3.794824390906095801e-01
3.794675129481837605e-01
3.794630775763169761e-01
3.794695605265242522e-01
3.794863206706477476e-01
3.795117109579294046e-01
3.795432396388193630e-01
3.795778141737982114e-01
3.796120439517158829e-01
3.796425721854745361e-01
3.796664044967869023e-01
3.796812020258494291e-01
3.796855103743108639e-01
3.796789019709966295e-01
3.796620179246544269e-01
3.796365052668712603e-01
3.796048557282584723e-01
3.795701618296372093e-01
3.795358141636860916e-01
3.795051694992627178e-01
3.794812221966359922e-01
3.794663110978163667e-01
3.794618905835820399e-01
