3.851077216639046674e-01
3.862323145299191851e-01
3.876968132485309471e-01
3.893572893285870418e-01
3.910506362039740669e-01
3.926105351868913740e-01
3.938837358465001048e-01
3.947450571760487414e-01
3.951096411297052580e-01
3.949412590675370760e-01
3.942558580159292170e-01
3.931199996107445638e-01
3.916443445303510740e-01
3.899728202076019890e-01
3.882685321605846562e-01
3.866977980392473091e-01
3.854138672466482229e-01
3.845419197717372395e-01
3.841668126524191984e-01
3.843247735304789470e-01
3.849998543910699289e-01
3.861254926194602199e-01
3.875910265679057276e-01
3.892525278435832736e-01
3.909468899777451822e-01
3.925077943790087898e-01
3.937819907120064244e-01
3.946442980645252230e-01
3.950098584843523830e-01
3.948424434242607806e-01
3.941580000024321184e-01
3.930230899456340632e-01
3.915483740222523990e-01
3.898777797542805068e-01
3.881744127480782902e-01
3.866045907410068372e-01
3.853215632226860143e-01
3.844505102677852615e-01
3.840762889990937956e-01
3.842351271424555015e-01
3.849110767662660137e-01
3.860375753382236375e-01
3.875039612922150378e-01
3.891663063162554281e-01
3.908615040216488756e-01
3.924232358962836398e-01
3.936982516832970846e-01
3.945613705482193256e-01
3.949277346158182045e-01
3.947611154151054458e-01
3.940774601397625809e-01
3.929433305913214158e-01
3.914693876122050109e-01
3.897995587977283183e-01
3.880969498268591056e-01
3.865278785088606672e-01
3.852455944045616865e-01
3.843752776591420894e-01
3.840017854652243434e-01
3.841613456178049613e-01
3.848380102537619085e-01
3.859652169086104645e-01
3.874323040833993481e-01
3.890953435326498511e-01
3.907912289335292444e-01
3.923536418391504466e-01
3.936293320572455956e-01
3.944931188173070868e-01
3.948601443074509776e-01
3.946941801194185362e-01
3.940111735090132128e-01
3.928776863392871577e-01
3.914043795135894732e-01
3.897351806875650748e-01
3.880331955999318239e-01
3.864647421191217402e-01
3.851830698645563045e-01
3.843133590394461341e-01
3.839404668938763421e-01
3.841006212797501984e-01
3.847778743903031984e-01
3.859056638168592568e-01
3.873733281157345498e-01
3.890369390961849749e-01
3.907333904895788912e-01
3.922963639027082783e-01
3.935726091964579232e-01
3.944369456529632778e-01
3.948045155124712546e-01
3.946390904183487702e-01
3.939566176775251005e-01
3.928236592036807862e-01
3.913508759503045442e-01
3.896821956226946826e-01
3.879807240087401188e-01
3.864127790255693085e-01
3.851316103408271019e-01
3.842623982054786391e-01
3.838899999169015920e-01
3.840506433738359870e-01
