3.774816163234933075e-01
3.778253593302091096e-01
3.783420645477156286e-01
3.789810989904970340e-01
3.796798565391972802e-01
3.803698862325138874e-01
3.809835926936710471e-01
3.814608528070826954e-01
3.817549009587191677e-01
3.818369067518526117e-01
3.816987970994627499e-01
3.813540464472106040e-01
3.808363577744184880e-01
3.801963634858783192e-01
3.794966691341570275e-01
3.788057251273797554e-01
3.781911263024181347e-01
3.777129952479175157e-01
3.774180970636232257e-01
3.773352616443185203e-01
3.774725615871313833e-01
3.778165219682690923e-01
3.783334393417595032e-01
3.789726808473525832e-01
3.796716404879686979e-01
3.803618674216361906e-01
3.809757663880570244e-01
3.814532143853122115e-01
3.817474459103188389e-01
3.818296306746336577e-01
3.816916956969171881e-01
3.813471155259710588e-01
3.808295932417914975e-01
3.801897613474177762e-01
3.794902254913167239e-01
3.787994361751996775e-01
3.781849883272846991e-01
3.777070046253704350e-01
3.774122502562122783e-01
3.773295551995137775e-01
3.774669921352873381e-01
3.778110862206352505e-01
3.783281340885387700e-01
3.789675029558036701e-01
3.796665869005545479e-01
3.803569351542249177e-01
3.809709525281527731e-01
3.814485160903428596e-01
3.817428604059518449e-01
3.818251552531337634e-01
3.816873277155598543e-01
3.813428524054722768e-01
3.808254324647879496e-01
3.801857004569803578e-01
3.794862620894959293e-01
3.787955679216145621e-01
3.781812129377380427e-01
3.777033198704998207e-01
3.774086539601801960e-01
3.773260452387154351e-01
3.774635664370981081e-01
3.778077427621897577e-01
3.783248708955259665e-01
3.789643181013166440e-01
3.796634785039451621e-01
3.803539013799913104e-01
3.809679915848565579e-01
3.814456262295547462e-01
3.817400399212112494e-01
3.818224024789519944e-01
3.816846410264272960e-01
3.813402302149064838e-01
3.808228732243880699e-01
3.801832026555210242e-01
3.794838242520292004e-01
3.787931886086040034e-01
3.781788907442041880e-01
3.777010534251947771e-01
3.774064419247670776e-01
3.773238863069936500e-01
3.774614593342234259e-01
3.778056862439210239e-01
3.783228637474926326e-01
3.789623591383042278e-01
3.796615665691895347e-01
3.803520353444965751e-01
3.809661703467344673e-01
3.814438487133652300e-01
3.817383050773364150e-01
3.818207092829695726e-01
3.816829884785085114e-01
3.813386173392256939e-01
3.808212990685452826e-01
3.801816662899798471e-01
3.794823247695697233e-01
3.787917251237833405e-01
3.781774623928385037e-01
3.776996593638439204e-01
3.774050813302429752e-01
3.773225583758677559e-01
