3.794547328808273723e-01
3.795661027879191907e-01
3.797209770513780280e-01
3.799040127985106041e-01
3.800971111878195252e-01
3.802811890495292890e-01
3.804380468789625991e-01
3.805521503305532294e-01
3.806121508274700749e-01
3.806119964389652055e-01
3.805515242850506241e-01
3.804364764798057186e-01
3.802779380526619124e-01
3.800912518678618568e-01
3.798945167573345438e-01
3.797068158801978344e-01
3.795463487294167271e-01
3.794286496378103113e-01
3.793650671684696829e-01
3.793616532374269879e-01
3.794185707090101944e-01
3.795300774525652843e-01
3.796850884211933064e-01
3.798682607323164429e-01
3.800614955348335933e-01
3.802457096496366096e-01
3.804027035629781728e-01
3.805169429204860454e-01
3.805770791367726891e-01
3.805770602727822083e-01
3.805167234404615018e-01
3.804018107460581111e-01
3.802434072114024843e-01
3.800568556933626163e-01
3.798602550167113900e-01
3.796726883336249414e-01
3.795123551303348219e-01
3.793947897331338970e-01
3.793313406987828262e-01
3.793280599371809947e-01
3.793851103067115149e-01
3.794967496709632515e-01
3.796518929774604367e-01
3.798351973382255720e-01
3.800285638969297386e-01
3.802129094694075562e-01
3.803700345370171210e-01
3.804844047406532592e-01
3.805446714903518157e-01
3.805447828426332113e-01
3.804845759051715959e-01
3.803697927800854250e-01
3.802115184852208896e-01
3.800250958736000051e-01
3.798286237662828468e-01
3.796411853118676905e-01
3.794809799931356809e-01
3.793635421330570079e-01
3.793002202851920579e-01
3.792970663563585143e-01
3.793542432019778587e-01
3.794660086827880696e-01
3.796212777435754582e-01
3.798047074937350720e-01
3.799981990744139004e-01
3.801826692990264434e-01
3.803399186466142057e-01
3.804544127558512345e-01
3.805148030346494625e-01
3.805150375374997673e-01
3.804549533701362951e-01
3.803402926328292022e-01
3.801821403416617562e-01
3.799958393479771490e-01
3.797994884712411201e-01
3.796121708585371013e-01
3.794520859912114963e-01
3.793347681908744162e-01
3.792715660098009978e-01
3.792685313535991143e-01
3.793258270765481055e-01
3.794377110383159724e-01
3.795930981826844408e-01
3.797766456181103090e-01
3.799702544848670982e-01
3.801548415955586790e-01
3.803122074284737697e-01
3.804268176215973019e-01
3.804873235822064936e-01
3.804876733642164610e-01
3.804277040728395454e-01
3.803131578078761121e-01
3.801551195849934284e-01
3.799689322551688120e-01
3.797726946375522550e-01
3.795854898789581822e-01
3.794255174605116743e-01
3.793083117036474827e-01
3.792452211605089052e-01
3.792422977366162185e-01
