3.740789015481792990e-01
3.837278950135110112e-01
3.939028014196625516e-01
4.036076300348518386e-01
4.118924046167339870e-01
4.179461537058028475e-01
4.211762941622657630e-01
4.212666373325425484e-01
4.182083397976502082e-01
4.123007690287337490e-01
4.041221992131140417e-01
3.944732057477778886e-01
3.842982993416241833e-01
3.745934707264302888e-01
3.663086961445425338e-01
3.602549470554829991e-01
3.570248065990231368e-01
3.569344634287489604e-01
3.599927609636481285e-01
3.659003317325644211e-01
3.740789015481945645e-01
3.837278950135115663e-01
3.939028014196588878e-01
4.036076300348712675e-01
4.118924046167505848e-01
4.179461537058163922e-01
4.211762941622782530e-01
4.212666373325495428e-01
4.182083397976547601e-01
4.123007690287314730e-01
4.041221992131122653e-01
3.944732057477771114e-01
3.842982993416182436e-01
3.745934707264123031e-01
3.663086961445300438e-01
3.602549470554697875e-01
3.570248065990123676e-01
3.569344634287495710e-01
3.599927609636431325e-01
3.659003317325680849e-01
3.740789015481919555e-01
3.837278950135094013e-01
3.939028014196614413e-01
4.036076300348729329e-01
4.118924046167554143e-01
4.179461537058231091e-01
4.211762941622909651e-01
4.212666373325539837e-01
4.182083397976631423e-01
4.123007690287388005e-01
4.041221992131129870e-01
3.944732057477791654e-01
3.842982993416305115e-01
3.745934707264320096e-01
3.663086961445610745e-01
3.602549470554990974e-01
3.570248065990346276e-01
3.569344634287602291e-01
3.599927609636492942e-01
3.659003317325652538e-01
3.740789015481937319e-01
3.837278950135123434e-01
3.939028014196693794e-01
4.036076300348691581e-01
4.118924046167515840e-01
4.179461537058172249e-01
4.211762941622858580e-01
4.212666373325485436e-01
4.182083397976669725e-01
4.123007690287437410e-01
4.041221992131289742e-01
3.944732057478027021e-01
3.842982993416471094e-01
3.745934707264478858e-01
3.663086961445666812e-01
3.602549470555040934e-01
3.570248065990315745e-01
3.569344634287632823e-01
3.599927609636585646e-01
3.659003317325758564e-01
3.740789015482081092e-01
3.837278950135385447e-01
3.939028014196894190e-01
4.036076300348876433e-01
4.118924046167634079e-01
4.179461537058340448e-01
4.211762941622921308e-01
4.212666373325569258e-01
4.182083397976627537e-01
4.123007690287398552e-01
4.041221992131171503e-01
3.944732057477922105e-01
3.842982993416312887e-01
3.745934707264251817e-01
3.663086961445439216e-01
3.602549470554827771e-01
3.570248065990151987e-01
3.569344634287516804e-01
3.599927609636380810e-01
3.659003317325590920e-01
