3.792929097931010407e-01
3.795616967804099073e-01
3.799354798585664605e-01
3.803772295944338189e-01
3.808432651301693062e-01
3.812875299694898357e-01
3.816661003078329895e-01
3.819414845996543240e-01
3.820862934912515607e-01
3.820859208805321705e-01
3.819399736629134900e-01
3.816623102098706810e-01
3.812796838135903976e-01
3.808291238868140582e-01
3.803543112642926438e-01
3.799013024165881491e-01
3.795140211199911628e-01
3.792299588892883433e-01
3.790765050450147777e-01
3.790682656537495698e-01
3.792056337822827805e-01
3.794747510191321949e-01
3.798488640299554353e-01
3.802909433577638110e-01
3.807573081215315236e-01
3.812019018024501715e-01
3.815808005740735087e-01
3.818565128695984301e-01
3.820016493146748404e-01
3.820016037871602488e-01
3.818559831630018442e-01
3.815786457947775712e-01
3.811963449563301465e-01
3.807461100426012268e-01
3.802716218710692764e-01
3.798189368955439682e-01
3.794319788760653345e-01
3.791482393116675786e-01
3.789951075076087306e-01
3.789871895156661785e-01
3.791248783882845697e-01
3.793943157000855826e-01
3.797687481032666068e-01
3.802111461278063764e-01
3.806778288800649057e-01
3.811227398290246149e-01
3.815019551364285944e-01
3.817779832240504878e-01
3.819234347064955348e-01
3.819237034509452289e-01
3.817783963230335087e-01
3.815013716653746778e-01
3.811193827421930358e-01
3.806694589391459438e-01
3.801952810647563075e-01
3.797429055641966533e-01
3.793562561891810625e-01
3.790728244307225436e-01
3.789199995863563597e-01
3.789123877004226260e-01
3.790503818182158757e-01
3.793201235074796229e-01
3.796948594138043198e-01
3.801375600608243310e-01
3.806045445488092094e-01
3.810497563409043220e-01
3.814292715932564581e-01
3.817055987222804370e-01
3.818513483374563755e-01
3.818519143010666306e-01
3.817069034740650513e-01
3.814301741946034552e-01
3.810484797226511011e-01
3.805988494398165334e-01
3.801249641507727373e-01
3.796728802970362748e-01
3.792865216268572204e-01
3.790033796279670408e-01
3.788508435948008124e-01
3.788435195687759327e-01
3.789818005924320832e-01
3.792518282309286781e-01
3.796268491274341628e-01
3.800698338033178802e-01
3.805371013567410698e-01
3.809825952488897216e-01
3.813623916340998510e-01
3.816389989271185001e-01
3.817850277358975086e-01
3.817858719213257923e-01
3.816411383430984849e-01
3.813646853382356983e-01
3.809832661657016617e-01
3.805339102062220702e-01
3.800602982637054650e-01
3.796084867790225914e-01
3.792223994998877856e-01
3.789395279136089090e-01
3.787872613143050127e-01
3.787802057431788882e-01
