3.789656499579049931e-01
3.790909520049071113e-01
3.792793563209066465e-01
3.795122534174485973e-01
3.797666802571216804e-01
3.800175680181350213e-01
3.802401959879300186e-01
3.804126113815970989e-01
3.805177782164226863e-01
3.805452448957571954e-01
3.804921672674619892e-01
3.803635870128539431e-01
3.801719381154869404e-01
3.799358297200600698e-01
3.796782245236842712e-01
3.794241910112667870e-01
3.791984495618793138e-01
3.790229526303003360e-01
3.789147358724406223e-01
3.788842505614473111e-01
3.789343405292175948e-01
3.790599637774367814e-01
3.792486860087528888e-01
3.794818977678434679e-01
3.797366360501218674e-01
3.799878320663165332e-01
3.802107651360801532e-01
3.803834825064087433e-01
3.804889482261958888e-01
3.805167107300952978e-01
3.804639258969743087e-01
3.803356354388566229e-01
3.801442733697091847e-01
3.799084488643555413e-01
3.796511246497324410e-01
3.793973692402884401e-01
3.791719030443483351e-01
3.789966785456617138e-01
3.788887314288238994e-01
3.788585129953851438e-01
3.789088671053743029e-01
3.790347517883256856e-01
3.792237327744634734e-01
3.794572006357723182e-01
3.797121923946987776e-01
3.799636392887414393e-01
3.801868206640544590e-01
3.803597837938763604e-01
3.804654927530773389e-01
3.804934960020344703e-01
3.804409494450783913e-01
3.803128948194436920e-01
3.801217661640589052e-01
3.798861726784505399e-01
3.796290771140213849e-01
3.793755480094360699e-01
3.791503057969924373e-01
3.789753029841726462e-01
3.788675752790673923e-01
3.788375740064848229e-01
3.788881430494771552e-01
3.790142404603712989e-01
3.792034319919513341e-01
3.794371082385387117e-01
3.796923062446880270e-01
3.799439572697825285e-01
3.801673406816404865e-01
3.803405037749431061e-01
3.804464106457913775e-01
3.804746097755726253e-01
3.804222570894176814e-01
3.802943943451476128e-01
3.801034556020706501e-01
3.798680500798872761e-01
3.796111405499673630e-01
3.793577955707402305e-01
3.791327355940668498e-01
3.789579131467942230e-01
3.788503639561799918e-01
3.788205393660065701e-01
3.788712832781056528e-01
3.789975537633895053e-01
3.791869165930436547e-01
3.794207623795984863e-01
3.796761281856353976e-01
3.799279452883781993e-01
3.801514930733057018e-01
3.803248188525781837e-01
3.804308867395973515e-01
3.804592452328751095e-01
3.804070502744906768e-01
3.802793436390442539e-01
3.800885594024457914e-01
3.798533068008334568e-01
3.795965486218429996e-01
3.793433534400043605e-01
3.791184417231153736e-01
3.789437660137970343e-01
3.788363620549196620e-01
3.788066812057167554e-01
