3.553355730745988983e-01
3.604083030844916213e-01
3.673566712507381760e-01
3.755005210051239328e-01
3.840426738158001507e-01
3.921469625705240603e-01
3.990200814341395841e-01
4.039892401459052040e-01
4.065680214129945846e-01
4.065039948196662034e-01
4.038034264707893173e-01
3.987306656178348230e-01
3.917822683084256630e-01
3.836383910170834133e-01
3.750962121871415089e-01
3.669918988471834176e-01
3.601187567533342127e-01
3.551495760916558164e-01
3.525707740844055138e-01
3.526347810806613747e-01
3.553353309125404369e-01
3.604080742690523032e-01
3.673564550463255807e-01
3.755003167166886535e-01
3.840424807866004708e-01
3.921467801800146979e-01
3.990199090959721806e-01
4.039890773060487161e-01
4.065678675479575399e-01
4.065038494348058307e-01
4.038032890987272028e-01
3.987305358169506153e-01
3.917821456614455355e-01
3.836382751297226501e-01
3.750961026868329662e-01
3.669917953819149536e-01
3.601186589904922797e-01
3.551494837169512642e-01
3.525706868008726125e-01
3.526346986077072976e-01
3.553352529850318797e-01
3.604080006364728250e-01
3.673563854719607003e-01
3.755002509768737284e-01
3.840424186699941678e-01
3.921467214869242546e-01
3.990198536377148608e-01
4.039890249043375792e-01
4.065678180343404446e-01
4.065038026500954471e-01
4.038032448925343854e-01
3.987304940471531611e-01
3.917821061937616922e-01
3.836382378372688029e-01
3.750960674497345604e-01
3.669917620868884955e-01
3.601186275304985029e-01
3.551494539908596759e-01
3.525706587131192671e-01
3.526346720679930935e-01
3.553352279080384535e-01
3.604079769415808876e-01
3.673563630829939641e-01
3.755002298218571011e-01
3.840423986809215484e-01
3.921467025995415412e-01
3.990198357913032345e-01
4.039890080415212692e-01
4.065678021009105358e-01
4.065037875948317447e-01
4.038032306670253924e-01
3.987304806056789497e-01
3.917820934931038890e-01
3.836382258366048403e-01
3.750960561104799140e-01
3.669917513725971525e-01
3.601186174067176338e-01
3.551494444250418714e-01
3.525706496745141805e-01
3.526346635275454666e-01
3.553352198382904170e-01
3.604079693165874732e-01
3.673563558782518834e-01
3.755002230142022723e-01
3.840423922484693664e-01
3.921466965216096612e-01
3.990198300483497329e-01
4.039890026150949609e-01
4.065677969735556063e-01
4.065037827500727063e-01
4.038032260892899239e-01
3.987304762802435509e-01
3.917820894060660142e-01
3.836382219748186717e-01
3.750960524615353231e-01
3.669917479247556402e-01
3.601186141489020609e-01
3.551494413467761180e-01
3.525706467659027177e-01
3.526346607792349985e-01
