3.853367146305604618e-01
3.863668036946441564e-01
3.877004987561257221e-01
3.892068281986470479e-01
3.907379266546375796e-01
3.921435090404821744e-01
3.932855814510314296e-01
3.940519489085698157e-01
3.943671977336907220e-01
3.942000775070428897e-01
3.935665600241369244e-01
3.925282758113629034e-01
3.911864812479352027e-01
3.896721468338837924e-01
3.881331368334841603e-01
3.867197352399293075e-01
3.855699348806820304e-01
3.847959296683430841e-01
3.844731322296438547e-01
3.846327919435426623e-01
3.852589359862805263e-01
3.862899328152225586e-01
3.876245250467701964e-01
3.891317411882327382e-01
3.906637159942600301e-01
3.920701645020351345e-01
3.932130929257889873e-01
3.939803064058002846e-01
3.942963913792689179e-01
3.941300975420987673e-01
3.934973968037034919e-01
3.924599198030472302e-01
3.911189230306040265e-01
3.896053770963645024e-01
3.880671463732825455e-01
3.866545149619604604e-01
3.855054757960137968e-01
3.847322228929596077e-01
3.844101689832186697e-01
3.845705635482286611e-01
3.851974338655161922e-01
3.862291484925433060e-01
3.875644501446479651e-01
3.890723674269157550e-01
3.906050351906328877e-01
3.920121685684902491e-01
3.931557738691128789e-01
3.939236563260694601e-01
3.942404024687646280e-01
3.940747620842270926e-01
3.934427071719324709e-01
3.924058684598577540e-01
3.910655025264491713e-01
3.895525800686450157e-01
3.880149655453256630e-01
3.866029431420225926e-01
3.854545058762899878e-01
3.846818478485994341e-01
3.843603818713605125e-01
3.845213575070433043e-01
3.851488021132584705e-01
3.861810843266231252e-01
3.875169469406984923e-01
3.890254186378849233e-01
3.905586343458816723e-01
3.919663092728983278e-01
3.931104498021981697e-01
3.938788612411184831e-01
3.941961301919704730e-01
3.940310065138372120e-01
3.933994622774089622e-01
3.923631282810469134e-01
3.910232611727591512e-01
3.895108317182312541e-01
3.879737044442938543e-01
3.865621636036333797e-01
3.854142022801723688e-01
3.846420146399796014e-01
3.843210135602956878e-01
3.844824486676631792e-01
3.851103473830206347e-01
3.861430784055707166e-01
3.874793845907310574e-01
3.889882946820372167e-01
3.905219436676083955e-01
3.919300468153711914e-01
3.930746105676082847e-01
3.938434402899851916e-01
3.941611226424621139e-01
3.939964075411002131e-01
3.933652671129009848e-01
3.923293322118794890e-01
3.909898595410479238e-01
3.894778199204560476e-01
3.879410779306620705e-01
3.865299178774519451e-01
3.853823328972314499e-01
3.846105172079375967e-01
3.842898837380742671e-01
3.844516821648504279e-01
