3.595757550741102704e-01
4.161335489547243194e-01
4.684200128924305151e-01
5.113169834958517512e-01
5.406254064014395233e-01
5.534763689714927715e-01
5.486119294517463052e-01
5.265082530748850242e-01
4.893290016900667116e-01
4.407135394658920347e-01
3.854206865686925498e-01
3.288628926880732828e-01
2.765764287503716945e-01
2.336794581470115206e-01
2.043710352414077336e-01
1.915200726713489343e-01
1.963845121911183267e-01
2.184881885679864633e-01
2.556674399528181540e-01
3.042829021769570819e-01
3.595757550741287001e-01
4.161335489547745570e-01
4.684200128924994599e-01
5.113169834958563031e-01
5.406254064014760496e-01
5.534763689715571644e-01
5.486119294517727285e-01
5.265082530749211065e-01
4.893290016900783135e-01
4.407135394658971972e-01
3.854206865687475614e-01
3.288628926881299042e-01
2.765764287504253738e-01
2.336794581470551802e-01
2.043710352414187803e-01
1.915200726713518764e-01
1.963845121911095004e-01
2.184881885679714197e-01
2.556674399527860686e-01
3.042829021769525855e-01
3.595757550741063291e-01
4.161335489547365873e-01
4.684200128924528306e-01
5.113169834958409821e-01
5.406254064014500704e-01
5.534763689715117563e-01
5.486119294517503020e-01
5.265082530748877998e-01
4.893290016900541661e-01
4.407135394659274508e-01
3.854206865687536121e-01
3.288628926881354553e-01
2.765764287504191565e-01
2.336794581470445498e-01
2.043710352414171982e-01
1.915200726713446600e-01
1.963845121911060865e-01
2.184881885679599012e-01
2.556674399527830710e-01
3.042829021769421494e-01
3.595757550740816266e-01
4.161335489547188793e-01
4.684200128924373985e-01
5.113169834958291027e-01
5.406254064014458516e-01
5.534763689715272994e-01
5.486119294517779466e-01
5.265082530749201073e-01
4.893290016901153949e-01
4.407135394659096872e-01
3.854206865687503369e-01
3.288628926881819736e-01
2.765764287504725583e-01
2.336794581470741927e-01
2.043710352414427056e-01
1.915200726713634782e-01
1.963845121910983704e-01
2.184881885679476332e-01
2.556674399527582020e-01
3.042829021769192233e-01
3.595757550740631969e-01
4.161335489546565958e-01
4.684200128924036477e-01
5.113169834958422033e-01
5.406254064014688332e-01
5.534763689715251900e-01
5.486119294517549649e-01
5.265082530748991241e-01
4.893290016901045703e-01
4.407135394659413286e-01
3.854206865688185601e-01
3.288628926881989600e-01
2.765764287504819396e-01
2.336794581470672538e-01
2.043710352414322973e-01
1.915200726713501833e-01
1.963845121911055036e-01
2.184881885679663682e-01
2.556674399527712471e-01
3.042829021769056230e-01
