3.143975887055839302e-01
3.555718767833013216e-01
3.984030333482386776e-01
4.386984463735947304e-01
4.725137200778316005e-01
4.965387798658901231e-01
5.084218854932599507e-01
5.069998357866821737e-01
4.924118308794552257e-01
4.660858463325221468e-01
4.305988529372131723e-01
3.894245648594971687e-01
3.465934082945436034e-01
3.062979952691731178e-01
2.724827215649463508e-01
2.484576617768991247e-01
2.365745561495265215e-01
2.379966058560892828e-01
2.525846107633065163e-01
2.789105953102629099e-01
3.143975887055761032e-01
3.555718767832720117e-01
3.984030333482346808e-01
4.386984463736165463e-01
4.725137200778334323e-01
4.965387798658984497e-01
5.084218854932842646e-01
5.069998357867036010e-01
4.924118308794619425e-01
4.660858463325189827e-01
4.305988529372127838e-01
3.894245648594881204e-01
3.465934082945442696e-01
3.062979952691773922e-01
2.724827215649462397e-01
2.484576617768947115e-01
2.365745561495150029e-01
2.379966058560681330e-01
2.525846107632900850e-01
2.789105953102503088e-01
3.143975887055814877e-01
3.555718767833163652e-01
3.984030333482477815e-01
4.386984463736193218e-01
4.725137200778529722e-01
4.965387798659014473e-01
5.084218854932669451e-01
5.069998357867040450e-01
4.924118308794769305e-01
4.660858463325243117e-01
4.305988529372085649e-01
3.894245648595087150e-01
3.465934082945651418e-01
3.062979952691832763e-01
2.724827215649408552e-01
2.484576617768806395e-01
2.365745561495017080e-01
2.379966058560620268e-01
2.525846107632822024e-01
2.789105953102402058e-01
3.143975887055536211e-01
3.555718767832914406e-01
3.984030333482369568e-01
4.386984463736012252e-01
4.725137200778351532e-01
4.965387798658806862e-01
5.084218854932566201e-01
5.069998357867102623e-01
4.924118308794961374e-01
4.660858463325452394e-01
4.305988529372300477e-01
3.894245648595022202e-01
3.465934082945615891e-01
3.062979952691917140e-01
2.724827215649587853e-01
2.484576617768923246e-01
2.365745561495039562e-01
2.379966058560649134e-01
2.525846107632828130e-01
2.789105953102209989e-01
3.143975887055360796e-01
3.555718767832740657e-01
3.984030333482029285e-01
4.386984463735772999e-01
4.725137200778092295e-01
4.965387798658745244e-01
5.084218854932706089e-01
5.069998357867022687e-01
4.924118308794848131e-01
4.660858463325303069e-01
4.305988529372284379e-01
3.894245648595388021e-01
3.465934082945946737e-01
3.062979952692185814e-01
2.724827215649808232e-01
2.484576617769205242e-01
2.365745561495280480e-01
2.379966058560699926e-01
2.525846107632813142e-01
2.789105953102433699e-01
