3.645870771149624656e-01
3.657671652332492029e-01
3.676074463168465534e-01
3.699277373959858339e-01
3.725008702178997377e-01
3.750749280104545558e-01
3.773979048048622387e-01
3.792423734911304911e-01
3.804277479250213201e-01
3.808379599163678186e-01
3.804328207518996585e-01
3.792519551075106410e-01
3.774109222712179190e-01
3.750899043584577930e-01
3.725160687959777062e-01
3.699413315572770977e-01
3.676176978389810168e-01
3.657725940045128410e-01
3.645866054762945674e-01
3.641757997465960295e-01
3.645803648539343023e-01
3.657606754700170604e-01
3.676011716760627102e-01
3.699216707467758436e-01
3.724950046657688474e-01
3.750692568894406498e-01
3.773924216699716672e-01
3.792370721110074339e-01
3.804226222748642305e-01
3.808330041710882297e-01
3.804280292794929297e-01
3.792473224626666806e-01
3.774064431891245297e-01
3.750855737488196784e-01
3.725118817372344848e-01
3.699372832910141073e-01
3.676137837645056528e-01
3.657688096736442240e-01
3.645829465882934883e-01
3.641722621432860185e-01
3.645769445149749099e-01
3.657573685083372328e-01
3.675979743334326644e-01
3.699185793895484187e-01
3.724920157807414811e-01
3.750663670798699556e-01
3.773896276517081927e-01
3.792343707087603710e-01
3.804200104186021836e-01
3.808304788925438444e-01
3.804255877087933668e-01
3.792449618250645638e-01
3.774041608018557370e-01
3.750833670180442891e-01
3.725097481550954659e-01
3.699352204327809313e-01
3.676117892858262182e-01
3.657668813078748804e-01
3.645810821439235960e-01
3.641704595014562118e-01
3.645752016270530360e-01
3.657556833936022045e-01
3.675963450768262031e-01
3.699170041394836406e-01
3.724904927470144567e-01
3.750648945316099603e-01
3.773882039154256018e-01
3.792329941664415172e-01
3.804186795058627224e-01
3.808291920968512878e-01
3.804243435677571727e-01
3.792437589247731888e-01
3.774029977752630938e-01
3.750822425434175433e-01
3.725086609545152361e-01
3.699341692706883400e-01
3.676107729676199032e-01
3.657658986785508048e-01
3.645801320867629314e-01
3.641695409367571856e-01
3.645743135109064670e-01
3.657548247166991784e-01
3.675955148633130998e-01
3.699162014458620140e-01
3.724897166610515731e-01
3.750641441713210567e-01
3.773874784280547012e-01
3.792322927274970890e-01
3.804180013181910347e-01
3.808285363897221942e-01
3.804237095959860371e-01
3.792431459678748396e-01
3.774024051366371979e-01
3.750816695495572950e-01
3.725081069542373058e-01
3.699336336343924669e-01
3.676102550865785745e-01
3.657653979642119246e-01
3.645796479700885162e-01
3.641690728675632260e-01
