3.887588805377424905e-01
3.889571541001630717e-01
3.892239782444646967e-01
3.895331270450942407e-01
3.898542318905198756e-01
3.901557541718566058e-01
3.904080724990223183e-01
3.905863822461909107e-01
3.906731235988259998e-01
3.906597004281468499e-01
3.905473217376037032e-01
3.903468833147245021e-01
3.900779011730778900e-01
3.897666011864724944e-01
3.894433519153242540e-01
3.891396919180130087e-01
3.888852425347227859e-01
3.887048083419779587e-01
3.886159491055993787e-01
3.886272609062336181e-01
3.887375346928670372e-01
3.889358746309708459e-01
3.892027646605309976e-01
3.895119788618387480e-01
3.898331486291204961e-01
3.901347353591675393e-01
3.903871176674932331e-01
3.905654909337860636e-01
3.906522953489491301e-01
3.906389347895609654e-01
3.905266182643573614e-01
3.903262415660783136e-01
3.900573207134290232e-01
3.897460815852864524e-01
3.894228927470620993e-01
3.891192927620634734e-01
3.888649029753336039e-01
3.886845279681899190e-01
3.885957275111791565e-01
3.886070976896103257e-01
3.887174294570677202e-01
3.889158269835586990e-01
3.891827742135439139e-01
3.894920452317285342e-01
3.898132714366920326e-01
3.901149142295229910e-01
3.903673522299725973e-01
3.905457808219098825e-01
3.906326402003636455e-01
3.906193342459826634e-01
3.905070719715203476e-01
3.903067491736780248e-01
3.900378818750718790e-01
3.897266959584388402e-01
3.894035599929981384e-01
3.891000125458149994e-01
3.888456749656408751e-01
3.886653518374527660e-01
3.885766029354112416e-01
3.885880243483890162e-01
3.886984070334899011e-01
3.888968551641932558e-01
3.891638526883881566e-01
3.894731736941626776e-01
3.897944495834368417e-01
3.900961417605950388e-01
3.903486288486416877e-01
3.905271062346595823e-01
3.906140141168472635e-01
3.906007563789840042e-01
3.904885420369128557e-01
3.902882668903859820e-01
3.900194469650316575e-01
3.897083081465590459e-01
3.893852190071225849e-01
3.890817181166859040e-01
3.888274268268617773e-01
3.886471497254512242e-01
3.885584465894043049e-01
3.885699135103474755e-01
3.886803414481031504e-01
3.888788345788357637e-01
3.891458768530851597e-01
3.894552423615562642e-01
3.897765625087539765e-01
3.900782987016138126e-01
3.903308295656617855e-01
3.905093504904675883e-01
3.905963016766874074e-01
3.905830870105277408e-01
3.904709155102263907e-01
3.902706829779029052e-01
3.900019054415220232e-01
3.896908087891001737e-01
3.893677615950711934e-01
3.890643024316490783e-01
3.888100526526688805e-01
3.886298168481278070e-01
3.885411547971429069e-01
3.885526625934818123e-01
