3.724459288935644818e-01
3.726258944924155103e-01
3.728883400317212771e-01
3.732071550666005710e-01
3.735507128539650723e-01
3.738849661998514540e-01
3.741767802371701035e-01
3.743971758983571374e-01
3.745241665892455885e-01
3.745449103907426691e-01
3.744569671158369806e-01
3.742685371724307486e-01
3.739976588504440036e-01
3.736704426083336528e-01
3.733185151993614337e-01
3.729759238243430253e-01
3.726758033539884774e-01
3.724471328563283556e-01
3.723118989229256548e-01
3.722829434672730309e-01
3.723627066678665276e-01
3.725429881054473369e-01
3.728057494759695611e-01
3.731248803041536943e-01
3.734687538172900556e-01
3.738033227925564583e-01
3.740954523347480576e-01
3.743161633489132667e-01
3.744434692142090682e-01
3.744645279855633446e-01
3.743768994506677661e-01
3.741887839927919845e-01
3.739182198778766564e-01
3.735913175410363607e-01
3.732397037128120099e-01
3.728974255719114672e-01
3.725976179675311584e-01
3.723692599467710029e-01
3.722343380808343372e-01
3.722056942634124344e-01
3.722857686537442978e-01
3.724663608138502613e-01
3.727294324214804888e-01
3.730488729836667905e-01
3.733930557105057391e-01
3.737279333624722311e-01
3.740203710281338467e-01
3.742413895967788839e-01
3.743690024322589571e-01
3.743903675746445558e-01
3.743030447972038877e-01
3.741152344692116327e-01
3.738449748430290320e-01
3.735183763405987567e-01
3.731670656796897689e-01
3.728250900266258383e-01
3.725255842186010469e-01
3.722975272910849509e-01
3.721629058040149540e-01
3.721345616401721124e-01
3.722149349482334335e-01
3.723958252799948188e-01
3.726591943033184529e-01
3.729789315156684104e-01
3.733234101178961040e-01
3.736585828615377469e-01
3.739513148265251608e-01
3.741726268938100897e-01
3.743005324191961414e-01
3.743221894349881840e-01
3.742351577069663038e-01
3.740476375971851786e-01
3.737776673510541658e-01
3.734513573838185718e-01
3.731003344068039018e-01
3.727586455801359944e-01
3.724594257350523629e-01
3.722316539013002523e-01
3.720973166333266802e-01
3.720692558086441393e-01
3.721499115708805094e-01
3.723310834669988911e-01
3.725947331602353918e-01
3.729147501436340106e-01
3.732595076138239820e-01
3.735949583183151845e-01
3.738879673332038966e-01
3.741095555357921709e-01
3.742377362784122252e-01
3.742596675900784486e-01
3.741729092334520335e-01
3.739856615676380169e-01
3.737159628352585972e-01
3.733899234489370111e-01
3.730391701175308494e-01
3.726977499988515796e-01
3.723987979219728905e-01
3.721712929146243076e-01
3.720372215293758500e-01
3.720094256420045653e-01
