3.400801622950304637e-01
3.572313298452150510e-01
3.758769270548232289e-01
3.941917929574678681e-01
4.103831408714406215e-01
4.228660488511342685e-01
4.304186028899903427e-01
4.323015063769372057e-01
4.283304475997056771e-01
4.188941414594093970e-01
4.049162793476672184e-01
3.877651117974764139e-01
3.691195145878533590e-01
3.508046486852089973e-01
3.346133007712432383e-01
3.221303927915369347e-01
3.145778387526969033e-01
3.126949352657687475e-01
3.166659940430140430e-01
3.261023001833101564e-01
3.400801622950525571e-01
3.572313298452500785e-01
3.758769270548620312e-01
3.941917929575028401e-01
4.103831408714459505e-01
4.228660488511403193e-01
4.304186028899811278e-01
4.323015063769192201e-01
4.283304475996869143e-01
4.188941414593889689e-01
4.049162793476614453e-01
3.877651117974823536e-01
3.691195145878565786e-01
3.508046486851912338e-01
3.346133007712274732e-01
3.221303927915464826e-01
3.145778387526968478e-01
3.126949352657675818e-01
3.166659940429884523e-01
3.261023001832750734e-01
3.400801622950198611e-01
3.572313298452033936e-01
3.758769270548200092e-01
3.941917929574726420e-01
4.103831408714305184e-01
4.228660488511299942e-01
4.304186028899798511e-01
4.323015063769165001e-01
4.283304475996677074e-01
4.188941414593769785e-01
4.049162793476349664e-01
3.877651117974622585e-01
3.691195145878596318e-01
3.508046486852067769e-01
3.346133007712431273e-01
3.221303927915498688e-01
3.145778387527012332e-01
3.126949352657538705e-01
3.166659940429907838e-01
3.261023001832908386e-01
3.400801622950228031e-01
3.572313298452002850e-01
3.758769270548249497e-01
3.941917929574720314e-01
4.103831408714279094e-01
4.228660488511195026e-01
4.304186028899776861e-01
4.323015063769231614e-01
4.283304475996839167e-01
4.188941414593990165e-01
4.049162793476678290e-01
3.877651117974798001e-01
3.691195145878611306e-01
3.508046486852017254e-01
3.346133007712415175e-01
3.221303927915413201e-01
3.145778387526989572e-01
3.126949352657535375e-01
3.166659940429888964e-01
3.261023001832833446e-01
3.400801622950138103e-01
3.572313298452016728e-01
3.758769270548105168e-01
3.941917929574499380e-01
4.103831408714267437e-01
4.228660488511418736e-01
4.304186028900018890e-01
4.323015063769350408e-01
4.283304475996963512e-01
4.188941414593995161e-01
4.049162793476651645e-01
3.877651117974906247e-01
3.691195145878812811e-01
3.508046486852301471e-01
3.346133007712657204e-01
3.221303927915626919e-01
3.145778387527177200e-01
3.126949352657802383e-01
3.166659940430104903e-01
3.261023001833053825e-01
