3.530756336968837727e-01
3.592784257817823734e-01
3.667752635128796457e-01
3.748323041795252331e-01
3.826608685045601033e-01
3.894946420670239995e-01
3.946646874969350627e-01
3.976649247257783015e-01
3.982016696297129843e-01
3.962223818778279893e-01
3.919208079457755511e-01
3.857180158608597975e-01
3.782211781297455944e-01
3.701641374630836867e-01
3.623355731380430989e-01
3.555017995755649363e-01
3.503317541456534845e-01
3.473315169167945915e-01
3.467947720128463085e-01
3.487740597647286944e-01
3.530756336967662001e-01
3.592784257816827864e-01
3.667752635128007643e-01
3.748323041794534571e-01
3.826608685044907143e-01
3.894946420669502807e-01
3.946646874968660068e-01
3.976649247257056929e-01
3.982016696296521996e-01
3.962223818777682594e-01
3.919208079457197624e-01
3.857180158608062848e-01
3.782211781297000197e-01
3.701641374630513237e-01
3.623355731380181188e-01
3.555017995755501148e-01
3.503317541456356654e-01
3.473315169167892069e-01
3.467947720128402023e-01
3.487740597647203122e-01
3.530756336967686426e-01
3.592784257816802329e-01
3.667752635127910499e-01
3.748323041794398569e-01
3.826608685044788349e-01
3.894946420669470055e-01
3.946646874968646745e-01
3.976649247257108555e-01
3.982016696296527547e-01
3.962223818777693696e-01
3.919208079457262572e-01
3.857180158608207177e-01
3.782211781297110664e-01
3.701641374630564862e-01
3.623355731380214495e-01
3.555017995755508364e-01
3.503317541456438255e-01
3.473315169167935923e-01
3.467947720128534694e-01
3.487740597647315255e-01
3.530756336967781905e-01
3.592784257816786786e-01
3.667752635127913274e-01
3.748323041794448529e-01
3.826608685044917690e-01
3.894946420669568310e-01
3.946646874968693375e-01
3.976649247257165176e-01
3.982016696296546421e-01
3.962223818777788620e-01
3.919208079457282556e-01
3.857180158608216058e-01
3.782211781297023512e-01
3.701641374630479375e-01
3.623355731380201727e-01
3.555017995755515581e-01
3.503317541456364981e-01
3.473315169167895955e-01
3.467947720128514710e-01
3.487740597647412955e-01
3.530756336967780240e-01
3.592784257816784566e-01
3.667752635127973226e-01
3.748323041794479060e-01
3.826608685044887714e-01
3.894946420669668785e-01
3.946646874968829932e-01
3.976649247257305064e-01
3.982016696296650782e-01
3.962223818777759754e-01
3.919208079457310867e-01
3.857180158608160547e-01
3.782211781297039610e-01
3.701641374630527115e-01
3.623355731380098477e-01
3.555017995755405114e-01
3.503317541456282824e-01
3.473315169167814354e-01
3.467947720128419231e-01
3.487740597647224217e-01
