3.726439346118173290e-01
3.727051052047785640e-01
3.727875378610126522e-01
3.728831145559868276e-01
3.729824304750781194e-01
3.730757146251824641e-01
3.731537862903790415e-01
3.732089537071187624e-01
3.732357669903372255e-01
3.732315516088465790e-01
3.731966701897153071e-01
3.731344870244006073e-01
3.730510387510228010e-01
3.729544434486914417e-01
3.728541059858531126e-01
3.727597974087009658e-01
3.726806984855189908e-01
3.726245010315136774e-01
3.725966549827082752e-01
3.725998349205693616e-01
3.726336782676363812e-01
3.726948207814029246e-01
3.727772258720564169e-01
3.728727755081596151e-01
3.729720648683170214e-01
3.730653229527782222e-01
3.731433690390992819e-01
3.731985113573286217e-01
3.732253000161154799e-01
3.732210604781009966e-01
3.731861553642932816e-01
3.731239489601972381e-01
3.730404778980860869e-01
3.729438602513253653e-01
3.728435008827180597e-01
3.727491708329108699e-01
3.726700508647378118e-01
3.726138327880457735e-01
3.725859665335917725e-01
3.725891266776624189e-01
3.726229506377044531e-01
3.726840741662025835e-01
3.727664606684165660e-01
3.728619921080629784e-01
3.729612636589779151e-01
3.730545043167166064e-01
3.731325333542190315e-01
3.731876589969871927e-01
3.732144313491966292e-01
3.732101758690836713e-01
3.731752551733188428e-01
3.731130335431366296e-01
3.730295476066037286e-01
3.729329154329427132e-01
3.728325418808760561e-01
3.727381979870293960e-01
3.726590645102749733e-01
3.726028332565571866e-01
3.725749541527851316e-01
3.725781017714532850e-01
3.726119135262719873e-01
3.726730251660399507e-01
3.727554000923850031e-01
3.728509202654414212e-01
3.729501808555119591e-01
3.730434108546701322e-01
3.731214295324179475e-01
3.731765451108693399e-01
3.732033076908560232e-01
3.731990427273146893e-01
3.731641128336610214e-01
3.731018822879179075e-01
3.730183877149824134e-01
3.729217471809482820e-01
3.728213655414502892e-01
3.727270138300664004e-01
3.726478728026595966e-01
3.725916342622020427e-01
3.725637481326710132e-01
3.725668889836651898e-01
3.726006942260320365e-01
3.726617996057478011e-01
3.727441685216486555e-01
3.728396829311139693e-01
3.729389380017246181e-01
3.730321627228637693e-01
3.731101763613772770e-01
3.731652871367533986e-01
3.731920451472308664e-01
3.731877758451827565e-01
3.731528418414930548e-01
3.730906074116804305e-01
3.730071091781684278e-01
3.729104652046056900e-01
3.728100803442098710e-01
3.727157256281694586e-01
3.726365818099856009e-01
3.725803406902962189e-01
3.725524521907692121e-01
3.725555908787205328e-01
