3.727372676278341568e-01
3.728376193849141651e-01
3.729728520431805361e-01
3.731296477976799864e-01
3.732925778348826218e-01
3.734456126170797030e-01
3.735736909697880415e-01
3.736641943789491549e-01
3.737081821834447593e-01
3.737012667536789290e-01
3.736440429876532465e-01
3.735420300824643380e-01
3.734051312810403589e-01
3.732466644778691944e-01
3.730820585747816054e-01
3.729273431965776098e-01
3.727975796036451239e-01
3.727053863947865087e-01
3.726597043147205079e-01
3.726649210755249020e-01
3.727204418605824521e-01
3.728207475531016835e-01
3.729559349894021048e-01
3.731126863532054916e-01
3.732755728198694500e-01
3.734285648407826286e-01
3.735566012307600658e-01
3.736470634652403477e-01
3.736910108727930502e-01
3.736840558136976798e-01
3.736267931760131611e-01
3.735247421470712648e-01
3.733878059602089294e-01
3.732293025004905229e-01
3.730646606604877680e-01
3.729099100559026825e-01
3.727801119381807249e-01
3.726878848973331215e-01
3.726421696694379171e-01
3.726473539580769101e-01
3.727028429382762131e-01
3.728031174850284790e-01
3.729382744265690719e-01
3.730949959386687942e-01
3.732578531888620654e-01
3.734108166208386370e-01
3.735388250418389955e-01
3.736292599198443032e-01
3.736731805760838965e-01
3.736661993636110068e-01
3.736089111633688620e-01
3.735068351556843358e-01
3.733698745669928321e-01
3.732113472755620442e-01
3.730466821672693833e-01
3.728919088512203106e-01
3.727620885723624822e-01
3.726698399143023033e-01
3.726241036068063672e-01
3.726292673472366146e-01
3.726847363044873407e-01
3.727849913475059784e-01
3.729201292985685479e-01
3.730768323275689413e-01
3.732396715962474354e-01
3.733926175425784089e-01
3.735206089681650798e-01
3.736110273354282807e-01
3.736549319601119579e-01
3.736479351898576717e-01
3.735906319002695319e-01
3.734885412664035176e-01
3.733515665094955804e-01
3.731930255026819077e-01
3.730283471267735185e-01
3.728735609858755962e-01
3.727437283199986351e-01
3.726514677078759386e-01
3.726057198744627263e-01
3.726108725123671306e-01
3.726663307857926433e-01
3.727665755590517382e-01
3.729017036498433191e-01
3.730583972235411716e-01
3.732212274374187011e-01
3.733741647250390372e-01
3.735021478836461628e-01
3.735925583713550768e-01
3.736364554996545739e-01
3.736294516119810227e-01
3.735721415797841338e-01
3.734700445740132269e-01
3.733330638118463884e-01
3.731745171624068491e-01
3.730098335025418543e-01
3.728550424324361123e-01
3.727252051882266048e-01
3.726329403448145894e-01
3.725871886233679819e-01
3.725923377127517977e-01
