3.444961759466603213e-01
3.497312927045607700e-01
3.571950325452844521e-01
3.661567905240230014e-01
3.757393253592732907e-01
3.850046299151322904e-01
3.930457498691547480e-01
3.990755627148052098e-01
4.025038267911675294e-01
4.029949582440481848e-01
4.005008803069197709e-01
3.952657293852413489e-01
3.878019572797711811e-01
3.788401688297611813e-01
3.692576052170162826e-01
3.599922734832935456e-01
3.519511278621099137e-01
3.459212907760361722e-01
3.424930038066827942e-01
3.420018507333476565e-01
3.444959082518186944e-01
3.497310398898257344e-01
3.571947937835275866e-01
3.661565650340903311e-01
3.757391124034368257e-01
3.850044287966732925e-01
3.930455599300814451e-01
3.990753833336980749e-01
4.025036573811499596e-01
4.029947982508642057e-01
4.005007292071209868e-01
3.952655866844865251e-01
3.878018225111953265e-01
3.788400415524406095e-01
3.692574850145444731e-01
3.599921599623964741e-01
3.519510206513974393e-01
3.459211895247486512e-01
3.424929081835595968e-01
3.420017604255364274e-01
3.444958229638612757e-01
3.497309593426929375e-01
3.571947177136921558e-01
3.661564931926821198e-01
3.757390445554065761e-01
3.850043647200507291e-01
3.930454994152272619e-01
3.990753261826292531e-01
4.025036034068858459e-01
4.029947472768135031e-01
4.005006810665203698e-01
3.952655412198299301e-01
3.878017795737366269e-01
3.788400010017048403e-01
3.692574467178645348e-01
3.599921237944820884e-01
3.519509864939071031e-01
3.459211572659358080e-01
3.424928777178832262e-01
3.420017316533277563e-01
3.444957957909852153e-01
3.497309336802471580e-01
3.571946934777203708e-01
3.661564703038879820e-01
3.757390229389114267e-01
3.850043443051284209e-01
3.930454801350917182e-01
3.990753079741987119e-01
4.025035862105899032e-01
4.029947310363928836e-01
4.005006657288407435e-01
3.952655267347113810e-01
3.878017658937855106e-01
3.788399880821675669e-01
3.692574345164748584e-01
3.599921122713182209e-01
3.519509756112739751e-01
3.459211469882274570e-01
3.424928680114713853e-01
3.420017224864582706e-01
3.444957871336639665e-01
3.497309255041513021e-01
3.571946857561012489e-01
3.661564630114828023e-01
3.757390160518612188e-01
3.850043378009002648e-01
3.930454739924046370e-01
3.990753021729606109e-01
4.025035807318222969e-01
4.029947258621694450e-01
4.005006608422343461e-01
3.952655221197384772e-01
3.878017615353442915e-01
3.788399839659999380e-01
3.692574306291058206e-01
3.599921086000332227e-01
3.519509721440613470e-01
3.459211437137419409e-01
3.424928649189988294e-01
3.420017195658747733e-01
