3.722878752387169254e-01
3.723166548190616210e-01
3.723634477808165366e-01
3.724236678797424593e-01
3.724914146708928619e-01
3.725600510818579680e-01
3.726228530923252347e-01
3.726736679247777961e-01
3.727075163180659789e-01
3.727210799290723853e-01
3.727130261522371701e-01
3.726841385613349211e-01
3.726372402049283883e-01
3.725769172639001869e-01
3.725090701213792932e-01
3.724403357894539579e-01
3.723774382295714780e-01
3.723265301618124412e-01
3.722925907912807419e-01
3.722789384064108531e-01
3.722869055593902576e-01
3.723157086243776281e-01
3.723625245020028007e-01
3.724227669618009329e-01
3.724905355722660238e-01
3.725591932741019741e-01
3.726220160597973896e-01
3.726728511643253028e-01
3.727067193387191835e-01
3.727203022517512343e-01
3.727122673094692695e-01
3.726833980969649907e-01
3.726365176738517526e-01
3.725762122317904934e-01
3.725083821644274984e-01
3.724396644941161960e-01
3.723767831923240901e-01
3.723258909888972901e-01
3.722919670984847773e-01
3.722783298188170331e-01
3.722863117111688824e-01
3.723151291585565237e-01
3.723619590702541560e-01
3.724222152242318007e-01
3.724899971972169266e-01
3.725586679379467858e-01
3.726215034467479925e-01
3.726723509662426270e-01
3.727062312549229151e-01
3.727198259888463427e-01
3.727118025811674840e-01
3.726829446239112165e-01
3.726360751834553175e-01
3.725757804580622223e-01
3.725079608478201187e-01
3.724392533813682404e-01
3.723763820363073518e-01
3.723254995484712171e-01
3.722915851383458707e-01
3.722779571093634554e-01
3.722859480283581823e-01
3.723147742837752960e-01
3.723616127901795414e-01
3.724218773307091390e-01
3.724896674871335800e-01
3.725583462131085155e-01
3.726211895137588326e-01
3.726720446363884776e-01
3.727059323440659599e-01
3.727195343173056452e-01
3.727115179736140149e-01
3.726826669092629385e-01
3.726358041947708810e-01
3.725755160324464854e-01
3.725077028263237833e-01
3.724390016088900968e-01
3.723761363615008535e-01
3.723252598236601041e-01
3.722913512194264141e-01
3.722777288557234665e-01
3.722857253027895830e-01
3.723145569523922949e-01
3.723614007223395861e-01
3.724216703989366994e-01
3.724894655670382138e-01
3.725581491833132031e-01
3.726209972558248706e-01
3.726718570347474779e-01
3.727057492859442989e-01
3.727193556926655105e-01
3.727113436750786879e-01
3.726824968320570086e-01
3.726356382366625142e-01
3.725753540936772024e-01
3.725075448095492847e-01
3.724388474191219767e-01
3.723759859060515320e-01
3.723251130120850405e-01
3.722912079634779214e-01
3.722775890692888723e-01
