3.611781019136063309e-01
3.639193398895617104e-01
3.675003385284599244e-01
3.715705647311225990e-01
3.757315963959864669e-01
3.795761227503078317e-01
3.827278147665204022e-01
3.848781628694754597e-01
3.858166760031526143e-01
3.854514859617850786e-01
3.838183400899110032e-01
3.810771020832365852e-01
3.774961034162337414e-01
3.734258771878518623e-01
3.692648454994698626e-01
3.654203191236297665e-01
3.622686270877208958e-01
3.601182789667471962e-01
3.591797658165978846e-01
3.595449558428925330e-01
3.611781017009723649e-01
3.639193396950265447e-01
3.675003383504825138e-01
3.715705645682970681e-01
3.757315962470138548e-01
3.795761226140144107e-01
3.827278146418272575e-01
3.848781627554107021e-01
3.858166758987907619e-01
3.854514858663022903e-01
3.838183400025556025e-01
3.810771020033132395e-01
3.774961033431186164e-01
3.734258771209615357e-01
3.692648454382712608e-01
3.654203190676408308e-01
3.622686270365080285e-01
3.601182789198947853e-01
3.591797657737325622e-01
3.595449558036836191e-01
3.611781016651067211e-01
3.639193396622167342e-01
3.675003383204702434e-01
3.715705645408494684e-01
3.757315962219076044e-01
3.795761225910489478e-01
3.827278146208278331e-01
3.848781627361904656e-01
3.858166758812154873e-01
3.854514858502174901e-01
3.838183399878405955e-01
3.810771019898521184e-01
3.774961033308068536e-01
3.734258771096997664e-01
3.692648454279659487e-01
3.654203190582117067e-01
3.622686270278769327e-01
3.601182789120020988e-01
3.591797657665150023e-01
3.595449557970854526e-01
3.611781016590653315e-01
3.639193396566902106e-01
3.675003383154104575e-01
3.715705645362090137e-01
3.757315962176663304e-01
3.795761225871639999e-01
3.827278146172707340e-01
3.848781627329357913e-01
3.858166758782352601e-01
3.854514858474946126e-01
3.838183399853518640e-01
3.810771019875778265e-01
3.774961033287234091e-01
3.734258771077952344e-01
3.692648454262223434e-01
3.654203190566115422e-01
3.622686270264101616e-01
3.601182789106600057e-01
3.591797657652813780e-01
3.595449557959521369e-01
3.611781016580262182e-01
3.639193396557426352e-01
3.675003383145394875e-01
3.715705645354155373e-01
3.757315962169334722e-01
3.795761225864990873e-01
3.827278146166592232e-01
3.848781627323749066e-01
3.858166758777237249e-01
3.854514858470321492e-01
3.838183399849283695e-01
3.810771019871984633e-01
3.774961033283724121e-01
3.734258771074707717e-01
3.692648454259264135e-01
3.654203190563501957e-01
3.622686270261670227e-01
3.601182789104358517e-01
3.591797657650777631e-01
3.595449557957582920e-01
