3.885931199353631627e-01
3.888875856221961635e-01
3.892838591039010088e-01
3.897429909860936070e-01
3.902198793704582669e-01
3.906676847388498297e-01
3.910424149277793582e-01
3.913072313840385008e-01
3.914360551751498440e-01
3.914161197732206054e-01
3.912492207279281153e-01
3.909515399019393156e-01
3.905520614738192120e-01
3.900897347611076427e-01
3.896096615862038037e-01
3.891586813922455756e-01
3.887807862686155636e-01
3.885128146953000794e-01
3.883808455324304632e-01
3.883976452364107379e-01
3.885614181869245787e-01
3.888559824515028240e-01
3.892523537826006463e-01
3.897115827945121236e-01
3.901885675974734458e-01
3.906364686817689891e-01
3.910112938922214454e-01
3.912762046838134111e-01
3.914051221321419027e-01
3.913852797172768239e-01
3.912184729967443930e-01
3.909208838409510833e-01
3.905214964360935737e-01
3.900592601072361276e-01
3.895792766841975618e-01
3.891283856174351241e-01
3.887505790035465925e-01
3.884826953296368068e-01
3.883508134628554931e-01
3.883676998665326896e-01
3.885315589271792214e-01
3.888262087190635374e-01
3.892226650012857170e-01
3.896819783946948168e-01
3.901590470159946311e-01
3.906070313618488221e-01
3.909819392833739915e-01
3.912469322417624906e-01
3.913759313187390454e-01
3.913561700004178912e-01
3.911894438502906968e-01
3.908919347446497827e-01
3.904926268754988494e-01
3.900304695736339644e-01
3.895505646745290318e-01
3.890997516342227791e-01
3.887220225548211894e-01
3.884542159288638663e-01
3.883224106288666322e-01
3.883393731234527912e-01
3.885033078043598764e-01
3.887980327510136558e-01
3.891945637276050807e-01
3.896539513600080218e-01
3.901310937698853065e-01
3.905791514587975688e-01
3.909541322826938781e-01
3.912191977075366589e-01
3.913482688197593706e-01
3.913285791101260291e-01
3.911619241467172992e-01
3.908644858103545450e-01
3.904652482975157768e-01
3.900031609434118085e-01
3.895233255878765566e-01
3.890725816912511958e-01
3.886949213598917541e-01
3.884271830905334233e-01
3.882954457598328246e-01
3.883124758405044341e-01
3.884764777283233328e-01
3.887712695067014890e-01
3.891678669437672600e-01
3.896273206692825730e-01
3.901045288087467977e-01
3.905526518675118686e-01
3.909276977052685842e-01
3.911928277916759122e-01
3.913219632168165041e-01
3.913023374750571048e-01
3.911357461380374767e-01
3.908383710900938945e-01
3.904391965311737600e-01
3.899771717999159781e-01
3.894973987395380921e-01
3.890467168137252685e-01
3.886691181321322852e-01
3.884014411947561141e-01
3.882697648814733560e-01
3.882868556681762229e-01
