3.465520031493806719e-01
3.649075178155032351e-01
3.856312150719810594e-01
4.066945150408518561e-01
4.260355951644992367e-01
4.417612157631889414e-01
4.523320435258649796e-01
4.567133321798255152e-01
4.544762106653922329e-01
4.458396640233184272e-01
4.316490976132903445e-01
4.132935829470060773e-01
3.925698856903858669e-01
3.715065857213900591e-01
3.521655055976241622e-01
3.364398849988398665e-01
3.258690572360729565e-01
3.214877685820296538e-01
3.237248900964040943e-01
3.323614367384203905e-01
3.465520031483879659e-01
3.649075178146287679e-01
3.856312150712080111e-01
4.066945150401682918e-01
4.260355951639039906e-01
4.417612157626633063e-01
4.523320435254077343e-01
4.567133321794237810e-01
4.544762106650355182e-01
4.458396640230052888e-01
4.316490976130162860e-01
4.132935829467594968e-01
3.925698856901683187e-01
3.715065857212050404e-01
3.521655055974638460e-01
3.364398849986947049e-01
3.258690572359418947e-01
3.214877685819163555e-01
3.237248900962970133e-01
3.323614367383235235e-01
3.465520031483144137e-01
3.649075178145592124e-01
3.856312150711446729e-01
4.066945150401120590e-01
4.260355951638427618e-01
4.417612157626058522e-01
4.523320435253520566e-01
4.567133321793763745e-01
4.544762106649924416e-01
4.458396640229688734e-01
4.316490976129881973e-01
4.132935829467332955e-01
3.925698856901390643e-01
3.715065857211707345e-01
3.521655055974330928e-01
3.364398849986655615e-01
3.258690572359192461e-01
3.214877685818958719e-01
3.237248900962858555e-01
3.323614367383124213e-01
3.465520031483054209e-01
3.649075178145572695e-01
3.856312150711442843e-01
4.066945150401059528e-01
4.260355951638409855e-01
4.417612157626061853e-01
4.523320435253587180e-01
4.567133321793841461e-01
4.544762106649871680e-01
4.458396640229566055e-01
4.316490976129688795e-01
4.132935829467189182e-01
3.925698856901305156e-01
3.715065857211659606e-01
3.521655055974345916e-01
3.364398849986717233e-01
3.258690572359208004e-01
3.214877685818936515e-01
3.237248900962780840e-01
3.323614367383058155e-01
3.465520031482969832e-01
3.649075178145426146e-01
3.856312150711378450e-01
4.066945150401030662e-01
4.260355951638439831e-01
4.417612157626081837e-01
4.523320435253502803e-01
4.567133321793712675e-01
4.544762106649807842e-01
4.458396640229462804e-01
4.316490976129456203e-01
4.132935829466978794e-01
3.925698856901106981e-01
3.715065857211519718e-01
3.521655055974194926e-01
3.364398849986586781e-01
3.258690572359149162e-01
3.214877685818938735e-01
3.237248900962835796e-01
3.323614367383130319e-01
