3.164715271932164731e-01
3.343641966688770673e-01
3.559896901239735789e-01
3.792311535854511750e-01
4.018135506768819032e-01
4.215263590301484564e-01
4.364399516164192416e-01
4.450944820842354654e-01
4.466427846917412903e-01
4.409333007920709924e-01
4.285249144496225959e-01
4.106322449739098213e-01
3.890067515187679015e-01
3.657652880572606624e-01
3.431828909658046212e-01
3.234700826125161965e-01
3.085564900262247612e-01
2.999019595583878317e-01
2.983536569508541958e-01
3.040631408505101718e-01
3.164715271929486873e-01
3.343641966686531908e-01
3.559896901237738498e-01
3.792311535852679882e-01
4.018135506767206433e-01
4.215263590300012964e-01
4.364399516162856263e-01
4.450944820841155614e-01
4.466427846916486422e-01
4.409333007919932212e-01
4.285249144495478224e-01
4.106322449738546432e-01
3.890067515187295433e-01
3.657652880572295206e-01
3.431828909657681503e-01
3.234700826124874973e-01
3.085564900261992261e-01
2.999019595583636288e-01
2.983536569508368763e-01
3.040631408505013455e-01
3.164715271929435803e-01
3.343641966686474731e-01
3.559896901237685762e-01
3.792311535852587734e-01
4.018135506767125942e-01
4.215263590299918595e-01
4.364399516162851267e-01
4.450944820841187255e-01
4.466427846916630195e-01
4.409333007920068215e-01
4.285249144495717477e-01
4.106322449738638580e-01
3.890067515187319858e-01
3.657652880572286325e-01
3.431828909657777538e-01
3.234700826124969897e-01
3.085564900262109389e-01
2.999019595583776177e-01
2.983536569508504765e-01
3.040631408505155564e-01
3.164715271929551266e-01
3.343641966686625167e-01
3.559896901237855071e-01
3.792311535852793125e-01
4.018135506767251397e-01
4.215263590300081242e-01
4.364399516162950077e-01
4.450944820841148952e-01
4.466427846916548039e-01
4.409333007919952752e-01
4.285249144495577034e-01
4.106322449738475378e-01
3.890067515187137226e-01
3.657652880572228038e-01
3.431828909657747562e-01
3.234700826124879414e-01
3.085564900262032229e-01
2.999019595583733988e-01
2.983536569508444258e-01
3.040631408505052313e-01
3.164715271929493534e-01
3.343641966686490830e-01
3.559896901237713518e-01
3.792311535852632143e-01
4.018135506767121501e-01
4.215263590299998531e-01
4.364399516162880688e-01
4.450944820841279403e-01
4.466427846916479205e-01
4.409333007919795655e-01
4.285249144495343887e-01
4.106322449738317726e-01
3.890067515186994007e-01
3.657652880572073717e-01
3.431828909657558824e-01
3.234700826124711770e-01
3.085564900261876797e-01
2.999019595583606868e-01
2.983536569508357106e-01
3.040631408504991806e-01
