3.712269244085476538e-01
3.718995192144367024e-01
3.726307191050132195e-01
3.733489491404084482e-01
3.739839039605480919e-01
3.744734297636733711e-01
3.747696083534283740e-01
3.748434477058624759e-01
3.746877199106910528e-01
3.743176686895008376e-01
3.737695172341439775e-01
3.730969224282575936e-01
3.723657225376835744e-01
3.716474925022805187e-01
3.710125376821138410e-01
3.705230118789988314e-01
3.702268332892431624e-01
3.701529939368232713e-01
3.703087217320020774e-01
3.706787729531910158e-01
3.712269244085518172e-01
3.718995192144382012e-01
3.726307191050061141e-01
3.733489491404079486e-01
3.739839039605538096e-01
3.744734297636859166e-01
3.747696083534353684e-01
3.748434477058580905e-01
3.746877199106640743e-01
3.743176686894779115e-01
3.737695172341219951e-01
3.730969224282315588e-01
3.723657225376612034e-01
3.716474925022774101e-01
3.710125376821165055e-01
3.705230118790055482e-01
3.702268332892523772e-01
3.701529939368127797e-01
3.703087217319899205e-01
3.706787729531845210e-01
3.712269244085437125e-01
3.718995192144299300e-01
3.726307191049947343e-01
3.733489491404021754e-01
3.739839039605642457e-01
3.744734297637132281e-01
3.747696083534866607e-01
3.748434477059042202e-01
3.746877199107117029e-01
3.743176686895245409e-01
3.737695172341594096e-01
3.730969224282669749e-01
3.723657225376970636e-01
3.716474925022877351e-01
3.710125376821321042e-01
3.705230118790060478e-01
3.702268332892542091e-01
3.701529939368221056e-01
3.703087217320025215e-01
3.706787729531911824e-01
3.712269244085463771e-01
3.718995192144302631e-01
3.726307191050111101e-01
3.733489491403946814e-01
3.739839039605418747e-01
3.744734297636720388e-01
3.747696083534341471e-01
3.748434477058583680e-01
3.746877199106582457e-01
3.743176686894694738e-01
3.737695172341168881e-01
3.730969224282248975e-01
3.723657225376582058e-01
3.716474925022559272e-01
3.710125376821096221e-01
3.705230118789908378e-01
3.702268332892219016e-01
3.701529939368079503e-01
3.703087217319945279e-01
3.706787729531834108e-01
3.712269244085490416e-01
3.718995192144350370e-01
3.726307191050051704e-01
3.733489491404146654e-01
3.739839039605644677e-01
3.744734297636805875e-01
3.747696083534485245e-01
3.748434477058701919e-01
3.746877199106842804e-01
3.743176686895039462e-01
3.737695172341336525e-01
3.730969224282550400e-01
3.723657225376693081e-01
3.716474925022686393e-01
3.710125376821185039e-01
3.705230118789937799e-01
3.702268332892347802e-01
3.701529939368077837e-01
3.703087217320024660e-01
3.706787729531939579e-01
