3.457012961615119062e-01
3.821107664581918639e-01
4.192044455058697161e-01
4.533513455524949554e-01
4.812089301060759605e-01
5.000503046952805564e-01
5.080311442997662574e-01
5.043702287332745282e-01
4.894259139185135887e-01
4.646610535127537744e-01
4.324998045994123963e-01
3.960903343027493695e-01
3.589966552550841183e-01
3.248497552084419482e-01
2.969921706548577234e-01
2.781507960656404710e-01
2.701699564611489968e-01
2.738308720276631525e-01
2.887751868424048851e-01
3.135400472481715273e-01
3.457012961615090196e-01
3.821107664581876451e-01
4.192044455058501762e-01
4.533513455524857405e-01
4.812089301060495372e-01
5.000503046952780029e-01
5.080311442997668125e-01
5.043702287332806344e-01
4.894259139185365148e-01
4.646610535127711494e-01
4.324998045994446483e-01
3.960903343027636359e-01
3.589966552550877266e-01
3.248497552084521067e-01
2.969921706548626639e-01
2.781507960656379730e-01
2.701699564611433901e-01
2.738308720276462771e-01
2.887751868423879542e-01
3.135400472481553735e-01
3.457012961614864266e-01
3.821107664581599450e-01
4.192044455058315799e-01
4.533513455524711411e-01
4.812089301060495372e-01
5.000503046952737840e-01
5.080311442997802462e-01
5.043702287332681999e-01
4.894259139185105911e-01
4.646610535127482233e-01
4.324998045994086215e-01
3.960903343027577517e-01
3.589966552550944989e-01
3.248497552084601558e-01
2.969921706548751539e-01
2.781507960656542933e-01
2.701699564611538262e-01
2.738308720276523278e-01
2.887751868424028312e-01
3.135400472481497669e-01
3.457012961614701063e-01
3.821107664581448460e-01
4.192044455058321906e-01
4.533513455524569857e-01
4.812089301060460955e-01
5.000503046952747832e-01
5.080311442997587079e-01
5.043702287332666456e-01
4.894259139185428431e-01
4.646610535127811970e-01
4.324998045994409290e-01
3.960903343027651902e-01
3.589966552550851175e-01
3.248497552084584905e-01
2.969921706548697138e-01
2.781507960656485201e-01
2.701699564611479976e-01
2.738308720276401154e-01
2.887751868423868995e-01
3.135400472481499334e-01
3.457012961614783775e-01
3.821107664581471219e-01
4.192044455058179242e-01
4.533513455524570412e-01
4.812089301060317736e-01
5.000503046952726738e-01
5.080311442997617055e-01
5.043702287332673118e-01
4.894259139185345164e-01
4.646610535127767005e-01
4.324998045994439266e-01
3.960903343027754042e-01
3.589966552551048240e-01
3.248497552084759765e-01
2.969921706548838136e-01
2.781507960656595668e-01
2.701699564611548809e-01
2.738308720276418362e-01
2.887751868423840684e-01
3.135400472481431611e-01
