5.118869202781687472e-02
5.704086263941929996e-02
6.146326385913520457e-02
6.403935591584565545e-02
6.455856806646369239e-02
6.302064162355201782e-02
5.961647346567276740e-02
5.469454664900773311e-02
4.872148396767134182e-02
4.224222437582828699e-02
3.584144020234025785e-02
3.010467683714367765e-02
2.557645735096052142e-02
2.271376480475244264e-02
2.183664394980328397e-02
2.308206730577076066e-02
2.637089742826613167e-02
3.139875929777156266e-02
3.765860701530160393e-02
4.449597533274021743e-02
5.118942062735811621e-02
5.704164804896284802e-02
6.146408240154919989e-02
6.404018059458471690e-02
6.455937175368035852e-02
6.302139983767084119e-02
5.961716647801358626e-02
5.469516082724341227e-02
4.872201239614202400e-02
4.224266686558292988e-02
3.584180281798336754e-02
3.010497104254887882e-02
2.557669883887079415e-02
2.271397205184166185e-02
2.183683654612439407e-02
2.308226414820486322e-02
2.637111492817444461e-02
3.139900980703629052e-02
3.765889769209348342e-02
4.449630762844349746e-02
5.118979047984822950e-02
5.704204673940843628e-02
6.146449791093899079e-02
6.404059921890578599e-02
6.455977972226385753e-02
6.302178472314741431e-02
5.961751826569512691e-02
5.469547259706935421e-02
4.872228063757854527e-02
4.224289148271533068e-02
3.584198688932832555e-02
3.010512038741422480e-02
2.557682142322468405e-02
2.271407725483100964e-02
2.183693431207532620e-02
2.308236406957174872e-02
2.637122533571057553e-02
3.139913697081894717e-02
3.765904524576253048e-02
4.449647630874928317e-02
5.118997822476766685e-02
5.704224912308300532e-02
6.146470883226583942e-02
6.404081172143648304e-02
6.455998681571492592e-02
6.302198009912537979e-02
5.961769684053385560e-02
5.469563085800209501e-02
4.872241680258372620e-02
4.224300550310353120e-02
3.584208032782256609e-02
3.010519619801662120e-02
2.557688364962800581e-02
2.271413065808867635e-02
2.183698394013407554e-02
2.308241479176361896e-02
2.637128138090277449e-02
3.139920152183483387e-02
3.765912014711245148e-02
4.449656193442554086e-02
5.119007352804610944e-02
5.704235185730083257e-02
6.146481590037606441e-02
6.404091959220324648e-02
6.456009194071979373e-02
6.302207927609540516e-02
5.961778748889051682e-02
5.469571119459105957e-02
4.872248592281466090e-02
4.224306338226024859e-02
3.584212775917469673e-02
3.010523468107853887e-02
2.557691523706303108e-02
2.271415776670773420e-02
2.183700913238246014e-02
2.308244053941829049e-02
2.637130983062499490e-02
3.139923428929183857e-02
3.765915816861734045e-02
4.449660539982460555e-02
