4.353571470969193336e-02
4.365624840771217818e-02
4.375163927405695263e-02
4.381255055553989752e-02
4.383302177309891801e-02
4.381105158702031793e-02
4.374879289020976864e-02
4.365234134268326099e-02
4.353113832426214191e-02
4.339704688691699286e-02
4.326319110549476515e-02
4.314267221443474770e-02
4.304728689364716726e-02
4.298637288934372552e-02
4.296589483009537191e-02
4.298785977818952997e-02
4.305011995101681171e-02
4.314658223399507608e-02
4.326780425394891744e-02
4.340191880367336857e-02
4.353579607524477035e-02
4.365632970972425225e-02
4.375172046529713504e-02
4.381263157201131103e-02
4.383310254050126059e-02
4.381113202817023961e-02
4.374887293268860805e-02
4.365242092596384460e-02
4.353121740562478081e-02
4.339712544558532031e-02
4.326326914460407874e-02
4.314274976065313877e-02
4.304736399450549006e-02
4.298644960854948460e-02
4.296597124130115825e-02
4.298793595783305388e-02
4.305019597093962674e-02
4.314665815455970971e-02
4.326788011832177067e-02
4.340199463382748285e-02
4.353587187005900083e-02
4.365640544534826750e-02
4.375179609773383743e-02
4.381270704164489521e-02
4.383317777811817501e-02
4.381120696187160851e-02
4.374894749501447716e-02
4.365249506053121842e-02
4.353129107263835340e-02
4.339719862569169778e-02
4.326334184072322397e-02
4.314282199762719400e-02
4.304743581661137769e-02
4.298652107513297599e-02
4.296604242097162851e-02
4.298800692179555877e-02
4.305026678611734159e-02
4.314672887718172534e-02
4.326795078859902582e-02
4.340206527222894434e-02
4.353594247553980306e-02
4.365647599569130732e-02
4.375186655195393431e-02
4.381277734420844366e-02
4.383324786455046473e-02
4.381127676519629144e-02
4.374901695238944677e-02
4.365256411943405079e-02
4.353135969599899319e-02
4.339726679548124716e-02
4.326340955966243018e-02
4.314288928885740698e-02
4.304750272137729261e-02
4.298658764871745447e-02
4.296610872728692798e-02
4.298807302717150280e-02
4.305033275289497224e-02
4.314679475774056000e-02
4.326801662039711505e-02
4.340213107433377876e-02
4.353600824697837629e-02
4.365654171576726500e-02
4.375193218248814297e-02
4.381284283346893044e-02
4.383331315247711302e-02
4.381134178939819629e-02
4.374908165432798979e-02
4.365262845018241800e-02
4.353142362102483537e-02
4.339733029799048430e-02
4.326347264218876471e-02
4.314295197295783812e-02
4.304756504547325308e-02
4.298664966430605638e-02
4.296617049390531740e-02
4.298813460660814295e-02
4.305039420322243765e-02
4.314685612775204931e-02
4.326807794498638282e-02
4.340219237126237417e-02
