4.345831794354877708e-02
4.357873479483021645e-02
4.367409572286401476e-02
4.373506670368643851e-02
4.375568093021479921e-02
4.373392242737871027e-02
4.367192276701860332e-02
4.357575186474842849e-02
4.345482354725861002e-02
4.332097417939190925e-02
4.318730449639640590e-02
4.306689783598342813e-02
4.297154000053481082e-02
4.291056584799254198e-02
4.288994541296068524e-02
4.291169905978470256e-02
4.297369909141991740e-02
4.306987747213151391e-02
4.319081954106587795e-02
4.332468570216199688e-02
4.345837082407507518e-02
4.357878768503928996e-02
4.367414859202068539e-02
4.373511951002256176e-02
4.375573362509958125e-02
4.373397496013678443e-02
4.367197508992248095e-02
4.357580393769647925e-02
4.345487534168374077e-02
4.332102568102457613e-02
4.318735570661713652e-02
4.306694877164116836e-02
4.297159069225584688e-02
4.291061633715465007e-02
4.288999574763149164e-02
4.291174929002753574e-02
4.297374926442813770e-02
4.306992762766766181e-02
4.319086970764919597e-02
4.332473589437326605e-02
4.345842104123809335e-02
4.357883791139695318e-02
4.367419879838632668e-02
4.373516965673190926e-02
4.375578366597062535e-02
4.373402484704658200e-02
4.367202477754713458e-02
4.357585338795427060e-02
4.345492452744673106e-02
4.332107458874181333e-02
4.318740433759951647e-02
4.306699714188884365e-02
4.297163883085322600e-02
4.291066428339552347e-02
4.289004354716234590e-02
4.291179699039007756e-02
4.297379691043892724e-02
4.306997525708653601e-02
4.319091734755877571e-02
4.332478355862050268e-02
4.345846872918018855e-02
4.357888560807128553e-02
4.367424647607586613e-02
4.373521727776944618e-02
4.375583118650074044e-02
4.373407222136962286e-02
4.367207196262234276e-02
4.357590034761745640e-02
4.345497123593634881e-02
4.332112103318958019e-02
4.318745051925024919e-02
4.306704307593689496e-02
4.297168454491816225e-02
4.291070981479196134e-02
4.289008893923772214e-02
4.291184228829184738e-02
4.297384215672622743e-02
4.307002048761734286e-02
4.319096258805183580e-02
4.332482882222519344e-02
4.345851401528621344e-02
4.357893090246913598e-02
4.367429175244486039e-02
4.373526250033994700e-02
4.375587631362554825e-02
4.373411720965135474e-02
4.367211677118786051e-02
4.357594494212455039e-02
4.345501559192035262e-02
4.332116513843019961e-02
4.318749437493001747e-02
4.306708669648481175e-02
4.297172795656228894e-02
4.291075305296776499e-02
4.289013204510971899e-02
4.291188530473356161e-02
4.297388512415328821e-02
4.307006344008174059e-02
4.319100554997690883e-02
4.332487180609775196e-02
