4.500832611057068583e-02
4.600475267582938149e-02
4.673978934971758509e-02
4.714319140595653324e-02
4.717882857010462921e-02
4.684693007382496194e-02
4.618264933651514831e-02
4.525162249143837440e-02
4.414332327578309595e-02
4.296293785880933580e-02
4.182231441770788843e-02
4.083040997950100615e-02
4.008365021763649755e-02
3.965675772845463770e-02
3.959483508267502838e-02
3.990769300848921730e-02
4.056745106709224585e-02
4.151020091855334160e-02
4.264199108424279044e-02
4.384866239903820184e-02
4.500832616502427330e-02
4.600475272733292598e-02
4.673978939812920008e-02
4.714319145112592230e-02
4.717882861190583060e-02
4.684693011219931424e-02
4.618264937147814608e-02
4.525162252310376693e-02
4.414332330433025364e-02
4.296293788448523471e-02
4.182231444080252575e-02
4.083041000033676288e-02
4.008365023654503201e-02
3.965675774574999035e-02
3.959483509864480250e-02
3.990769302337644070e-02
4.056745108109213044e-02
4.151020093180675385e-02
4.264199109684395361e-02
4.384866241103455714e-02
4.500832617642012284e-02
4.600475273811156784e-02
4.673978940826029743e-02
4.714319146057655702e-02
4.717882862065454069e-02
4.684693012022664999e-02
4.618264937879178883e-02
4.525162252972635829e-02
4.414332331029573175e-02
4.296293788985213608e-02
4.182231444562634765e-02
4.083041000468990572e-02
4.008365024049501818e-02
3.965675774936464060e-02
3.959483510198229250e-02
3.990769302649022077e-02
4.056745108402071143e-02
4.151020093458376164e-02
4.264199109948468847e-02
4.384866241354878902e-02
4.500832617880682479e-02
4.600475274036608386e-02
4.673978941038143403e-02
4.714319146255763898e-02
4.717882862248712339e-02
4.684693012191151057e-02
4.618264938032908690e-02
4.525162253111663507e-02
4.414332331154630085e-02
4.296293789097293397e-02
4.182231444663548486e-02
4.083041000559766570e-02
4.008365024131845672e-02
3.965675775011450604e-02
3.959483510267836071e-02
3.990769302714248373e-02
4.056745108463475497e-02
4.151020093516122333e-02
4.264199110003036308e-02
4.384866241406931708e-02
4.500832617930160956e-02
4.600475274083518779e-02
4.673978941082469751e-02
4.714319146296483409e-02
4.717882862285933260e-02
4.684693012225121800e-02
4.618264938063887382e-02
4.525162253139763946e-02
4.414332331179488672e-02
4.296293789119657452e-02
4.182231444684209043e-02
4.083041000578326030e-02
4.008365024148811961e-02
3.965675775026881317e-02
3.959483510281682633e-02
3.990769302726927120e-02
4.056745108475755951e-02
4.151020093528130783e-02
4.264199110014731120e-02
4.384866241418064470e-02
