5.397953503822433552e-02
5.841220886530910233e-02
6.102208708869372861e-02
6.173258043972425918e-02
6.069177350304290341e-02
5.817514985389535265e-02
5.450214031314298824e-02
4.998800335189040184e-02
4.493376301597302308e-02
3.964463230561941082e-02
3.446141457108483491e-02
2.978678663397093737e-02
2.608740292328896176e-02
2.385513202294325258e-02
2.352072407557881037e-02
2.533335016264490896e-02
2.924452765561180723e-02
3.484992124479947828e-02
4.143080755165697016e-02
4.809641085549275913e-02
5.397953503821368432e-02
5.841220886530936601e-02
6.102208708869902298e-02
6.173258043971707049e-02
6.069177350304025276e-02
5.817514985390016130e-02
5.450214031312747981e-02
4.998800335187374849e-02
4.493376301596069267e-02
3.964463230561616341e-02
3.446141457108086587e-02
2.978678663396629872e-02
2.608740292328715765e-02
2.385513202294306176e-02
2.352072407557615971e-02
2.533335016264047501e-02
2.924452765560847656e-02
3.484992124479964481e-02
4.143080755165674811e-02
4.809641085549665185e-02
5.397953503822380122e-02
5.841220886531104522e-02
6.102208708869489434e-02
6.173258043973266218e-02
6.069177350306969448e-02
5.817514985391291499e-02
5.450214031315958607e-02
4.998800335189583499e-02
4.493376301597692274e-02
3.964463230562310231e-02
3.446141457108143485e-02
2.978678663396548687e-02
2.608740292328613070e-02
2.385513202293790963e-02
2.352072407557066064e-02
2.533335016264091563e-02
2.924452765561306664e-02
3.484992124479512066e-02
4.143080755165064188e-02
4.809641085549409140e-02
5.397953503821317778e-02
5.841220886530688189e-02
6.102208708869402698e-02
6.173258043972655595e-02
6.069177350304743451e-02
5.817514985388239079e-02
5.450214031313711793e-02
4.998800335187676691e-02
4.493376301596099798e-02
3.964463230561431073e-02
3.446141457107480127e-02
2.978678663396955306e-02
2.608740292329189345e-02
2.385513202294331503e-02
2.352072407557968814e-02
2.533335016264708431e-02
2.924452765561607118e-02
3.484992124479884684e-02
4.143080755165679668e-02
4.809641085549259953e-02
5.397953503821349003e-02
5.841220886530944928e-02
6.102208708869912707e-02
6.173258043971698722e-02
6.069177350304025276e-02
5.817514985390018906e-02
5.450214031312737573e-02
4.998800335187390115e-02
4.493376301596086614e-02
3.964463230560965473e-02
3.446141457108021361e-02
2.978678663397368517e-02
2.608740292329330551e-02
2.385513202294408525e-02
2.352072407558099265e-02
2.533335016264552653e-02
2.924452765561506504e-02
3.484992124479848602e-02
4.143080755166541479e-02
4.809641085550156459e-02
