4.519134046662921095e-02
4.678842779730931628e-02
4.805173500250494584e-02
4.885766968857092885e-02
4.912761617902954014e-02
4.883552760721446284e-02
4.801033309019894779e-02
4.673297881068028126e-02
4.512844116578123427e-02
4.335351790209430317e-02
4.158158289116584833e-02
3.998575749873955337e-02
3.872209155743884523e-02
3.791435173149795140e-02
3.764188194692735800e-02
3.793173340107532793e-02
3.875587384774944327e-02
4.003380382419634287e-02
4.164037257042026846e-02
4.341805304286978917e-02
4.519246514749378218e-02
4.678958810441301991e-02
4.805292242089195809e-02
4.885887274872981884e-02
4.912882160304425649e-02
4.883672162067338729e-02
4.801150276977254189e-02
4.673411333605098639e-02
4.512953285604370812e-02
4.335456293917963611e-02
4.158258166381770260e-02
3.998671453708975421e-02
3.872301506707904323e-02
3.791525277378806486e-02
3.764277334591045049e-02
3.793262848370089479e-02
3.875678514056833668e-02
4.003474183434833911e-02
4.164134477075107782e-02
4.341906316080936662e-02
4.519351282675032611e-02
4.679066897074812825e-02
4.805402854232806997e-02
4.885999344101869812e-02
4.912994449734611746e-02
4.883783388564613692e-02
4.801259236688636134e-02
4.673517018580497506e-02
4.513054980340781841e-02
4.335553642748984915e-02
4.158351205520261634e-02
3.998760605152455044e-02
3.872387534835677186e-02
3.791609212594931888e-02
3.764360371499655272e-02
3.793346228422764255e-02
3.875763404145302071e-02
4.003561562335659213e-02
4.164225040909780295e-02
4.342000412072462290e-02
4.519448877633565342e-02
4.679167583524792423e-02
4.805505893283060215e-02
4.886103740477660412e-02
4.913099051235619852e-02
4.883886999906780074e-02
4.801360736441070282e-02
4.673615467802702539e-02
4.513149712516917322e-02
4.335644326563527218e-02
4.158437874706591431e-02
3.998843652816028854e-02
3.872467673022317314e-02
3.791687401161780713e-02
3.764437723261858382e-02
3.793423899835576124e-02
3.875842482208829293e-02
4.003642958814208896e-02
4.164309404264740500e-02
4.342088065754093340e-02
4.519539790724428491e-02
4.679261376447300252e-02
4.805601877734350796e-02
4.886200989324780697e-02
4.913196491164000673e-02
4.883983517467776342e-02
4.801455286982983517e-02
4.673707176669828628e-02
4.513237958826626234e-02
4.335728801683841338e-02
4.158518610061456150e-02
3.998921014596691637e-02
3.872542324524239077e-02
3.791760236525228145e-02
3.764509779112723553e-02
3.793496253452119382e-02
3.875916146169359339e-02
4.003718782458830922e-02
4.164387991657705901e-02
4.342169718200575984e-02
