5.022225396736417630e-02
5.321351870840235199e-02
5.507660788566332011e-02
5.570711995081980422e-02
5.514185297378668832e-02
5.351757822000764026e-02
5.102956519282627473e-02
4.790212549999891406e-02
4.437526265300605066e-02
4.070453434945057319e-02
3.716672565188976901e-02
3.406182488060953417e-02
3.170198092139750456e-02
3.038114642717897051e-02
3.032569439367557157e-02
3.163582491076226411e-02
3.423669423081435875e-02
3.786127355531801464e-02
4.207947641899540542e-02
4.637116778689536617e-02
5.022225396736689634e-02
5.321351870839938908e-02
5.507660788563799314e-02
5.570711995078706652e-02
5.514185297377099948e-02
5.351757822000650922e-02
5.102956519283322750e-02
4.790212549999647851e-02
4.437526265299799461e-02
4.070453434944647231e-02
3.716672565187640470e-02
3.406182488059565638e-02
3.170198092137867935e-02
3.038114642715954855e-02
3.032569439366327932e-02
3.163582491075277170e-02
3.423669423081047297e-02
3.786127355530576749e-02
4.207947641898346358e-02
4.637116778687885854e-02
5.022225396735891662e-02
5.321351870839557269e-02
5.507660788564522347e-02
5.570711995080593337e-02
5.514185297378598055e-02
5.351757822001759757e-02
5.102956519282292325e-02
4.790212549999464664e-02
4.437526265299012590e-02
4.070453434944035914e-02
3.716672565187272015e-02
3.406182488059015384e-02
3.170198092137545276e-02
3.038114642716759073e-02
3.032569439366991637e-02
3.163582491076120939e-02
3.423669423081161789e-02
3.786127355531378885e-02
4.207947641897911983e-02
4.637116778687049023e-02
5.022225396735401776e-02
5.321351870839633597e-02
5.507660788565407750e-02
5.570711995079910550e-02
5.514185297376948680e-02
5.351757822000063891e-02
5.102956519281597741e-02
4.790212550000461783e-02
4.437526265299975708e-02
4.070453434943401699e-02
3.716672565187172095e-02
3.406182488059891766e-02
3.170198092137702095e-02
3.038114642716843380e-02
3.032569439367149150e-02
3.163582491075801056e-02
3.423669423081208973e-02
3.786127355531845179e-02
4.207947641899511398e-02
4.637116778689162611e-02
5.022225396736757635e-02
5.321351870840229648e-02
5.507660788565143378e-02
5.570711995079753731e-02
5.514185297376318629e-02
5.351757821999671150e-02
5.102956519282814130e-02
4.790212550001294450e-02
4.437526265301849904e-02
4.070453434945739413e-02
3.716672565188299665e-02
3.406182488060207486e-02
3.170198092137484908e-02
3.038114642715437907e-02
3.032569439366420219e-02
3.163582491074962838e-02
3.423669423080218793e-02
3.786127355530294336e-02
4.207947641897683000e-02
4.637116778686117130e-02
