4.565544508764349252e-02
4.774255532961890758e-02
4.939453147828966328e-02
5.044976293899181702e-02
5.080531982864793655e-02
5.042689084556820772e-02
4.935195487794311747e-02
4.768594736165621822e-02
4.559185958432089569e-02
4.327431947628532921e-02
4.095969860362166232e-02
3.887414025165719655e-02
3.722158811001763379e-02
3.616390324081562163e-02
3.580498484007763743e-02
3.618046242738100216e-02
3.725402081659701103e-02
3.892078913834978032e-02
4.101752556052964266e-02
4.333863169547793465e-02
4.565641566683183855e-02
4.774356765865078039e-02
4.939557613188419460e-02
5.045082715483867331e-02
5.080638877698975819e-02
5.042794909117745417e-02
4.935298788972847933e-02
4.768694292274216345e-02
4.559280896723301446e-02
4.327521827213184902e-02
4.096054712820897115e-02
3.887494349208216876e-02
3.722235521884460080e-02
3.616464662778637318e-02
3.580571894972395253e-02
3.618120232141253112e-02
3.725478069948089110e-02
3.892158097080532231e-02
4.101835789761978240e-02
4.333950886395962487e-02
4.565733736241760210e-02
4.774452900133280969e-02
4.939656817108964426e-02
5.045183777103591505e-02
5.080740388732792046e-02
5.042895403783070885e-02
4.935396887346947536e-02
4.768788834200262533e-02
4.559371053410171681e-02
4.327607179977249058e-02
4.096135291652238525e-02
3.887570627698784531e-02
3.722308369193411126e-02
3.616535257378084706e-02
3.580641608565072326e-02
3.618190495039187715e-02
3.725550231056634631e-02
3.892233292231009334e-02
4.101914831372754228e-02
4.334034185350847668e-02
4.565821263644574690e-02
4.774544192561575029e-02
4.939751024585355837e-02
5.045279748715413015e-02
5.080836787123792220e-02
5.042990836995344534e-02
4.935490044958138617e-02
4.768878614485309864e-02
4.559456669320344213e-02
4.327688233916050786e-02
4.096211812099281868e-02
3.887643064393393744e-02
3.722377547519217789e-02
3.616602296452954557e-02
3.580707811005376384e-02
3.618257219118744400e-02
3.725618757742663045e-02
3.892304700148231655e-02
4.101989892021801198e-02
4.334113288921236790e-02
4.565904382695436248e-02
4.774630887010940933e-02
4.939840487265313718e-02
5.045370886679427513e-02
5.080928330372094792e-02
5.043081463676506865e-02
4.935578510649746287e-02
4.768963872951155480e-02
4.559537973151683160e-02
4.327765205541503346e-02
4.096284478564079373e-02
3.887711852785561556e-02
3.722443241651626766e-02
3.616665959078629172e-02
3.580770679133939843e-02
3.618320582614038133e-02
3.725683833055452865e-02
3.892372511577912170e-02
4.102061172212070200e-02
4.334188408409465898e-02
