5.001770251127827388e-02
5.605462959895786412e-02
6.084421728153441289e-02
6.391767890989115408e-02
6.497438731348244290e-02
6.391121647147214591e-02
6.083251706675334852e-02
5.603979495782435150e-02
5.000214375428096297e-02
4.331034634706704828e-02
3.661913073563850124e-02
3.058319980533068597e-02
2.579325142772951815e-02
2.271821082973241729e-02
2.165930929778939196e-02
2.272051178888706557e-02
2.579822094206835406e-02
3.059131084965728206e-02
3.663054931724038510e-02
4.332454921285249644e-02
5.001774337058126352e-02
5.605467527076663653e-02
6.084426672749547460e-02
6.391773071981467214e-02
6.497443984508884107e-02
6.391126801197652418e-02
6.083256600038597361e-02
5.603983992293434802e-02
5.000218377480926402e-02
4.331038092576705578e-02
3.661915990020738615e-02
3.058322410321778761e-02
2.579327187036831864e-02
2.271822879183115276e-02
2.165932638164812934e-02
2.272052966708403357e-02
2.579824119393002435e-02
3.059133480750600431e-02
3.663057793741876511e-02
4.332458298406051400e-02
5.001778226835198321e-02
5.605471876233577427e-02
6.084431382634437196e-02
6.391778008428530833e-02
6.497448991118036365e-02
6.391131714715123091e-02
6.083261266325496602e-02
5.603988281323103032e-02
5.000222195911151191e-02
4.331041392687954433e-02
3.661918774170467433e-02
3.058324730502890235e-02
2.579329139603936741e-02
2.271824595277025655e-02
2.165934270781695245e-02
2.272054675683795114e-02
2.579826055771830551e-02
3.059135772071966061e-02
3.663060531675520898e-02
4.332461529943298223e-02
5.001781949885162476e-02
5.605476040038769037e-02
6.084435892944001223e-02
6.391782736900232520e-02
6.497453788007667708e-02
6.391136423595886185e-02
6.083265739389977916e-02
5.603992393773211261e-02
5.000225858040117238e-02
4.331044558490627222e-02
3.661921445660877572e-02
3.058326957337773044e-02
2.579331014065507424e-02
2.271826243118596836e-02
2.165935838839103469e-02
2.272056317468649361e-02
2.579827916457680045e-02
3.059137974342172536e-02
3.663063163815483136e-02
4.332464637337340996e-02
5.001785530740388008e-02
5.605480045740830752e-02
6.084440232991929903e-02
6.391787287917208293e-02
6.497458405927465652e-02
6.391140957818278179e-02
6.083270047513711365e-02
5.603996355467240342e-02
5.000229386706217527e-02
4.331047609592795361e-02
3.661924020925541590e-02
3.058329104431313158e-02
2.579332821795598044e-02
2.271827832638683223e-02
2.165937351722707627e-02
2.272057901822988751e-02
2.579829712436447139e-02
3.059140100475113769e-02
3.663065705491026780e-02
4.332467638561301321e-02
