4.638657278308919857e-02
4.826830549016854904e-02
4.964269191227779071e-02
5.038154460031463860e-02
5.042471955270338979e-02
4.978129096329114017e-02
4.852363444402935794e-02
4.677687502099122513e-02
4.470595879342450368e-02
4.250180059212217004e-02
4.036699829610522483e-02
3.850091611684165749e-02
3.708381096127888465e-02
3.626018788732440074e-02
3.612256690902374001e-02
3.669794640777786915e-02
3.793994500566388178e-02
3.972942218129989211e-02
4.188511561005343192e-02
4.418372505729453031e-02
4.638657288106372983e-02
4.826830558451725844e-02
4.964269200204776689e-02
5.038154468455390694e-02
5.042471963062827162e-02
4.978129103434863340e-02
4.852363450798575367e-02
4.677687507790005000e-02
4.470595884362884437e-02
4.250180063616941506e-02
4.036699833471834448e-02
3.850091615084404867e-02
3.708381099153046367e-02
3.626018791466455171e-02
3.612256693420499293e-02
3.669794643143570873e-02
3.793994502829482751e-02
3.972942220322616541e-02
4.188511563145439626e-02
4.418372507819181422e-02
4.638657290137858380e-02
4.826830560408217063e-02
4.964269202066946135e-02
5.038154470203288354e-02
5.042471964679989815e-02
4.978129104911293429e-02
4.852363452126961380e-02
4.677687508972538932e-02
4.470595885406067338e-02
4.250180064532661089e-02
4.036699834274409121e-02
3.850091615790918881e-02
3.708381099781508927e-02
3.626018792033469662e-02
3.612256693943232538e-02
3.669794643634633619e-02
3.793994503299232685e-02
3.972942220778569872e-02
4.188511563591432174e-02
4.418372508255148656e-02
4.638657290561500057e-02
4.826830560816612603e-02
4.964269202455314639e-02
5.038154470568497606e-02
5.042471965017553126e-02
4.978129105218382505e-02
4.852363452403149480e-02
4.677687509218721867e-02
4.470595885622452581e-02
4.250180064722972745e-02
4.036699834441084822e-02
3.850091615937948492e-02
3.708381099911606249e-02
3.626018792151571024e-02
3.612256694051550060e-02
3.669794643736675605e-02
3.793994503396493079e-02
3.972942220872924257e-02
4.188511563683133127e-02
4.418372508344697164e-02
4.638657290648482562e-02
4.826830560900345624e-02
4.964269202534579012e-02
5.038154470642152577e-02
5.042471965085760371e-02
4.978129105280427319e-02
4.852363452460289189e-02
4.677687509269239791e-02
4.470595885666796276e-02
4.250180064761487769e-02
4.036699834475034748e-02
3.850091615967959208e-02
3.708381099938792141e-02
3.626018792175725314e-02
3.612256694073696234e-02
3.669794643757176567e-02
3.793994503416282110e-02
3.972942220892065890e-02
4.188511563701812629e-02
4.418372508362474610e-02
