4.347722460633233338e-02
4.359305717334997776e-02
4.368249996155861015e-02
4.373680378597878671e-02
4.375066936677162593e-02
4.372275983734626170e-02
4.365582384547491562e-02
4.355642016062734323e-02
4.343427316187965098e-02
4.330132324480286121e-02
4.317056422254191700e-02
4.305477915526743221e-02
4.296529539547615933e-02
4.291087829396358910e-02
4.289687089903293504e-02
4.292466473087738071e-02
4.299155580526205223e-02
4.309100296640529237e-02
4.321326567150299280e-02
4.334635975785800649e-02
4.347723675930283832e-02
4.359306895248077351e-02
4.368251137133141032e-02
4.373681482900666079e-02
4.375068004489659351e-02
4.372277015271110873e-02
4.365583380144671954e-02
4.355642976251154069e-02
4.343428241734996476e-02
4.330133216405004926e-02
4.317057281814302983e-02
4.305478744179258577e-02
4.296530338890094947e-02
4.291088601096362115e-02
4.289687835622157941e-02
4.292467194406852232e-02
4.299156278882075577e-02
4.309100973276213525e-02
4.321327223086151442e-02
4.334636611809793150e-02
4.347724292609125851e-02
4.359307492956859126e-02
4.368251716099633142e-02
4.373682043257020452e-02
4.375068546329666241e-02
4.372277538703657485e-02
4.365583885341012965e-02
4.355643463480152189e-02
4.343428711385849406e-02
4.330133668994973900e-02
4.317057717981225701e-02
4.305479164662333325e-02
4.296530744500436094e-02
4.291088992680355818e-02
4.289688214022818052e-02
4.292467560426325296e-02
4.299156633249349990e-02
4.309101316622317157e-02
4.321327555928605735e-02
4.334636934548335291e-02
4.347724605531304298e-02
4.359307796253174272e-02
4.368252009885316423e-02
4.373682327599510977e-02
4.375068821276315717e-02
4.372277804309747384e-02
4.365584141693306525e-02
4.355643710715037531e-02
4.343428949701153702e-02
4.330133898652897828e-02
4.317057939305755238e-02
4.305479378028624626e-02
4.296530950319842057e-02
4.291089191382199686e-02
4.289688406034787571e-02
4.292467746155449043e-02
4.299156813065737465e-02
4.309101490846175414e-02
4.321327724822413008e-02
4.334637098315132636e-02
4.347724764316983348e-02
4.359307950154327899e-02
4.368252158960756609e-02
4.373682471883333367e-02
4.375068960792596190e-02
4.372277939086469112e-02
4.365584271774468339e-02
4.355643836169737632e-02
4.343429070629450245e-02
4.330134015188383256e-02
4.317058051612693986e-02
4.305479486297125735e-02
4.296531054758876561e-02
4.291089292209554484e-02
4.289688503467527919e-02
4.292467840400406021e-02
4.299156904310338229e-02
4.309101579252742203e-02
4.321327810524532020e-02
4.334637181415538359e-02
