4.564437781587724757e-02
4.773726883909715918e-02
4.939786068957826431e-02
5.046360930016353941e-02
5.083021881033010503e-02
5.046184046082381747e-02
4.939456740060308576e-02
4.773288878011483494e-02
4.563945514012190952e-02
4.331915940797053527e-02
4.099909086131568736e-02
3.890632036727015297e-02
3.724568596372098556e-02
3.617974837321171616e-02
3.581287606454416905e-02
3.618101862827936138e-02
3.724817345693084980e-02
3.890989706632217576e-02
4.100352225949613350e-02
4.332408348598457137e-02
4.564439060947532434e-02
4.773728218426812747e-02
4.939787446300336615e-02
5.046362333429511154e-02
5.083023291000035582e-02
5.046185442245831876e-02
4.939458103215064316e-02
4.773290191974640523e-02
4.563946767188511999e-02
4.331917127289003355e-02
4.099910206288343018e-02
3.890633097081853953e-02
3.724569608977087998e-02
3.617975818547145700e-02
3.581288575375240341e-02
3.618102839348671246e-02
3.724818348605621332e-02
3.890990751788439561e-02
4.100353324729905796e-02
4.332409506823868550e-02
4.564440278339789575e-02
4.773729488666440118e-02
4.939788757674339753e-02
5.046363670002448898e-02
5.083024634191635888e-02
5.046186772659019826e-02
4.939459402534862598e-02
4.773291444752452567e-02
4.563947962338350123e-02
4.331918259151382872e-02
4.099911275160171564e-02
3.890634109163117194e-02
3.724570575742119916e-02
3.617976755604108974e-02
3.581289500927056085e-02
3.618103772407089969e-02
3.724819307133600543e-02
3.890991750952424444e-02
4.100354375432337800e-02
4.332410614658056824e-02
4.564441443067744630e-02
4.773730704268430020e-02
4.939790012962905902e-02
5.046364949738482014e-02
5.083025920591208169e-02
5.046188047142132621e-02
4.939460647544324789e-02
4.773292645465162382e-02
4.563949108102616919e-02
4.331919344511382663e-02
4.099912300369332879e-02
3.890635080138696300e-02
3.724571503467322131e-02
3.617977655038207702e-02
3.581290389531511381e-02
3.618104668432759602e-02
3.724820227837050829e-02
3.890992710915695124e-02
4.100355385150004223e-02
4.332411679528798409e-02
4.564442562887377486e-02
4.773731873272293175e-02
4.939791220411364481e-02
5.046366180986142091e-02
5.083027158533472839e-02
5.046189273896321131e-02
4.939461846200259021e-02
4.773293801734150577e-02
4.563950211704351917e-02
4.331920390164575169e-02
4.099913288291075208e-02
3.890636016005471348e-02
3.724572397843442517e-02
3.617978522329075297e-02
3.581291246565379560e-02
3.618105532810420022e-02
3.724821116211282646e-02
3.890993637368788532e-02
4.100356359827580371e-02
4.332412707662638973e-02
