4.517927892350612901e-02
4.678004134602101183e-02
4.804888033554217952e-02
4.886161657568285216e-02
4.913879367762899464e-02
4.885341812259198779e-02
4.803354902965711881e-02
4.675950432351905217e-02
4.515597481206152369e-02
4.337982720538500342e-02
4.160478670952719865e-02
4.000448414255735469e-02
3.873550698177867513e-02
3.792209538533569679e-02
3.764397211309777197e-02
3.792850090009448200e-02
3.874795529842319647e-02
4.002218541756386028e-02
4.162643960031620072e-02
4.340358454904258423e-02
4.517952443789157585e-02
4.678029522706500520e-02
4.804914076190260758e-02
4.886188106093210248e-02
4.913905931551904721e-02
4.885368187251656197e-02
4.803380801421828356e-02
4.675975610910741709e-02
4.515621764518927550e-02
4.338006018196055580e-02
4.160500986085136077e-02
4.000469842993412822e-02
3.873571420047359354e-02
3.792229798738436242e-02
3.764417296632493332e-02
3.792870300691218027e-02
3.874816150192590680e-02
4.002239812371570504e-02
4.162666054346961936e-02
4.340381462377497501e-02
4.517976361357733950e-02
4.678054255339869627e-02
4.804939446456590879e-02
4.886213871769185674e-02
4.913931809516088045e-02
4.885393881293653706e-02
4.803406031230745415e-02
4.676000139408723055e-02
4.515645420884384365e-02
4.338028714353951709e-02
4.160522725084800366e-02
4.000490718483294683e-02
3.873591606919013497e-02
3.792249535864755661e-02
3.764436863391789484e-02
3.792889989573051956e-02
3.874836238166116942e-02
4.002260533821414695e-02
4.162687578230668539e-02
4.340403875843159426e-02
4.517999661421887025e-02
4.678078349425469212e-02
4.804964161712704795e-02
4.886238972226253363e-02
4.913957019362327761e-02
4.885418911966235567e-02
4.803430609655826716e-02
4.676024034629328030e-02
4.515668466489181077e-02
4.338050824541898887e-02
4.160543902826409346e-02
4.000511055009274564e-02
3.873611272605510109e-02
3.792268763417459138e-02
3.764455924976004009e-02
3.792909170126831930e-02
3.874855807507809891e-02
4.002280720284363824e-02
4.162708546410224392e-02
4.340425710637438317e-02
4.518022359924410425e-02
4.678101821449384690e-02
4.804988238869752765e-02
4.886263424639136765e-02
4.913981578340161777e-02
4.885443296396319024e-02
4.803454553514541203e-02
4.676047312922572419e-02
4.515690917102037349e-02
4.338072363888466343e-02
4.160564533800601567e-02
4.000530866486334824e-02
3.873630430562859106e-02
3.792287494552756821e-02
3.764474494427805934e-02
3.792927855476652121e-02
3.874874871607827259e-02
4.002300385572748337e-02
4.162728973232836249e-02
4.340446981700483986e-02
