5.230942484220722777e-02
5.789870495906176973e-02
6.189570403849365549e-02
6.395515293654784050e-02
6.396474970098557644e-02
6.202086783610573362e-02
5.838281946504039754e-02
5.342325821772866967e-02
4.758707541101635241e-02
4.136324555611218395e-02
3.526659825934794212e-02
2.982141741035132174e-02
2.553714459865847816e-02
2.286881558751459320e-02
2.216115493730262329e-02
2.358429603471300789e-02
2.707790082394165992e-02
3.232466064681738943e-02
3.877002195777411175e-02
4.569217583740748517e-02
5.230942687236708744e-02
5.789870706296167818e-02
6.189570614263225495e-02
6.395515496850975867e-02
6.396475159826474355e-02
6.202086955166643406e-02
5.838282096958143097e-02
5.342325949938117602e-02
4.758707647331675977e-02
4.136324641520455064e-02
3.526659894100252907e-02
2.982141794707754423e-02
2.553714502700825742e-02
2.286881594537943860e-02
2.216115526119386697e-02
2.358429635698392965e-02
2.707790117021089890e-02
3.232466103392851037e-02
3.877002239277689555e-02
4.569217631778454969e-02
5.230942738754570248e-02
5.789870759684286744e-02
6.189570667657002395e-02
6.395515548413323315e-02
6.396475207971499821e-02
6.202086998700808568e-02
5.838282135137667916e-02
5.342325982462609035e-02
4.758707674289788803e-02
4.136324663321822026e-02
3.526659911399076391e-02
2.982141808329164326e-02
2.553714513571725755e-02
2.286881603619991821e-02
2.216115534339058515e-02
2.358429643877410845e-02
2.707790125808896484e-02
3.232466113217468545e-02
3.877002250317419102e-02
4.569217643968739168e-02
5.230942751828583648e-02
5.789870773233821155e-02
6.189570681207276492e-02
6.395515561499354185e-02
6.396475220190039890e-02
6.202087009748105673e-02
5.838282144825931996e-02
5.342325990714983514e-02
4.758707681130072698e-02
4.136324668853554043e-02
3.526659915788069033e-02
2.982141811784640509e-02
2.553714516329300480e-02
2.286881605923834701e-02
2.216115536424181562e-02
2.358429645951744952e-02
2.707790128037613694e-02
3.232466115708957505e-02
3.877002253116801356e-02
4.569217647059897747e-02
5.230942755143458411e-02
5.789870776668756824e-02
6.189570684643367487e-02
6.395515564816435516e-02
6.396475223287409473e-02
6.202087012550123318e-02
5.838282147283006818e-02
5.342325992808038410e-02
4.758707682865116750e-02
4.136324670257122971e-02
3.526659916901826036e-02
2.982141812662307545e-02
2.553714517029806452e-02
2.286881606509042625e-02
2.216115536953959866e-02
2.358429646478754638e-02
2.707790128603866989e-02
3.232466116342261331e-02
3.877002253829130857e-02
4.569217647846596231e-02
