4.600457072168609440e-02
4.801901874506112750e-02
4.956345065580940873e-02
5.048854847406768209e-02
5.070868509656489137e-02
5.020840796834176445e-02
4.904162878323729824e-02
4.732448144910093857e-02
4.522324146490221131e-02
4.293874430988156576e-02
4.068856072415363845e-02
3.868798766547084517e-02
3.713086105280092447e-02
3.617135580518227728e-02
3.590824933274934516e-02
3.637341528526094603e-02
3.752636191222755851e-02
3.925624795420350199e-02
4.139194110234813151e-02
4.371945445613518999e-02
4.600479484859972684e-02
4.801924494202448185e-02
4.956367638488067690e-02
5.048877077188666102e-02
5.070890092083988471e-02
5.020861451996869174e-02
4.904182377365817053e-02
4.732466329337118444e-02
4.522340939176695829e-02
4.293889838915416340e-02
4.068870181810280151e-02
3.868811731496232809e-02
3.713098131154898146e-02
3.617146903736228464e-02
3.590835799123928002e-02
3.637352168957389692e-02
3.752646804636425998e-02
3.925635530404394252e-02
4.139205054905294862e-02
4.371956623613609816e-02
4.600490858257041960e-02
4.801935972644887085e-02
4.956379093186916163e-02
5.048888357767555846e-02
5.070901044160548016e-02
5.020871933529674758e-02
4.904192272221112592e-02
4.732475557086582990e-02
4.522349460682716787e-02
4.293897657720692485e-02
4.068877341670530667e-02
3.868818310603681920e-02
3.713104233725844638e-02
3.617152649741502135e-02
3.590841313035535165e-02
3.637357568479857028e-02
3.752652190448774877e-02
3.925640977907993157e-02
4.139210608815425962e-02
4.371962295927592917e-02
4.600496629725730341e-02
4.801941797419147229e-02
4.956384905912659955e-02
5.048894082135563233e-02
5.070906601829034549e-02
5.020877252418881609e-02
4.904197293398943058e-02
4.732480239739388778e-02
4.522353784949878497e-02
4.293901625399705602e-02
4.068880974965859154e-02
3.868821649193992379e-02
3.713107330495975245e-02
3.617155565571258946e-02
3.590844111088754148e-02
3.637360308486036614e-02
3.752654923497853595e-02
3.925643742262689695e-02
4.139213427166284209e-02
4.371965174362585360e-02
4.600499558477318118e-02
4.801944753221090018e-02
4.956387855600405401e-02
5.048896986985910301e-02
5.070909422087222646e-02
5.020879951508069872e-02
4.904199841413408451e-02
4.732482615968160167e-02
4.522355979314843927e-02
4.293903638813049289e-02
4.068882818694936204e-02
3.868823343374109408e-02
3.713108901963785291e-02
3.617157045220407291e-02
3.590845530971565475e-02
3.637361698912641023e-02
3.752656310393728822e-02
3.925645145044484585e-02
4.139214857348545024e-02
4.371966635034918447e-02
