4.509997109699641349e-02
4.669770760114469454e-02
4.796404550371367176e-02
4.877505413912603532e-02
4.905145440126312817e-02
4.876633821213446213e-02
4.794774634072256070e-02
4.667587368511466606e-02
4.507519463653932718e-02
4.330228873877106643e-02
4.153055450365716189e-02
3.993329208765571126e-02
3.866678939188932657e-02
3.785504817306292735e-02
3.757763585122288891e-02
3.786185597612842096e-02
3.868001937157784093e-02
3.995210453366176279e-02
4.155356597223860277e-02
4.332753561081344185e-02
4.510021905805894349e-02
4.669796400864903441e-02
4.796430851771888576e-02
4.877532124822856613e-02
4.905172267036227163e-02
4.876660457074165345e-02
4.794800788343859393e-02
4.667612795490493072e-02
4.507543986329682478e-02
4.330252401015523972e-02
4.153077985185144733e-02
3.993350848386854196e-02
3.866699864934049213e-02
3.785525276804491135e-02
3.757783867975524050e-02
3.786206006999633805e-02
3.868022760154096046e-02
3.995231932891446514e-02
4.155378908364142088e-02
4.332776794111740243e-02
4.510046057570696321e-02
4.669821375344460762e-02
4.796456469753291457e-02
4.877558141691129556e-02
4.905198396907126113e-02
4.876686400875890337e-02
4.794826263084130125e-02
4.667637561848145961e-02
4.507567871891373507e-02
4.330275316915890849e-02
4.153099934557414469e-02
3.993371925827261804e-02
3.866720247052814891e-02
3.785545204796791907e-02
3.757803623919238334e-02
3.786225886196883939e-02
3.868043042223087008e-02
3.995252854441149609e-02
4.155400639932521623e-02
4.332799423628947572e-02
4.510069581963165736e-02
4.669845701086911688e-02
4.796481422288031288e-02
4.877583482757206351e-02
4.905223848046076640e-02
4.876711670784077135e-02
4.794851076119646671e-02
4.667661684905685671e-02
4.507591137035495826e-02
4.330297637588940290e-02
4.153121313810712728e-02
3.993392455799573554e-02
3.866740099766621114e-02
3.785564615182208242e-02
3.757822866727262429e-02
3.786245249059409790e-02
3.868062797495536859e-02
3.995273232586927376e-02
4.155421807060161177e-02
4.332821465384863180e-02
4.510092495353607706e-02
4.669869395015801422e-02
4.796505726731511293e-02
4.877608165642614152e-02
4.905248638147260282e-02
4.876736284363288043e-02
4.794875244693998922e-02
4.667685181424120061e-02
4.507613797924089200e-02
4.330319378538001474e-02
4.153142137792169980e-02
3.993412452558918468e-02
3.866759436858422522e-02
3.785583521434771753e-02
3.757841609755600137e-02
3.786264109024922025e-02
3.868082039679936190e-02
3.995293081467983509e-02
4.155442424432213150e-02
4.332842934669892815e-02
