5.031251892608359227e-02
5.629996560291311569e-02
6.098775786977177898e-02
6.392037976333637961e-02
6.482200785701225376e-02
6.361918555717395451e-02
6.044237077550169979e-02
5.560835677648686554e-02
4.958708883145735574e-02
4.295691875224429135e-02
3.635219033890807472e-02
3.040671104380764100e-02
2.569655835285246728e-02
2.268598787884436307e-02
2.168084256774047494e-02
2.279441992337692333e-02
2.593070855282515047e-02
3.078880514179279868e-02
3.689001756384760466e-02
4.362593679047415546e-02
5.032231605069957536e-02
5.631082381377380125e-02
6.099940755412871368e-02
6.393247248933325855e-02
6.483415325547643715e-02
6.363099074118309939e-02
6.045347819685875645e-02
5.561847705023885424e-02
4.959602593662000569e-02
4.296458593416850602e-02
3.635861586721640670e-02
3.041203368648604660e-02
2.570101305639994199e-02
2.268988277291276653e-02
2.168452909365746820e-02
2.279825860411380939e-02
2.593503357608643867e-02
3.079389135056600363e-02
3.689605346183056495e-02
4.363300665649939847e-02
5.033039322192935094e-02
5.631977579017598268e-02
6.100901205534768612e-02
6.394244225314869856e-02
6.484416644474041980e-02
6.364072344300551742e-02
6.046263563311773948e-02
5.562682063952242156e-02
4.960339407079062540e-02
4.297090708896004335e-02
3.636391334932428943e-02
3.041642190220988917e-02
2.570468570574497430e-02
2.269309389122836293e-02
2.168756842429987730e-02
2.280142337773922653e-02
2.593859931142291839e-02
3.079808464000212409e-02
3.690102971592747888e-02
4.363883535835481886e-02
5.033705238955047540e-02
5.632715618483472020e-02
6.101693041955056490e-02
6.395066175555873256e-02
6.485242174895970713e-02
6.364874750130600223e-02
6.047018541772654354e-02
5.563369945365465724e-02
4.960946867774219254e-02
4.297611852104756686e-02
3.636828082158852921e-02
3.042003973612939297e-02
2.570771359594290623e-02
2.269574127538018238e-02
2.169007417930068557e-02
2.280403255333440446e-02
2.594153905711030564e-02
3.080154176829993581e-02
3.690513235399256464e-02
4.364364079104292304e-02
5.034254249396082764e-02
5.633324089985922850e-02
6.102345865982327505e-02
6.395743826713196079e-02
6.485922777708576226e-02
6.365536288034241708e-02
6.047640978511847898e-02
5.563937064410570676e-02
4.961447684517876489e-02
4.298041504997228424e-02
3.637188155371025994e-02
3.042302243413427115e-02
2.571020991895096169e-02
2.269792389282557568e-02
2.169214003157756906e-02
2.280618367000046207e-02
2.594396270998953341e-02
3.080439197367357274e-02
3.690851474540169513e-02
4.364760259658960473e-02
