4.516654562829598707e-02
4.675014600317826952e-02
4.799540156644233058e-02
4.878065677767088465e-02
4.902983953066197137e-02
4.871960723378843117e-02
4.788123464634055915e-02
4.659721034646766707e-02
4.499300508345495386e-02
4.322487715616871867e-02
4.146487505594142337e-02
3.988439203518908543e-02
3.863773195821083167e-02
3.784716446332496431e-02
3.759087105434213982e-02
3.789499380541423018e-02
3.873067832086090484e-02
4.001655246759372453e-02
4.162653090945011430e-02
4.340224352426424320e-02
4.516883826696890814e-02
4.675249625416121046e-02
4.799779125762380222e-02
4.878306223997749824e-02
4.903223404681334580e-02
4.872196372088419269e-02
4.788352830312060660e-02
4.659942101207358717e-02
4.499511909341512295e-02
4.322688853673378045e-02
4.146678596323979255e-02
3.988621241522585098e-02
3.863947847282605402e-02
3.784885879177224410e-02
3.759253773616871158e-02
3.789665783339832977e-02
3.873236271827481397e-02
4.001827608782834028e-02
4.162830667552347430e-02
4.340407728129835885e-02
4.517072835620898619e-02
4.675443383994368901e-02
4.799976135855793524e-02
4.878504534288683608e-02
4.903420812553187930e-02
4.872390644782056968e-02
4.788541923170588216e-02
4.660124352136251619e-02
4.499686191819177172e-02
4.322854675213956555e-02
4.146836134682255204e-02
3.988771316663695249e-02
3.864091832836164669e-02
3.785025562416863970e-02
3.759391177623387648e-02
3.789802968559174978e-02
3.873375136336356522e-02
4.001969706885805805e-02
4.162977064644589331e-02
4.340558906092760461e-02
4.517228657704169120e-02
4.675603121771093607e-02
4.800138554235450217e-02
4.878668024572811734e-02
4.903583558868093717e-02
4.872550806404162688e-02
4.788697814450870727e-02
4.660274602816662920e-02
4.499829873176507816e-02
4.322991381234883579e-02
4.146966011910662581e-02
3.988895041092468258e-02
3.864210536908282978e-02
3.785140719590127795e-02
3.759504455759200142e-02
3.789916066323241461e-02
3.873489618534493167e-02
4.002086854912558639e-02
4.163097756829109430e-02
4.340683539706211708e-02
4.517357120007124693e-02
4.675734812236480992e-02
4.800272454634206543e-02
4.878802808667358909e-02
4.903717729622086158e-02
4.872682846294626446e-02
4.788826333800981494e-02
4.660398471962882289e-02
4.499948326464141973e-02
4.323104083939775105e-02
4.147073084846093077e-02
3.988997041558108719e-02
3.864308398508844999e-02
3.785235657068687642e-02
3.759597844128201999e-02
3.790009305990810207e-02
3.873583999552417806e-02
4.002183433683615538e-02
4.163197257462415701e-02
4.340786289718743390e-02
