1.719633196460808477e+00
1.730390483841327987e+00
1.744626438444491168e+00
1.760947324549486437e+00
1.777755326923151857e+00
1.793404955811351398e+00
1.806364118655372941e+00
1.815364091711197281e+00
1.819523711304160019e+00
1.818435628013401084e+00
1.812206180625195895e+00
1.801444986714460406e+00
1.787205268800521107e+00
1.770880757368453517e+00
1.754069262606323676e+00
1.738416269406926506e+00
1.725453865644701157e+00
1.716450770550067340e+00
1.712288143448579936e+00
1.713373329570504477e+00
1.719599986091743693e+00
1.730358491546794886e+00
1.744595619667645536e+00
1.760917636357264060e+00
1.777726727947409824e+00
1.793377406192108392e+00
1.806337579986123876e+00
1.815338526986171708e+00
1.819499084867493233e+00
1.818411905510129323e+00
1.812183328954026784e+00
1.801422973982235609e+00
1.787184064278329876e+00
1.770860331449321867e+00
1.754049586764445223e+00
1.738397316158357242e+00
1.725435608509462870e+00
1.716433184015639490e+00
1.712271202934702252e+00
1.713357011395249430e+00
1.719584267438825309e+00
1.730343350434048189e+00
1.744581034916660167e+00
1.760903587564112804e+00
1.777713195454424300e+00
1.793364371060696572e+00
1.806325023970567045e+00
1.815326432508368670e+00
1.819487434992611563e+00
1.818400683923155681e+00
1.812172519937164328e+00
1.801412562393113870e+00
1.787174035529003779e+00
1.770850671486052352e+00
1.754040282048193955e+00
1.738388353645998530e+00
1.725426975635678151e+00
1.716424868675475723e+00
1.712263193466742273e+00
1.713349296565420454e+00
1.719576836424789423e+00
1.730336192810151497e+00
1.744574140639431503e+00
1.760896946958297127e+00
1.777706799199523680e+00
1.793358210178001455e+00
1.806319089810647149e+00
1.815320716739029505e+00
1.819481929587307256e+00
1.818395381149790380e+00
1.812167412347317708e+00
1.801407642811670984e+00
1.787169297044145511e+00
1.770846107439616679e+00
1.754035886026386715e+00
1.738384119470455014e+00
1.725422897354835783e+00
1.716420940556268038e+00
1.712259409986598646e+00
1.713345652404552277e+00
1.719573326458758711e+00
1.730332812102719942e+00
1.744570884435654223e+00
1.760893810677887084e+00
1.777703778430447246e+00
1.793355300670305574e+00
1.806316287470519200e+00
1.815318017623081870e+00
1.819479329897042863e+00
1.818392877226306714e+00
1.812165000666174919e+00
1.801405319977962716e+00
1.787167059787747148e+00
1.770843952610610339e+00
1.754033810590654108e+00
1.738382120505412631e+00
1.725420972045358159e+00
1.716419086190731358e+00
1.712257623953089336e+00
1.713343932187209484e+00
