1.607738103085855741e+00
1.643049821210998296e+00
1.690383695310935241e+00
1.745106355841766099e+00
1.801861167375133244e+00
1.855092573394867106e+00
1.899589912875741193e+00
1.930997476088627263e+00
1.946240871816040219e+00
1.943827970184342613e+00
1.923994962731458758e+00
1.888683242332867218e+00
1.841349366139961585e+00
1.786626703682329120e+00
1.729871890375136001e+00
1.676640482722395964e+00
1.632143141738162218e+00
1.600735577141263022e+00
1.585492180139731699e+00
1.587905080598459584e+00
1.607738086971517433e+00
1.643049806376006616e+00
1.690383681653736980e+00
1.745106343268855609e+00
1.801861155800426273e+00
1.855092562739119266e+00
1.899589903066003060e+00
1.930997467057738115e+00
1.946240863502153973e+00
1.943827962530553011e+00
1.923994955685346397e+00
1.888683235846195574e+00
1.841349360168309301e+00
1.786626698184807349e+00
1.729871885314101521e+00
1.676640478063195605e+00
1.632143137448895276e+00
1.600735573192566541e+00
1.585492176504552875e+00
1.587905077251916985e+00
1.607738083890685177e+00
1.643049803539789355e+00
1.690383679042712917e+00
1.745106340865150596e+00
1.801861153587585251e+00
1.855092560701975035e+00
1.899589901190607000e+00
1.930997465331243168e+00
1.946240861912746478e+00
1.943827961067342125e+00
1.923994954338316798e+00
1.888683234606115979e+00
1.841349359026696053e+00
1.786626697133828268e+00
1.729871884346568800e+00
1.676640477172495203e+00
1.632143136628909419e+00
1.600735572437692822e+00
1.585492175809612769e+00
1.587905076612159405e+00
1.607738083301728960e+00
1.643049802997612385e+00
1.690383678543582846e+00
1.745106340405646161e+00
1.801861153164574070e+00
1.855092560312559424e+00
1.899589900832112210e+00
1.930997465001224933e+00
1.946240861608933503e+00
1.943827960787645859e+00
1.923994954080822328e+00
1.888683234369058050e+00
1.841349358808460179e+00
1.786626696932925640e+00
1.729871884161610307e+00
1.676640477002219409e+00
1.632143136472164358e+00
1.600735572293386921e+00
1.585492175676777249e+00
1.587905076489870337e+00
1.607738083189149236e+00
1.643049802893965738e+00
1.690383678448174498e+00
1.745106340317824634e+00
1.801861153083710976e+00
1.855092560238114530e+00
1.899589900763585248e+00
1.930997464938128516e+00
1.946240861550844414e+00
1.943827960734170857e+00
1.923994954031596372e+00
1.888683234323734750e+00
1.841349358766731559e+00
1.786626696894511035e+00
1.729871884126253700e+00
1.676640476969676996e+00
1.632143136442205877e+00
1.600735572265818973e+00
1.585492175651399771e+00
1.587905076466509247e+00
