1.811279630710925792e+00
1.862249474569094509e+00
1.903784683156616531e+00
1.931819500864108585e+00
1.943609684404331572e+00
1.938001128465371092e+00
1.915542837579535362e+00
1.878433185734919242e+00
1.830304724212242995e+00
1.775868602155983300e+00
1.720453406471808444e+00
1.669483562613620631e+00
1.627948354026137245e+00
1.599913536318563700e+00
1.588123352778352926e+00
1.593731908717317625e+00
1.616190199603114275e+00
1.653299851447751045e+00
1.701428312970438395e+00
1.755864435026741166e+00
1.811279630710889821e+00
1.862249474569032559e+00
1.903784683156569901e+00
1.931819500864071282e+00
1.943609684404350668e+00
1.938001128465386635e+00
1.915542837579538027e+00
1.878433185734935229e+00
1.830304724212240108e+00
1.775868602155966425e+00
1.720453406471791569e+00
1.669483562613638172e+00
1.627948354026122590e+00
1.599913536318593676e+00
1.588123352778350705e+00
1.593731908717369139e+00
1.616190199603123379e+00
1.653299851447759483e+00
1.701428312970460377e+00
1.755864435026740278e+00
1.811279630710902255e+00
1.862249474569043439e+00
1.903784683156582558e+00
1.931819500864102368e+00
1.943609684404330018e+00
1.938001128465389300e+00
1.915542837579531810e+00
1.878433185734940558e+00
1.830304724212216350e+00
1.775868602155959097e+00
1.720453406471782909e+00
1.669483562613640393e+00
1.627948354026099054e+00
1.599913536318597451e+00
1.588123352778343600e+00
1.593731908717345602e+00
1.616190199603127597e+00
1.653299851447727287e+00
1.701428312970469037e+00
1.755864435026685877e+00
1.811279630710897814e+00
1.862249474569027230e+00
1.903784683156546587e+00
1.931819500864108585e+00
1.943609684404325577e+00
1.938001128465370204e+00
1.915542837579580215e+00
1.878433185734978084e+00
1.830304724212249878e+00
1.775868602155979747e+00
1.720453406471819990e+00
1.669483562613659711e+00
1.627948354026120148e+00
1.599913536318622320e+00
1.588123352778386232e+00
1.593731908717320955e+00
1.616190199603136923e+00
1.653299851447726398e+00
1.701428312970440837e+00
1.755864435026699644e+00
1.811279630710880051e+00
1.862249474569062091e+00
1.903784683156582780e+00
1.931819500864048633e+00
1.943609684404342897e+00
1.938001128465346667e+00
1.915542837579568225e+00
1.878433185734948996e+00
1.830304724212298062e+00
1.775868602155976861e+00
1.720453406471821767e+00
1.669483562613656602e+00
1.627948354026098166e+00
1.599913536318612550e+00
1.588123352778350483e+00
1.593731908717336276e+00
1.616190199603145361e+00
1.653299851447743940e+00
1.701428312970438395e+00
1.755864435026692760e+00
