2.013574402879954484e+00
2.291591733015320820e+00
2.518147416219973955e+00
2.671064603715501917e+00
2.735374695753200580e+00
2.704782572449531131e+00
2.582282803981547747e+00
2.379866521192686157e+00
2.117347640159725319e+00
1.820423338034677929e+00
1.518158634302784638e+00
1.240141304167406089e+00
1.013585620962753842e+00
8.606684334672157766e-01
7.963583414295543061e-01
8.269504647331392677e-01
9.494502332011905965e-01
1.151866515989969475e+00
1.414385397022955404e+00
1.711309699147953278e+00
2.013574402879856340e+00
2.291591733015280852e+00
2.518147416219954415e+00
2.671064603715502805e+00
2.735374695753196583e+00
2.704782572449545786e+00
2.582282803981539754e+00
2.379866521192772755e+00
2.117347640159804811e+00
1.820423338034748761e+00
1.518158634302864574e+00
1.240141304167440950e+00
1.013585620962794476e+00
8.606684334672650705e-01
7.963583414295298812e-01
8.269504647331261671e-01
9.494502332011448553e-01
1.151866515989919515e+00
1.414385397022864810e+00
1.711309699147917973e+00
2.013574402879813707e+00
2.291591733015250654e+00
2.518147416219873591e+00
2.671064603715468611e+00
2.735374695753190366e+00
2.704782572449558220e+00
2.582282803981601038e+00
2.379866521192802509e+00
2.117347640159865207e+00
1.820423338034794725e+00
1.518158634302882337e+00
1.240141304167464265e+00
1.013585620962828004e+00
8.606684334672615178e-01
7.963583414295727358e-01
8.269504647331109570e-01
9.494502332010967827e-01
1.151866515989849127e+00
1.414385397022823954e+00
1.711309699147865793e+00
2.013574402879742653e+00
2.291591733015214682e+00
2.518147416219858492e+00
2.671064603715460617e+00
2.735374695753155283e+00
2.704782572449631939e+00
2.582282803981611252e+00
2.379866521192870010e+00
2.117347640159906952e+00
1.820423338034892202e+00
1.518158634302952725e+00
1.240141304167560854e+00
1.013585620962882627e+00
8.606684334672811687e-01
7.963583414295375418e-01
8.269504647330578884e-01
9.494502332010681389e-01
1.151866515989810047e+00
1.414385397022746238e+00
1.711309699147775643e+00
2.013574402879692915e+00
2.291591733015126309e+00
2.518147416219848278e+00
2.671064603715414432e+00
2.735374695753160168e+00
2.704782572449621725e+00
2.582282803981585051e+00
2.379866521192885997e+00
2.117347640159983779e+00
1.820423338034909744e+00
1.518158634303022891e+00
1.240141304167590608e+00
1.013585620962909051e+00
8.606684334673031511e-01
7.963583414295314356e-01
8.269504647330705449e-01
9.494502332010454904e-01
1.151866515989798279e+00
1.414385397022686286e+00
1.711309699147724350e+00
