1.768228740859450809e+00
1.819067443273430174e+00
1.864698468506903906e+00
1.900655133879946890e+00
1.923417750460972409e+00
1.930758154742661103e+00
1.921957816810289321e+00
1.897878175056223249e+00
1.860876312588047643e+00
1.814574229511318970e+00
1.763504296323133325e+00
1.712665593909158623e+00
1.667034568675725748e+00
1.631077903302700305e+00
1.608315286721609727e+00
1.600974882439890168e+00
1.609775220372285931e+00
1.633854862126403074e+00
1.670856724594577347e+00
1.717158807671321119e+00
1.768228740859485448e+00
1.819067443273459483e+00
1.864698468506923446e+00
1.900655133879939340e+00
1.923417750460971520e+00
1.930758154742675092e+00
1.921957816810289321e+00
1.897878175056175953e+00
1.860876312588023662e+00
1.814574229511276338e+00
1.763504296323133769e+00
1.712665593909161288e+00
1.667034568675709094e+00
1.631077903302683652e+00
1.608315286721637483e+00
1.600974882439942348e+00
1.609775220372330784e+00
1.633854862126408403e+00
1.670856724594587117e+00
1.717158807671301135e+00
1.768228740859485892e+00
1.819067443273455931e+00
1.864698468506905238e+00
1.900655133879921133e+00
1.923417750460968190e+00
1.930758154742657773e+00
1.921957816810269115e+00
1.897878175056187500e+00
1.860876312588013448e+00
1.814574229511297654e+00
1.763504296323123333e+00
1.712665593909158845e+00
1.667034568675706652e+00
1.631077903302689647e+00
1.608315286721589077e+00
1.600974882439919256e+00
1.609775220372330562e+00
1.633854862126425500e+00
1.670856724594587117e+00
1.717158807671300025e+00
1.768228740859443482e+00
1.819067443273451268e+00
1.864698468506925888e+00
1.900655133879958658e+00
1.923417750461004605e+00
1.930758154742680421e+00
1.921957816810265118e+00
1.897878175056156635e+00
1.860876312587993464e+00
1.814574229511248804e+00
1.763504296323100462e+00
1.712665593909157513e+00
1.667034568675707984e+00
1.631077903302696086e+00
1.608315286721659909e+00
1.600974882439964331e+00
1.609775220372340998e+00
1.633854862126442375e+00
1.670856724594622866e+00
1.717158807671326004e+00
1.768228740859469461e+00
1.819067443273447049e+00
1.864698468506894136e+00
1.900655133879923797e+00
1.923417750461000386e+00
1.930758154742674870e+00
1.921957816810291764e+00
1.897878175056187722e+00
1.860876312588009451e+00
1.814574229511284331e+00
1.763504296323112008e+00
1.712665593909127981e+00
1.667034568675705986e+00
1.631077903302671883e+00
1.608315286721632820e+00
1.600974882439930136e+00
1.609775220372347659e+00
1.633854862126430163e+00
1.670856724594609100e+00
1.717158807671347986e+00
