2.162205422946021915e+00
2.168922182687240685e+00
2.174301384756271993e+00
2.177816475375471850e+00
2.179123372983962081e+00
2.178094149338172691e+00
2.174829552019518886e+00
2.169649142559377797e+00
2.163060015529720381e+00
2.155707160593368865e+00
2.148310326421837058e+00
2.141593566680628946e+00
2.136214364611588756e+00
2.132699273992380018e+00
2.131392376383877796e+00
2.132421600029698272e+00
2.135686197348342308e+00
2.140866606808480732e+00
2.147455733838151026e+00
2.154808588774511424e+00
2.162205422946021915e+00
2.168922182687238909e+00
2.174301384756272881e+00
2.177816475375471850e+00
2.179123372983962081e+00
2.178094149338172691e+00
2.174829552019518886e+00
2.169649142559385790e+00
2.163060015529716829e+00
2.155707160593368421e+00
2.148310326421836169e+00
2.141593566680628502e+00
2.136214364611588756e+00
2.132699273992380018e+00
2.131392376383877796e+00
2.132421600029698272e+00
2.135686197348327653e+00
2.140866606808483841e+00
2.147455733838142589e+00
2.154808588774506095e+00
2.162205422946022360e+00
2.168922182687240685e+00
2.174301384756271993e+00
2.177816475375471850e+00
2.179123372983962081e+00
2.178094149338172691e+00
2.174829552019518886e+00
2.169649142559377797e+00
2.163060015529715940e+00
2.155707160593368865e+00
2.148310326421837058e+00
2.141593566680628946e+00
2.136214364611603411e+00
2.132699273992379574e+00
2.131392376383877796e+00
2.132421600029698272e+00
2.135686197348342308e+00
2.140866606808480732e+00
2.147455733838151026e+00
2.154808588774510536e+00
2.162205422946024136e+00
2.168922182687238909e+00
2.174301384756272881e+00
2.177816475375471850e+00
2.179123372983962081e+00
2.178094149338174024e+00
2.174829552019518886e+00
2.169649142559385790e+00
2.163060015529723934e+00
2.155707160593365757e+00
2.148310326421836169e+00
2.141593566680628502e+00
2.136214364611588756e+00
2.132699273992380018e+00
2.131392376383877796e+00
2.132421600029698272e+00
2.135686197348327653e+00
2.140866606808482508e+00
2.147455733838151026e+00
2.154808588774511424e+00
2.162205422946021915e+00
2.168922182687240685e+00
2.174301384756271993e+00
2.177816475375471850e+00
2.179123372983962081e+00
2.178094149338172691e+00
2.174829552019518886e+00
2.169649142559377797e+00
2.163060015529720381e+00
2.155707160593368865e+00
2.148310326421837058e+00
2.141593566680628946e+00
2.136214364611588756e+00
2.132699273992380018e+00
2.131392376383877796e+00
2.132421600029698272e+00
2.135686197348342308e+00
2.140866606808479844e+00
2.147455733838151026e+00
2.154808588774511424e+00
