2.150846019009695631e+00
2.155586908906123700e+00
2.160295590640407770e+00
2.164511145637067813e+00
2.167820926001555737e+00
2.169900947371182554e+00
2.170547602761938144e+00
2.169697593038642847e+00
2.167434123075408614e+00
2.163978757082735793e+00
2.159669730358949380e+00
2.154928840462519979e+00
2.150220158728239017e+00
2.146004603731575422e+00
2.142694823367097268e+00
2.140614801997465566e+00
2.139968146606720190e+00
2.140818156330012378e+00
2.143081626293258601e+00
2.146536992285931866e+00
2.150846019009708066e+00
2.155586908906129029e+00
2.160295590640407326e+00
2.164511145637070033e+00
2.167820926001556625e+00
2.169900947371182109e+00
2.170547602761935924e+00
2.169697593038636185e+00
2.167434123075404617e+00
2.163978757082733573e+00
2.159669730358945383e+00
2.154928840462525308e+00
2.150220158728250563e+00
2.146004603731582083e+00
2.142694823367102153e+00
2.140614801997477556e+00
2.139968146606727739e+00
2.140818156330008382e+00
2.143081626293246167e+00
2.146536992285914547e+00
2.150846019009702736e+00
2.155586908906129917e+00
2.160295590640403773e+00
2.164511145637075362e+00
2.167820926001548187e+00
2.169900947371169675e+00
2.170547602761919936e+00
2.169697593038636185e+00
2.167434123075397956e+00
2.163978757082727356e+00
2.159669730358940054e+00
2.154928840462510653e+00
2.150220158728232356e+00
2.146004603731573201e+00
2.142694823367091495e+00
2.140614801997467342e+00
2.139968146606724630e+00
2.140818156330015487e+00
2.143081626293251052e+00
2.146536992285918988e+00
2.150846019009708510e+00
2.155586908906127253e+00
2.160295590640405106e+00
2.164511145637070921e+00
2.167820926001556625e+00
2.169900947371186550e+00
2.170547602761937256e+00
2.169697593038637073e+00
2.167434123075405950e+00
2.163978757082738014e+00
2.159669730358942275e+00
2.154928840462516870e+00
2.150220158728243458e+00
2.146004603731582527e+00
2.142694823367105705e+00
2.140614801997479777e+00
2.139968146606721522e+00
2.140818156330013267e+00
2.143081626293262598e+00
2.146536992285936751e+00
2.150846019009718280e+00
2.155586908906140575e+00
2.160295590640423313e+00
2.164511145637080691e+00
2.167820926001557069e+00
2.169900947371175448e+00
2.170547602761916828e+00
2.169697593038622863e+00
2.167434123075389074e+00
2.163978757082718030e+00
2.159669730358928064e+00
2.154928840462506212e+00
2.150220158728233688e+00
2.146004603731568317e+00
2.142694823367092827e+00
2.140614801997471783e+00
2.139968146606720634e+00
2.140818156330010158e+00
2.143081626293249720e+00
2.146536992285916323e+00
