2.150742993819120930e+00
2.153304770221383446e+00
2.156057730141784923e+00
2.158732394678903876e+00
2.161066949029207152e+00
2.162832870744169522e+00
2.163857299099723797e+00
2.164039955908337198e+00
2.163362961446619881e+00
2.161892584647259863e+00
2.159772756234110691e+00
2.157210979780148197e+00
2.154458019811943625e+00
2.151783355230634243e+00
2.149448800839479645e+00
2.147682879086753260e+00
2.146658450696270926e+00
2.146475793855376235e+00
2.147152788287244096e+00
2.148623165059012408e+00
2.150742993446646878e+00
2.153304769877018909e+00
2.156057729823404490e+00
2.158732394384549114e+00
2.161066948757063511e+00
2.162832870492564119e+00
2.163857298867107204e+00
2.164039955693274564e+00
2.163362961247781158e+00
2.161892584463417144e+00
2.159772756064139099e+00
2.157210979623004565e+00
2.154458019666658952e+00
2.151783355096308359e+00
2.149448800715287877e+00
2.147682878971928222e+00
2.146658450590112288e+00
2.146475793757226747e+00
2.147152788196502904e+00
2.148623164975118627e+00
2.150742993369079148e+00
2.153304769805300278e+00
2.156057729757105523e+00
2.158732394323254589e+00
2.161066948700395063e+00
2.162832870440164257e+00
2.163857298818657071e+00
2.164039955648475733e+00
2.163362961206367174e+00
2.161892584425128216e+00
2.159772756028737639e+00
2.157210979590274302e+00
2.154458019636400046e+00
2.151783355068332515e+00
2.149448800689424566e+00
2.147682878948016238e+00
2.146658450568005971e+00
2.146475793736791982e+00
2.147152788177607796e+00
2.148623164957649045e+00
2.150742993352932508e+00
2.153304769790377549e+00
2.156057729743305451e+00
2.158732394310493241e+00
2.161066948688592948e+00
2.162832870429253873e+00
2.163857298808570917e+00
2.164039955639155188e+00
2.163362961197749179e+00
2.161892584417156815e+00
2.159772756021370199e+00
2.157210979583459753e+00
2.154458019630100640e+00
2.151783355062514502e+00
2.149448800684046645e+00
2.147682878943044660e+00
2.146658450563407428e+00
2.146475793732537607e+00
2.147152788173679383e+00
2.148623164954014175e+00
2.150742993349568533e+00
2.153304769787262707e+00
2.156057729740422424e+00
2.158732394307830038e+00
2.161066948686128253e+00
2.162832870426983245e+00
2.163857298806475704e+00
2.164039955637213186e+00
2.163362961195949730e+00
2.161892584415496366e+00
2.159772756019834095e+00
2.157210979582041332e+00
2.154458019628788801e+00
2.151783355061296366e+00
2.149448800682915994e+00
2.147682878941997497e+00
2.146658450562442422e+00
2.146475793731644544e+00
2.147152788172847604e+00
2.148623164953247233e+00
