2.111640451403887120e+00
2.213260154912429556e+00
2.309202191106588753e+00
2.390075085016199807e+00
2.447962434310797963e+00
2.477197821916556020e+00
2.474919484399693115e+00
2.441350441310476516e+00
2.379776664475765191e+00
2.296225424181841834e+00
2.198875297964437259e+00
2.097255594455882832e+00
2.001313558261719638e+00
1.920440664352115245e+00
1.862553315057516645e+00
1.833317927451764584e+00
1.835596264968623270e+00
1.869165308057832320e+00
1.930739084892551416e+00
2.014290325186467445e+00
2.111640451403883567e+00
2.213260154912428224e+00
2.309202191106597635e+00
2.390075085016211798e+00
2.447962434310810842e+00
2.477197821916563569e+00
2.474919484399710434e+00
2.441350441310499164e+00
2.379776664475778958e+00
2.296225424181860930e+00
2.198875297964439923e+00
2.097255594455885941e+00
2.001313558261720082e+00
1.920440664352106364e+00
1.862553315057513537e+00
1.833317927451759699e+00
1.835596264968622160e+00
1.869165308057843422e+00
1.930739084892553636e+00
2.014290325186468333e+00
2.111640451403898222e+00
2.213260154912449096e+00
2.309202191106594082e+00
2.390075085016209577e+00
2.447962434310812618e+00
2.477197821916559128e+00
2.474919484399706882e+00
2.441350441310496500e+00
2.379776664475785175e+00
2.296225424181876029e+00
2.198875297964448361e+00
2.097255594455891270e+00
2.001313558261742731e+00
1.920440664352127458e+00
1.862553315057529968e+00
1.833317927451765250e+00
1.835596264968624602e+00
1.869165308057829433e+00
1.930739084892550750e+00
2.014290325186454567e+00
2.111640451403876462e+00
2.213260154912423783e+00
2.309202191106578539e+00
2.390075085016192702e+00
2.447962434310798407e+00
2.477197821916560461e+00
2.474919484399713099e+00
2.441350441310520036e+00
2.379776664475802495e+00
2.296225424181899122e+00
2.198875297964484332e+00
2.097255594455945449e+00
2.001313558261772929e+00
1.920440664352165427e+00
1.862553315057549952e+00
1.833317927451770357e+00
1.835596264968620162e+00
1.869165308057807895e+00
1.930739084892508561e+00
2.014290325186403496e+00
2.111640451403821839e+00
2.213260154912374045e+00
2.309202191106546120e+00
2.390075085016159839e+00
2.447962434310775315e+00
2.477197821916558684e+00
2.474919484399729530e+00
2.441350441310540909e+00
2.379776664475849568e+00
2.296225424181938646e+00
2.198875297964522524e+00
2.097255594455975647e+00
2.001313558261818670e+00
1.920440664352186300e+00
1.862553315057555725e+00
1.833317927451778129e+00
1.835596264968606395e+00
1.869165308057779695e+00
1.930739084892478807e+00
2.014290325186371078e+00
