2.240153697642309094e+00
2.358402438656192146e+00
2.456765974357017601e+00
2.525615796531341051e+00
2.558212404879808499e+00
2.551365016263352103e+00
2.505743900788324652e+00
2.425814771098386835e+00
2.319401647306643888e+00
2.196920987393606861e+00
2.070362051724509378e+00
1.952113310710618332e+00
1.853749775009784662e+00
1.784899952835451442e+00
1.752303344486979775e+00
1.759150733103430619e+00
1.804771848578464288e+00
1.884700978268393889e+00
1.991114102060146829e+00
2.113594761973192959e+00
2.240153697642278452e+00
2.358402438656175715e+00
2.456765974357026483e+00
2.525615796531334389e+00
2.558212404879811164e+00
2.551365016263353436e+00
2.505743900788316214e+00
2.425814771098410372e+00
2.319401647306643888e+00
2.196920987393613522e+00
2.070362051724530250e+00
1.952113310710634764e+00
1.853749775009803979e+00
1.784899952835462100e+00
1.752303344486987324e+00
1.759150733103442166e+00
1.804771848578478943e+00
1.884700978268386562e+00
1.991114102060139279e+00
2.113594761973174307e+00
2.240153697642259800e+00
2.358402438656159728e+00
2.456765974357000726e+00
2.525615796531321511e+00
2.558212404879805391e+00
2.551365016263364982e+00
2.505743900788344192e+00
2.425814771098438349e+00
2.319401647306681191e+00
2.196920987393650826e+00
2.070362051724549346e+00
1.952113310710659855e+00
1.853749775009827516e+00
1.784899952835479642e+00
1.752303344486990655e+00
1.759150733103417297e+00
1.804771848578447413e+00
1.884700978268356142e+00
1.991114102060123292e+00
2.113594761973150327e+00
2.240153697642233599e+00
2.358402438656140188e+00
2.456765974356979854e+00
2.525615796531317070e+00
2.558212404879803170e+00
2.551365016263367647e+00
2.505743900788356626e+00
2.425814771098460110e+00
2.319401647306701619e+00
2.196920987393656599e+00
2.070362051724566665e+00
1.952113310710674954e+00
1.853749775009841283e+00
1.784899952835489856e+00
1.752303344486994652e+00
1.759150733103423514e+00
1.804771848578439419e+00
1.884700978268327498e+00
1.991114102060092428e+00
2.113594761973122793e+00
2.240153697642222941e+00
2.358402438656121536e+00
2.456765974356955873e+00
2.525615796531308188e+00
2.558212404879805835e+00
2.551365016263381857e+00
2.505743900788363288e+00
2.425814771098472544e+00
2.319401647306718051e+00
2.196920987393711666e+00
2.070362051724619068e+00
1.952113310710697602e+00
1.853749775009832401e+00
1.784899952835489634e+00
1.752303344486994430e+00
1.759150733103420183e+00
1.804771848578422100e+00
1.884700978268320837e+00
1.991114102060069113e+00
2.113594761973106806e+00
