1.685221026683511925e+00
1.703230002927332398e+00
1.727370278718298735e+00
1.755278835589020314e+00
1.784223789471036437e+00
1.811371806541103968e+00
1.834065449676349102e+00
1.850083306914922510e+00
1.857857438735909028e+00
1.856626858903742017e+00
1.846512025102766463e+00
1.828503047699486794e+00
1.804362770841105190e+00
1.776454212987714776e+00
1.747509258201036975e+00
1.720361240298142746e+00
1.697667596396185141e+00
1.681649738451770792e+00
1.673875605980990056e+00
1.675106185214940036e+00
1.685221018465199005e+00
1.703229995361490667e+00
1.727370271753126740e+00
1.755278829176834643e+00
1.784223783567942867e+00
1.811371801106675949e+00
1.834065444673389056e+00
1.850083302309173838e+00
1.857857434495825633e+00
1.856626855000304666e+00
1.846512021509246759e+00
1.828503044391279531e+00
1.804362767795553602e+00
1.776454210183964655e+00
1.747509255619907220e+00
1.720361237921947284e+00
1.697667594208654984e+00
1.681649736437925480e+00
1.673875604127035954e+00
1.675106183508186408e+00
1.685221016893953205e+00
1.703229993915001517e+00
1.727370270421492826e+00
1.755278827950939036e+00
1.784223782439375849e+00
1.811371800067717253e+00
1.834065443716919930e+00
1.850083301428649740e+00
1.857857433685213167e+00
1.856626854254057157e+00
1.846512020822256295e+00
1.828503043758836322e+00
1.804362767213328889e+00
1.776454209647975402e+00
1.747509255126475924e+00
1.720361237467696869e+00
1.697667593790469276e+00
1.681649736052946542e+00
1.673875603772631449e+00
1.675106183181924280e+00
1.685221016593597465e+00
1.703229993638499806e+00
1.727370270166946664e+00
1.755278827716601153e+00
1.784223782223645305e+00
1.811371799869119004e+00
1.834065443534093509e+00
1.850083301260338153e+00
1.857857433530273772e+00
1.856626854111417035e+00
1.846512020690935563e+00
1.828503043637937253e+00
1.804362767102028808e+00
1.776454209545509144e+00
1.747509255032140052e+00
1.720361237380853225e+00
1.697667593710528999e+00
1.681649735979354965e+00
1.673875603704881199e+00
1.675106183119560388e+00
1.685221016536193162e+00
1.703229993585648749e+00
1.727370270118297357e+00
1.755278827671816977e+00
1.784223782182420948e+00
1.811371799831170915e+00
1.834065443499151682e+00
1.850083301228170329e+00
1.857857433500658351e+00
1.856626854084151956e+00
1.846512020665837195e+00
1.828503043614827517e+00
1.804362767080758934e+00
1.776454209525922812e+00
1.747509255014110474e+00
1.720361237364250506e+00
1.697667593695242116e+00
1.681649735965281334e+00
1.673875603691932445e+00
1.675106183107636815e+00
