1.757979579958113492e+00
1.760627927639174084e+00
1.763886289603453728e+00
1.767434300571261385e+00
1.770923262556773681e+00
1.774010277579664896e+00
1.776391812635279344e+00
1.777833411350182136e+00
1.778192643939196849e+00
1.777433048962173245e+00
1.775627702164206179e+00
1.772952063056266514e+00
1.769666799462810136e+00
1.766092271289194438e+00
1.762577171215575556e+00
1.759464391984582043e+00
1.757057461430409084e+00
1.755590830822606030e+00
1.755206924908312205e+00
1.755942200154792854e+00
1.757723575908539448e+00
1.760375587813912679e+00
1.763637563264886188e+00
1.767189137636896001e+00
1.770681613592277159e+00
1.773772093791920135e+00
1.776157045865452977e+00
1.777602014066830716e+00
1.777964569231380354e+00
1.777208250532620548e+00
1.775406134322487395e+00
1.772733680712022641e+00
1.769451558118989354e+00
1.765880127035350800e+00
1.762368080721189889e+00
1.759258312492414378e+00
1.756854350749925686e+00
1.755390647323401110e+00
1.755009627513612225e+00
1.755747748334980152e+00
1.757531929674730931e+00
1.760186707711588250e+00
1.763451410367550487e+00
1.767005673539798316e+00
1.770500800406184627e+00
1.773593894136923144e+00
1.775981422864835624e+00
1.777428931340982787e+00
1.777793990891765263e+00
1.777040141175794563e+00
1.775240459024163275e+00
1.772570405021193007e+00
1.769290648052104897e+00
1.765721549070537799e+00
1.762211801792539667e+00
1.759104299984309616e+00
1.756702572491426695e+00
1.755241071582686274e+00
1.754862222992469301e+00
1.755602484163357735e+00
1.757388775405332115e+00
1.760045633314533342e+00
1.763312386225078354e+00
1.766868670441030575e+00
1.770365789541942458e+00
1.773460847094590731e+00
1.775850311623290656e+00
1.777299728265567813e+00
1.777666668729318777e+00
1.776914673049725391e+00
1.775116818429600452e+00
1.772448565820163635e+00
1.769170584468773511e+00
1.765603235686502570e+00
1.762095213542171690e+00
1.758989412150156362e+00
1.756589360699655433e+00
1.755129511798583897e+00
1.754752291515984997e+00
1.755494157624716944e+00
1.757282030760677127e+00
1.759940447841623401e+00
1.763208737519041058e+00
1.766766536410168786e+00
1.770265148403567634e+00
1.773361677370935308e+00
1.775752592137441965e+00
1.777203438137465286e+00
1.777571787371795997e+00
1.776821180164594116e+00
1.775024694003788150e+00
1.772357790121889876e+00
1.769081138043779644e+00
1.765515099354327155e+00
1.762008368392461888e+00
1.758903839539033287e+00
1.756505042246118142e+00
1.755046429380964002e+00
1.754670427268444355e+00
1.755413493933772884e+00
