2.039141948734299881e+00
2.086145338177104236e+00
2.139932075904545705e+00
2.195236638188779565e+00
2.246644940027962001e+00
2.289124303119865367e+00
2.318516089101158251e+00
2.331942775678215174e+00
2.328089628201202910e+00
2.307333394704992990e+00
2.271705426849268683e+00
2.224692836737014456e+00
2.170897153766991661e+00
2.115583894565643774e+00
2.064167137231490035e+00
2.021679553355968384e+00
1.992279774778729085e+00
1.978845317451571884e+00
1.982690909859256445e+00
2.003439797973637582e+00
2.039060624308728809e+00
2.086066271097558378e+00
2.139855203435122810e+00
2.195161899342069844e+00
2.246572275516012684e+00
2.289053655306508173e+00
2.318447401955735288e+00
2.331875994730586488e+00
2.328024700498062316e+00
2.307270268767384724e+00
2.271644052631341282e+00
2.224633165585910621e+00
2.170839138383899858e+00
2.115527488967936964e+00
2.064112296715947092e+00
2.021626234463019145e+00
1.992227935257701921e+00
1.978794916226945810e+00
1.982641906997839598e+00
2.003392154652701151e+00
2.039014302784991184e+00
2.086021234677091218e+00
2.139811416444072023e+00
2.195119327098199680e+00
2.246530884301065623e+00
2.289013412339336639e+00
2.318408275366169224e+00
2.331837953534059871e+00
2.327987714570932898e+00
2.307234308822954549e+00
2.271609090196552216e+00
2.224599172978673600e+00
2.170806088691079605e+00
2.115495356023946449e+00
2.064081055081928184e+00
2.021595859406629891e+00
1.992198402733456941e+00
1.978766202857097367e+00
1.982613990053803565e+00
2.003365012036991022e+00
2.038987913013678988e+00
2.085995576862738066e+00
2.139786470279134711e+00
2.195095072838921357e+00
2.246507302751777679e+00
2.288990484837246875e+00
2.318385983766540370e+00
2.331816280195799340e+00
2.327966642342606640e+00
2.307213821029183709e+00
2.271589170624769061e+00
2.224579805866274018e+00
2.170787258712917112e+00
2.115477048280176575e+00
2.064063255086205029e+00
2.021578553074602880e+00
1.992181576371620411e+00
1.978749843151921262e+00
1.982598084061192312e+00
2.003349547172013079e+00
2.038972877040603926e+00
2.085980957885335219e+00
2.139772256731235611e+00
2.195081253475271055e+00
2.246493866639119208e+00
2.288977421345654850e+00
2.318373282560999726e+00
2.331803931228033644e+00
2.327954635843099584e+00
2.307202147499439970e+00
2.271577820829810967e+00
2.224568770827307418e+00
2.170776529700235713e+00
2.115466616806239930e+00
2.064053112898915021e+00
2.021568692150779167e+00
1.992171988910638181e+00
1.978740521569543498e+00
1.982589020983554828e+00
2.003340735429798958e+00
