1.900388221287445445e+00
2.182203581143510540e+00
2.423264968526067875e+00
2.599975615264651818e+00
2.695037852041045845e+00
2.699146324782045969e+00
2.611898867550351611e+00
2.441835869348462307e+00
2.205604281339097028e+00
1.926328097278819040e+00
1.631344815895034328e+00
1.349529456038986774e+00
1.108468068656444983e+00
9.317574219178486050e-01
8.366951851414193841e-01
8.325867124004274755e-01
9.198341696321756800e-01
1.089897167834014802e+00
1.326128755843392071e+00
1.605404939903620987e+00
1.900388221287413915e+00
2.182203581143450588e+00
2.423264968526056329e+00
2.599975615264661144e+00
2.695037852041058279e+00
2.699146324782028650e+00
2.611898867550345837e+00
2.441835869348514709e+00
2.205604281339105466e+00
1.926328097278864560e+00
1.631344815895090727e+00
1.349529456039020081e+00
1.108468068656460970e+00
9.317574219178479389e-01
8.366951851414331509e-01
8.325867124004497910e-01
9.198341696321861161e-01
1.089897167834005698e+00
1.326128755843361207e+00
1.605404939903605444e+00
1.900388221287375057e+00
2.182203581143443039e+00
2.423264968526023022e+00
2.599975615264621620e+00
2.695037852041075155e+00
2.699146324782083717e+00
2.611898867550368930e+00
2.441835869348552901e+00
2.205604281339192063e+00
1.926328097278900309e+00
1.631344815895149569e+00
1.349529456039076925e+00
1.108468068656509820e+00
9.317574219178650363e-01
8.366951851414329289e-01
8.325867124004130426e-01
9.198341696321715721e-01
1.089897167833981273e+00
1.326128755843316354e+00
1.605404939903552375e+00
1.900388221287358625e+00
2.182203581143443483e+00
2.423264968525992824e+00
2.599975615264574103e+00
2.695037852041059168e+00
2.699146324782082385e+00
2.611898867550343617e+00
2.441835869348558230e+00
2.205604281339203165e+00
1.926328097278962037e+00
1.631344815895181766e+00
1.349529456039114450e+00
1.108468068656524474e+00
9.317574219178769157e-01
8.366951851414579089e-01
8.325867124004461273e-01
9.198341696321162830e-01
1.089897167833915992e+00
1.326128755843265505e+00
1.605404939903523731e+00
1.900388221287288681e+00
2.182203581143374205e+00
2.423264968525933760e+00
2.599975615264569662e+00
2.695037852041044513e+00
2.699146324782060180e+00
2.611898867550389802e+00
2.441835869348615073e+00
2.205604281339272443e+00
1.926328097279005558e+00
1.631344815895252820e+00
1.349529456039160413e+00
1.108468068656597971e+00
9.317574219179375339e-01
8.366951851414615726e-01
8.325867124004179276e-01
9.198341696321137295e-01
1.089897167833868696e+00
1.326128755843219764e+00
1.605404939903498196e+00
