1.621543463077104619e+00
1.656327298286572436e+00
1.701833595648330810e+00
1.753607881709503546e+00
1.806582128612305160e+00
1.855570847971626858e+00
1.895778682607612398e+00
1.923269809517558437e+00
1.935353205653881803e+00
1.930846064009441587e+00
1.910189575008486962e+00
1.875405739713896125e+00
1.829899442275058297e+00
1.778125156144067409e+00
1.725150909178032599e+00
1.676162189761432275e+00
1.635954355073576449e+00
1.608463228116644661e+00
1.596379831937763782e+00
1.600886973543652392e+00
1.621543462509705602e+00
1.656327297772678842e+00
1.701833595182867143e+00
1.753607881287928993e+00
1.806582128230471262e+00
1.855570847625792164e+00
1.895778682294373185e+00
1.923269809233848049e+00
1.935353205396920906e+00
1.930846063776705535e+00
1.910189574797694245e+00
1.875405739522978843e+00
1.829899442102141727e+00
1.778125155987440920e+00
1.725150909036176516e+00
1.676162189632946609e+00
1.635954354957201540e+00
1.608463228011248525e+00
1.596379831842300590e+00
1.600886973457188445e+00
1.621543462431392024e+00
1.656327297701756462e+00
1.701833595118641185e+00
1.753607881229761301e+00
1.806582128177793622e+00
1.855570847578081883e+00
1.895778682251174851e+00
1.923269809194716684e+00
1.935353205361468820e+00
1.930846063744598995e+00
1.910189574768606846e+00
1.875405739496623925e+00
1.829899442078263272e+00
1.778125155965812443e+00
1.725150909016584633e+00
1.676162189615199916e+00
1.635954354941117517e+00
1.608463227996673517e+00
1.596379831829106033e+00
1.600886973445237560e+00
1.621543462420569126e+00
1.656327297691940093e+00
1.701833595109749186e+00
1.753607881221709963e+00
1.806582128170498347e+00
1.855570847571478055e+00
1.895778682245189417e+00
1.923269809189291912e+00
1.935353205356561190e+00
1.930846063740152330e+00
1.910189574764583842e+00
1.875405739492985724e+00
1.829899442074977012e+00
1.778125155962846815e+00
1.725150909013892342e+00
1.676162189612767861e+00
1.635954354938920385e+00
1.608463227994687772e+00
1.596379831827313023e+00
1.600886973443621519e+00
1.621543462419104298e+00
1.656327297690624922e+00
1.701833595108558139e+00
1.753607881220636378e+00
1.806582128169530232e+00
1.855570847570598092e+00
1.895778682244386504e+00
1.923269809188570045e+00
1.935353205355901940e+00
1.930846063739552809e+00
1.910189574764026288e+00
1.875405739492485901e+00
1.829899442074518268e+00
1.778125155962418047e+00
1.725150909013505762e+00
1.676162189612414588e+00
1.635954354938601307e+00
1.608463227994403777e+00
1.596379831827051010e+00
1.600886973443380823e+00
