1.746831695543744623e+00
1.753223380812459986e+00
1.761087312091635049e+00
1.769650300100477303e+00
1.778070775661668046e+00
1.785521167688068234e+00
1.791268910947292792e+00
1.794748153999608631e+00
1.795615148036555864e+00
1.793781894774700847e+00
1.789424759714218993e+00
1.782967207636408480e+00
1.775038350309891211e+00
1.766411364044721655e+00
1.757927805213201689e+00
1.750415232261469223e+00
1.744606197943229908e+00
1.741066541380166255e+00
1.740139999221627320e+00
1.741914557749192793e+00
1.746213839616403307e+00
1.752614368349566965e+00
1.760487020639896372e+00
1.769058608787722697e+00
1.777487565180039919e+00
1.784946320277253751e+00
1.790702310377798145e+00
1.794189685556122127e+00
1.795064698501336098e+00
1.793239352411058363e+00
1.788890014250064775e+00
1.782440150247881050e+00
1.774518873605081870e+00
1.765899362047451904e+00
1.757423173346926770e+00
1.749917867333247834e+00
1.744115998127819145e+00
1.740583406204189165e+00
1.739663829547869467e+00
1.741445255760980082e+00
1.745751308802107715e+00
1.752158513487216629e+00
1.760037747781892703e+00
1.768615825245684059e+00
1.777051179509752110e+00
1.784516242263743946e+00
1.790278451020534067e+00
1.793771957054311361e+00
1.794653014239374178e+00
1.792833626944094094e+00
1.788490163289676582e+00
1.782046090647894321e+00
1.774130523347495325e+00
1.765516640228525835e+00
1.757046000163355437e+00
1.749546164068489507e+00
1.743749687138551163e+00
1.740222410906880457e+00
1.739308074405492066e+00
1.741094666269847879e+00
1.745405811478848879e+00
1.751818035855863043e+00
1.759702218361117287e+00
1.768285173536157551e+00
1.776725335981624854e+00
1.784195138344267129e+00
1.789962019081803524e+00
1.793460130401144381e+00
1.794345727097312659e+00
1.792530814447529153e+00
1.788191761470110164e+00
1.781752036422331820e+00
1.773840754506955220e+00
1.765231095426667007e+00
1.756764618905254149e+00
1.749268886699525183e+00
1.743476454833408962e+00
1.739953165658705503e+00
1.739042759015131612e+00
1.740833224335243790e+00
1.745148187384530480e+00
1.751564174762584081e+00
1.759452066195585918e+00
1.768038676980901114e+00
1.776482442464972555e+00
1.783955796030446628e+00
1.789726176861152096e+00
1.793227737880439543e+00
1.794116734590218920e+00
1.792305172965147797e+00
1.787969422711661815e+00
1.781532952765926048e+00
1.773624879000486043e+00
1.765018381778828305e+00
1.756555021476633227e+00
1.749062360493836232e+00
1.743272955488821996e+00
1.739752649439268772e+00
1.738845182802319700e+00
1.740638545619600963e+00
