2.047068072806126793e+00
2.104002124844419619e+00
2.165953460217295401e+00
2.226857849727933658e+00
2.280753546588873970e+00
2.322364863732097273e+00
2.347618594813894788e+00
2.354042728028537645e+00
2.341008423844478603e+00
2.309791570196514598e+00
2.263447889682594472e+00
2.206513824143173430e+00
2.144562476124469708e+00
2.083658074769111135e+00
2.029762366813810726e+00
1.988151039279058896e+00
1.962897298464028495e+00
1.956473156132764624e+00
1.969507451777731344e+00
2.000724297427561638e+00
2.047067970450024976e+00
2.104002028972564720e+00
2.165953370418915558e+00
2.226857765618269536e+00
2.280753467807548507e+00
2.322364789941557373e+00
2.347618525697976466e+00
2.354042663291097792e+00
2.341008363208147092e+00
2.309791513401479257e+00
2.263447836485509512e+00
2.206513774316115839e+00
2.144562429453945818e+00
2.083658031055160009e+00
2.029762325869131523e+00
1.988151000928222167e+00
1.962897262542714572e+00
1.956473122487063288e+00
1.969507420263477915e+00
2.000724267909732124e+00
2.047067942802143214e+00
2.104002003076172578e+00
2.165953346163052018e+00
2.226857742899007953e+00
2.280753446527550743e+00
2.322364770009642143e+00
2.347618507028744972e+00
2.354042645804557576e+00
2.341008346829373643e+00
2.309791498060301596e+00
2.263447822116195773e+00
2.206513760857095718e+00
2.144562416847553443e+00
2.083658019247378590e+00
2.029762314809367751e+00
1.988150990569087284e+00
1.962897252839828965e+00
1.956473113398855102e+00
1.969507411751012960e+00
2.000724259936532246e+00
2.047067935334052624e+00
2.104001996081184878e+00
2.165953339611196515e+00
2.226857736762216433e+00
2.280753440779522023e+00
2.322364764625752365e+00
2.347618501985921036e+00
2.354042641081198095e+00
2.341008342405236586e+00
2.309791493916428351e+00
2.263447818234836983e+00
2.206513757221620686e+00
2.144562413442389293e+00
2.083658016057934326e+00
2.029762311821982301e+00
1.988150987770954670e+00
1.962897250218959666e+00
1.956473110944024318e+00
1.969507409451696445e+00
2.000724257782874105e+00
2.047067933316825350e+00
2.104001994191750935e+00
2.165953337841457493e+00
2.226857735104592173e+00
2.280753439226907098e+00
2.322364763171494761e+00
2.347618500623788407e+00
2.354042639805350223e+00
2.341008341210206734e+00
2.309791492797104162e+00
2.263447817186421851e+00
2.206513756239620871e+00
2.144562412522591277e+00
2.083658015196401703e+00
2.029762311015026910e+00
1.988150987015127935e+00
1.962897249511014852e+00
1.956473110280924299e+00
1.969507408830608597e+00
2.000724257201135892e+00
