1.933428230345083598e+00
2.005019275842262694e+00
2.054043400274469633e+00
2.079273969443347525e+00
2.079678991929972298e+00
2.054701544636709620e+00
2.004411814938522607e+00
1.929703604706185516e+00
1.832676852092568032e+00
1.717336026088833068e+00
1.590733586864540472e+00
1.464555660591005060e+00
1.356518573159177343e+00
1.289380815213396092e+00
1.283979366247890885e+00
1.346440564143917662e+00
1.460319303578363703e+00
1.595533839480721694e+00
1.726410469999324349e+00
1.840255197805740872e+00
1.933428230345038967e+00
2.005019275842284898e+00
2.054043400274471853e+00
2.079273969443367065e+00
2.079678991929985177e+00
2.054701544636790000e+00
2.004411814938554137e+00
1.929703604706201725e+00
1.832676852092598674e+00
1.717336026088861267e+00
1.590733586864582216e+00
1.464555660591050579e+00
1.356518573159205321e+00
1.289380815213380327e+00
1.283979366247848697e+00
1.346440564143875696e+00
1.460319303578319516e+00
1.595533839480709926e+00
1.726410469999362540e+00
1.840255197805687137e+00
1.933428230344981458e+00
2.005019275842262250e+00
2.054043400274513598e+00
2.079273969443376391e+00
2.079678991929952314e+00
2.054701544636762023e+00
2.004411814938575453e+00
1.929703604706212605e+00
1.832676852092632869e+00
1.717336026088958079e+00
1.590733586864587101e+00
1.464555660591082331e+00
1.356518573159207985e+00
1.289380815213382325e+00
1.283979366247855136e+00
1.346440564143827512e+00
1.460319303578293093e+00
1.595533839480685945e+00
1.726410469999358099e+00
1.840255197805723331e+00
1.933428230344968801e+00
2.005019275842265358e+00
2.054043400274445208e+00
2.079273969443313774e+00
2.079678991929962528e+00
2.054701544636777122e+00
2.004411814938578118e+00
1.929703604706298981e+00
1.832676852092700814e+00
1.717336026088980727e+00
1.590733586864634619e+00
1.464555660591118968e+00
1.356518573159226637e+00
1.289380815213391429e+00
1.283979366247854914e+00
1.346440564143866370e+00
1.460319303578298200e+00
1.595533839480609783e+00
1.726410469999321018e+00
1.840255197805671816e+00
1.933428230344967691e+00
2.005019275842234272e+00
2.054043400274426556e+00
2.079273969443315107e+00
2.079678991929974519e+00
2.054701544636791777e+00
2.004411814938591885e+00
1.929703604706350495e+00
1.832676852092705255e+00
1.717336026088932321e+00
1.590733586864636839e+00
1.464555660591118524e+00
1.356518573159239960e+00
1.289380815213413189e+00
1.283979366247854248e+00
1.346440564143832841e+00
1.460319303578327954e+00
1.595533839480619109e+00
1.726410469999287711e+00
1.840255197805673149e+00
