1.787747675601877972e+00
1.805148581239577110e+00
1.818545966374593092e+00
1.826810633405019368e+00
1.829265365352196637e+00
1.825708143778073556e+00
1.816419619707804189e+00
1.802157208443997849e+00
1.784131153819180637e+00
1.763951457356531805e+00
1.743530493481380450e+00
1.724927609074620394e+00
1.710132944541733258e+00
1.700809750483880167e+00
1.698042048474622145e+00
1.702152591617642319e+00
1.712647620268219928e+00
1.728306609024759632e+00
1.747386231072093787e+00
1.767876534269422262e+00
1.787747675601884412e+00
1.805148581239588879e+00
1.818545966374558231e+00
1.826810633404982953e+00
1.829265365352146233e+00
1.825708143778092651e+00
1.816419619707829058e+00
1.802157208443996739e+00
1.784131153819179527e+00
1.763951457356548680e+00
1.743530493481387111e+00
1.724927609074626389e+00
1.710132944541732147e+00
1.700809750483879279e+00
1.698042048474637022e+00
1.702152591617654309e+00
1.712647620268247906e+00
1.728306609024774954e+00
1.747386231072098894e+00
1.767876534269422706e+00
1.787747675601877750e+00
1.805148581239577110e+00
1.818545966374601752e+00
1.826810633405033135e+00
1.829265365352166439e+00
1.825708143778077330e+00
1.816419619707805522e+00
1.802157208443997849e+00
1.784131153819175308e+00
1.763951457356531805e+00
1.743530493481365351e+00
1.724927609074626611e+00
1.710132944541731925e+00
1.700809750483879279e+00
1.698042048474637022e+00
1.702152591617653421e+00
1.712647620268248128e+00
1.728306609024773621e+00
1.747386231072072027e+00
1.767876534269415156e+00
1.787747675601876862e+00
1.805148581239572225e+00
1.818545966374593092e+00
1.826810633405019368e+00
1.829265365352196637e+00
1.825708143778075332e+00
1.816419619707805744e+00
1.802157208443986969e+00
1.784131153819181081e+00
1.763951457356533581e+00
1.743530493481367127e+00
1.724927609074636381e+00
1.710132944541713274e+00
1.700809750483861515e+00
1.698042048474615928e+00
1.702152591617641653e+00
1.712647620268218596e+00
1.728306609024756080e+00
1.747386231072095120e+00
1.767876534269419597e+00
1.787747675601877972e+00
1.805148581239577110e+00
1.818545966374601752e+00
1.826810633405032025e+00
1.829265365352166439e+00
1.825708143778077108e+00
1.816419619707805522e+00
1.802157208443997849e+00
1.784131153819180637e+00
1.763951457356532027e+00
1.743530493481365351e+00
1.724927609074626611e+00
1.710132944541712829e+00
1.700809750483860849e+00
1.698042048474615928e+00
1.702152591617642319e+00
1.712647620268219928e+00
1.728306609024754747e+00
1.747386231072102447e+00
1.767876534269400279e+00
