1.846631963341760052e+00
1.871024248095780607e+00
1.884739799335040544e+00
1.887284539469333833e+00
1.878968987146237835e+00
1.860714558240056382e+00
1.833961154947346017e+00
1.800658284304970991e+00
1.763292614081455545e+00
1.724893875055170778e+00
1.688957285545280351e+00
1.659223490451537275e+00
1.639277337525302025e+00
1.631979913326542464e+00
1.638836599237195824e+00
1.659496443708328606e+00
1.691608402705946812e+00
1.731167650473442787e+00
1.773284889490391869e+00
1.813116030230715880e+00
1.846631963341781368e+00
1.871024248095812137e+00
1.884739799335051869e+00
1.887284539469353595e+00
1.878968987146234282e+00
1.860714558240047278e+00
1.833961154947359340e+00
1.800658284304941015e+00
1.763292614081437559e+00
1.724893875055147019e+00
1.688957285545262810e+00
1.659223490451519734e+00
1.639277337525275158e+00
1.631979913326526033e+00
1.638836599237188718e+00
1.659496443708339042e+00
1.691608402705953695e+00
1.731167650473436792e+00
1.773284889490382543e+00
1.813116030230722320e+00
1.846631963341798910e+00
1.871024248095827236e+00
1.884739799335052091e+00
1.887284539469351374e+00
1.878968987146233394e+00
1.860714558240035732e+00
1.833961154947334471e+00
1.800658284304961221e+00
1.763292614081432452e+00
1.724893875055131254e+00
1.688957285545255260e+00
1.659223490451502414e+00
1.639277337525268274e+00
1.631979913326520926e+00
1.638836599237173619e+00
1.659496443708327496e+00
1.691608402705971237e+00
1.731167650473472097e+00
1.773284889490416960e+00
1.813116030230753628e+00
1.846631963341815119e+00
1.871024248095847220e+00
1.884739799335061861e+00
1.887284539469327838e+00
1.878968987146267144e+00
1.860714558240059935e+00
1.833961154947329364e+00
1.800658284304935908e+00
1.763292614081388932e+00
1.724893875055141912e+00
1.688957285545246156e+00
1.659223490451503080e+00
1.639277337525280043e+00
1.631979913326536691e+00
1.638836599237201819e+00
1.659496443708360358e+00
1.691608402705989667e+00
1.731167650473489195e+00
1.773284889490444716e+00
1.813116030230758957e+00
1.846631963341809346e+00
1.871024248095844111e+00
1.884739799335085175e+00
1.887284539469349598e+00
1.878968987146220737e+00
1.860714558240063488e+00
1.833961154947362227e+00
1.800658284304947010e+00
1.763292614081405585e+00
1.724893875055131920e+00
1.688957285545245268e+00
1.659223490451503968e+00
1.639277337525265610e+00
1.631979913326538467e+00
1.638836599237205149e+00
1.659496443708386115e+00
1.691608402706014536e+00
1.731167650473515174e+00
1.773284889490469141e+00
1.813116030230783382e+00
