2.291920843833471277e+00
2.387910765658934231e+00
2.457687823035139552e+00
2.499201563213386823e+00
2.511329346106866645e+00
2.493635048344815530e+00
2.446303094058975613e+00
2.370263527651990110e+00
2.267559007953490635e+00
2.142057898670923333e+00
2.000678737967817700e+00
1.855244366495249375e+00
1.724464168583305090e+00
1.633525702674737623e+00
1.606579530854833848e+00
1.652387017596663288e+00
1.756831331680636765e+00
1.893107670272464071e+00
2.037113003127217326e+00
2.173135178692678249e+00
2.291920843833465060e+00
2.387910765658929790e+00
2.457687823035139552e+00
2.499201563213396593e+00
2.511329346106863092e+00
2.493635048344818639e+00
2.446303094058985828e+00
2.370263527651998103e+00
2.267559007953488415e+00
2.142057898670919336e+00
2.000678737967815479e+00
1.855244366495248709e+00
1.724464168583421886e+00
1.633525702674753388e+00
1.606579530854842286e+00
1.652387017596671726e+00
1.756831331680632546e+00
1.893107670272471399e+00
2.037113003127227540e+00
2.173135178692683578e+00
2.291920843833472610e+00
2.387910765658937340e+00
2.457687823035143104e+00
2.499201563213393484e+00
2.511329346106863092e+00
2.493635048344824856e+00
2.446303094058978278e+00
2.370263527651990110e+00
2.267559007953473760e+00
2.142057898670921112e+00
2.000678737967818144e+00
1.855244366495250929e+00
1.724464168583855761e+00
1.633525702674785363e+00
1.606579530854839843e+00
1.652387017596675278e+00
1.756831331680634545e+00
1.893107670272463849e+00
2.037113003127215549e+00
2.173135178692652936e+00
2.291920843833465504e+00
2.387910765658930679e+00
2.457687823035139107e+00
2.499201563213396593e+00
2.511329346106863092e+00
2.493635048344829741e+00
2.446303094058980498e+00
2.370263527651998103e+00
2.267559007953495520e+00
2.142057898670933991e+00
2.000678737967839904e+00
1.855244366495247821e+00
1.724464168583422108e+00
1.633525702674753166e+00
1.606579530854839177e+00
1.652387017596664842e+00
1.756831331680628550e+00
1.893107670272438980e+00
2.037113003127191568e+00
2.173135178692661373e+00
2.291920843833473054e+00
2.387910765658933787e+00
2.457687823035143992e+00
2.499201563213386823e+00
2.511329346106866645e+00
2.493635048344825744e+00
2.446303094058978278e+00
2.370263527651988777e+00
2.267559007953491079e+00
2.142057898670923777e+00
2.000678737967825249e+00
1.855244366495240715e+00
1.724464168583308865e+00
1.633525702674738067e+00
1.606579530854829851e+00
1.652387017596671726e+00
1.756831331680639430e+00
1.893107670272429210e+00
2.037113003127190680e+00
2.173135178692678249e+00
