1.874688876608733734e+00
1.943465245861561108e+00
1.993352606954185591e+00
2.022269678006897387e+00
2.029040839992137801e+00
2.013268243497346788e+00
1.975315676693644162e+00
1.916429426688823767e+00
1.839028708955581015e+00
1.747201520660053964e+00
1.647411100686264840e+00
1.549269211159278070e+00
1.465810799149815491e+00
1.411996866518594462e+00
1.400120298704115696e+00
1.433467086472149266e+00
1.503747256028026280e+00
1.595806177134772241e+00
1.694900614023869156e+00
1.790243472439476236e+00
1.874688876608742616e+00
1.943465245861569546e+00
1.993352606954194695e+00
2.022269678006913818e+00
2.029040839992160894e+00
2.013268243497318366e+00
1.975315676693635725e+00
1.916429426688833315e+00
1.839028708955613434e+00
1.747201520660059293e+00
1.647411100686310137e+00
1.549269211159274517e+00
1.465810799149845689e+00
1.411996866518609783e+00
1.400120298704097488e+00
1.433467086472143492e+00
1.503747256027983425e+00
1.595806177134782455e+00
1.694900614023964858e+00
1.790243472439511763e+00
1.874688876608686439e+00
1.943465245861523583e+00
1.993352606954171380e+00
2.022269678006897387e+00
2.029040839992160450e+00
2.013268243497362331e+00
1.975315676693633282e+00
1.916429426688774695e+00
1.839028708955602998e+00
1.747201520660107921e+00
1.647411100686338337e+00
1.549269211159254755e+00
1.465810799149836585e+00
1.411996866518592908e+00
1.400120298704079946e+00
1.433467086472156371e+00
1.503747256027972545e+00
1.595806177134783121e+00
1.694900614023912455e+00
1.790243472439434047e+00
1.874688876608668675e+00
1.943465245861498270e+00
1.993352606954149397e+00
2.022269678006879623e+00
2.029040839992160006e+00
2.013268243497376986e+00
1.975315676693652378e+00
1.916429426688842419e+00
1.839028708955678715e+00
1.747201520660164098e+00
1.647411100686345664e+00
1.549269211159329585e+00
1.465810799149875221e+00
1.411996866518603788e+00
1.400120298704094601e+00
1.433467086472133500e+00
1.503747256027959445e+00
1.595806177134741155e+00
1.694900614023863605e+00
1.790243472439418504e+00
1.874688876608629817e+00
1.943465245861476509e+00
1.993352606954121420e+00
2.022269678006873406e+00
2.029040839992133360e+00
2.013268243497318366e+00
1.975315676693695011e+00
1.916429426688815996e+00
1.839028708955590785e+00
1.747201520660172092e+00
1.647411100686413166e+00
1.549269211159352677e+00
1.465810799149899424e+00
1.411996866518593574e+00
1.400120298704079502e+00
1.433467086472105967e+00
1.503747256027912815e+00
1.595806177134706738e+00
1.694900614023851615e+00
1.790243472439381645e+00
