2.043480800465935499e+00
2.240374489469348696e+00
2.387726686670038401e+00
2.471793274029575382e+00
2.485895540388222358e+00
2.430464295411222331e+00
2.312314269743978912e+00
2.143473492787340895e+00
1.939852610835853808e+00
1.719924244233346222e+00
1.503450375065450650e+00
1.310195240254489413e+00
1.158524494609241673e+00
1.063832938377646142e+00
1.036856999997426865e+00
1.082082613802842763e+00
1.196594686417079778e+00
1.369757451804316073e+00
1.584010978410869352e+00
1.816821014709497417e+00
2.043504865421876815e+00
2.240399915642683482e+00
2.387752773793873295e+00
2.471819250035344862e+00
2.485920655602689600e+00
2.430487898733484364e+00
2.312335860395843490e+00
2.143492747529803122e+00
1.939869390774991098e+00
1.719938586926051949e+00
1.503462476986298535e+00
1.310205432747691745e+00
1.158533214300649261e+00
1.063840691604741373e+00
1.036864320766377690e+00
1.082090016268994370e+00
1.196602615471438869e+00
1.369766237994965108e+00
1.584020804805309934e+00
1.816831902382005426e+00
2.043516680907895733e+00
2.240412398935886618e+00
2.387765580975209634e+00
2.471832002002964934e+00
2.485932984333585782e+00
2.430499484677953070e+00
2.312346457861998772e+00
2.143502198012741555e+00
1.939877626263837973e+00
1.719945626000028094e+00
1.503468416189777335e+00
1.310210434778953603e+00
1.158537493491722747e+00
1.063844496471602508e+00
1.036867913384083906e+00
1.082093648957342724e+00
1.196606506547554183e+00
1.369770549650709102e+00
1.584025626844620671e+00
1.816837245101458720e+00
2.043522478761959249e+00
2.240418524287029811e+00
2.387771865025507978e+00
2.471838258716441139e+00
2.485939033141484344e+00
2.430505168825497719e+00
2.312351656855673454e+00
2.143506834148404927e+00
1.939881666236671576e+00
1.719949078978583401e+00
1.503471329577468873e+00
1.310212888416935950e+00
1.158539592536357521e+00
1.063846362837251647e+00
1.036869675629001897e+00
1.082095430849585815e+00
1.196608415171945827e+00
1.369772664557006303e+00
1.584027992070278890e+00
1.816839865680236921e+00
2.043525322524504251e+00
2.240421528609554347e+00
2.387774947101329204e+00
2.471841327293633928e+00
2.485941999661116508e+00
2.430507956419510673e+00
2.312354206448757221e+00
2.143509107655326762e+00
1.939883647347168116e+00
1.719950772208870715e+00
1.503472758189048575e+00
1.310214091572627026e+00
1.158540621807815363e+00
1.063847278009672159e+00
1.036870539742793085e+00
1.082096304594421410e+00
1.196609351055282211e+00
1.369773701582865710e+00
1.584029151827499371e+00
1.816841150630870150e+00
