1.790443043164622772e+00
1.807556253612665920e+00
1.820460045109046909e+00
1.828082934213215660e+00
1.829806042787684994e+00
1.825483361414185213e+00
1.815449275210667235e+00
1.800514020634443657e+00
1.781940825766469061e+00
1.761392165177200653e+00
1.740828641849224478e+00
1.722345997542070295e+00
1.707948009275262802e+00
1.699277317262057441e+00
1.697356172895440496e+00
1.702407748200132298e+00
1.713817021378967631e+00
1.730245598084032999e+00
1.749860302206281082e+00
1.770603983503229228e+00
1.790443043164608339e+00
1.807556253612716324e+00
1.820460045109055125e+00
1.828082934213230315e+00
1.829806042787645914e+00
1.825483361414198313e+00
1.815449275210706093e+00
1.800514020634446100e+00
1.781940825766464620e+00
1.761392165177204205e+00
1.740828641849203606e+00
1.722345997542082063e+00
1.707948009275253698e+00
1.699277317262062770e+00
1.697356172895434501e+00
1.702407748200146953e+00
1.713817021378966299e+00
1.730245598084116265e+00
1.749860302206270202e+00
1.770603983503229450e+00
1.790443043164592796e+00
1.807556253612681463e+00
1.820460045109044911e+00
1.828082934213229205e+00
1.829806042787645914e+00
1.825483361414199202e+00
1.815449275210698321e+00
1.800514020634476298e+00
1.781940825766475278e+00
1.761392165177199098e+00
1.740828641849219149e+00
1.722345997542054530e+00
1.707948009275290335e+00
1.699277317262072762e+00
1.697356172895436499e+00
1.702407748200138959e+00
1.713817021378965855e+00
1.730245598084088066e+00
1.749860302206297291e+00
1.770603983503252765e+00
1.790443043164616554e+00
1.807556253612680575e+00
1.820460045109038694e+00
1.828082934213224764e+00
1.829806042787645692e+00
1.825483361414181438e+00
1.815449275210669233e+00
1.800514020634487844e+00
1.781940825766478831e+00
1.761392165177169788e+00
1.740828641849182290e+00
1.722345997542048535e+00
1.707948009275255252e+00
1.699277317262048115e+00
1.697356172895421400e+00
1.702407748200093662e+00
1.713817021378964967e+00
1.730245598084082514e+00
1.749860302206288409e+00
1.770603983503195478e+00
1.790443043164577475e+00
1.807556253612664365e+00
1.820460045108986513e+00
1.828082934213187905e+00
1.829806042787653242e+00
1.825483361414226291e+00
1.815449275210684332e+00
1.800514020634460977e+00
1.781940825766485048e+00
1.761392165177200653e+00
1.740828641849192726e+00
1.722345997542073404e+00
1.707948009275266354e+00
1.699277317262077869e+00
1.697356172895436721e+00
1.702407748200115201e+00
1.713817021378955641e+00
1.730245598084075631e+00
1.749860302206283302e+00
1.770603983503252765e+00
