1.833608742228726829e+00
1.853978392710178502e+00
1.865344923866124160e+00
1.867045549811358951e+00
1.859292144496054400e+00
1.843016911659107970e+00
1.819728849694051354e+00
1.791404053158091036e+00
1.760401779304989089e+00
1.729377870886206425e+00
1.701159410983130282e+00
1.678549465073458036e+00
1.664049198290046272e+00
1.659516525792142483e+00
1.665820433196442574e+00
1.682583679733424153e+00
1.708112555076610750e+00
1.739574791373089013e+00
1.773410883108964553e+00
1.805881680048107230e+00
1.833608742228729716e+00
1.853978392710172951e+00
1.865344923866139260e+00
1.867045549811393812e+00
1.859292144496076604e+00
1.843016911659106416e+00
1.819728849694054240e+00
1.791404053158083487e+00
1.760401779304968661e+00
1.729377870886184221e+00
1.701159410983117626e+00
1.678549465073443381e+00
1.664049198290031395e+00
1.659516525792132713e+00
1.665820433196442352e+00
1.682583679733430815e+00
1.708112555076586103e+00
1.739574791373066143e+00
1.773410883108918590e+00
1.805881680048100790e+00
1.833608742228713728e+00
1.853978392710145418e+00
1.865344923866096627e+00
1.867045549811336524e+00
1.859292144496028198e+00
1.843016911659105750e+00
1.819728849694054684e+00
1.791404053158086374e+00
1.760401779305007519e+00
1.729377870886196877e+00
1.701159410983139830e+00
1.678549465073463365e+00
1.664049198290049603e+00
1.659516525792163577e+00
1.665820433196431916e+00
1.682583679733438142e+00
1.708112555076605865e+00
1.739574791373082574e+00
1.773410883108935909e+00
1.805881680048095017e+00
1.833608742228728605e+00
1.853978392710165624e+00
1.865344923866103732e+00
1.867045549811358951e+00
1.859292144496077714e+00
1.843016911659127288e+00
1.819728849694056017e+00
1.791404053158086151e+00
1.760401779304980652e+00
1.729377870886209978e+00
1.701159410983116960e+00
1.678549465073448710e+00
1.664049198290013187e+00
1.659516525792130048e+00
1.665820433196442352e+00
1.682583679733442805e+00
1.708112555076609196e+00
1.739574791373097007e+00
1.773410883108939462e+00
1.805881680048079918e+00
1.833608742228710620e+00
1.853978392710132317e+00
1.865344923866101290e+00
1.867045549811358507e+00
1.859292144496059285e+00
1.843016911659123069e+00
1.819728849694079775e+00
1.791404053158099474e+00
1.760401779305008851e+00
1.729377870886243285e+00
1.701159410983161369e+00
1.678549465073472469e+00
1.664049198290066034e+00
1.659516525792159802e+00
1.665820433196465222e+00
1.682583679733455240e+00
1.708112555076588324e+00
1.739574791373056151e+00
1.773410883108925251e+00
1.805881680048071702e+00
