1.925888977879812503e+00
1.967809769618079629e+00
1.988989040877400916e+00
1.990366685792330337e+00
1.973528185739327423e+00
1.940246003543856013e+00
1.892491560911125248e+00
1.832709533568656068e+00
1.764191970193865311e+00
1.691444423988651247e+00
1.620435456901515359e+00
1.558559764167436468e+00
1.514069598333528610e+00
1.494748873776784448e+00
1.505870601035649958e+00
1.548030446376803981e+00
1.615975586922882679e+00
1.699430787193257686e+00
1.785879533064402169e+00
1.863974223828796184e+00
1.925888977879883113e+00
1.967809769618150462e+00
1.988989040877405357e+00
1.990366685792372303e+00
1.973528185739347185e+00
1.940246003543842912e+00
1.892491560911121473e+00
1.832709533568614546e+00
1.764191970193828451e+00
1.691444423988626156e+00
1.620435456901528237e+00
1.558559764167407602e+00
1.514069598333482425e+00
1.494748873776737597e+00
1.505870601035611100e+00
1.548030446376820635e+00
1.615975586922904661e+00
1.699430787193235481e+00
1.785879533064406832e+00
1.863974223828802401e+00
1.925888977879898878e+00
1.967809769618145355e+00
1.988989040877405357e+00
1.990366685792358759e+00
1.973528185739307661e+00
1.940246003543849573e+00
1.892491560911101267e+00
1.832709533568623650e+00
1.764191970193801362e+00
1.691444423988598400e+00
1.620435456901493376e+00
1.558559764167393835e+00
1.514069598333481093e+00
1.494748873776745590e+00
1.505870601035635081e+00
1.548030446376830183e+00
1.615975586922922203e+00
1.699430787193294323e+00
1.785879533064460567e+00
1.863974223828832377e+00
1.925888977879889996e+00
1.967809769618133586e+00
1.988989040877393366e+00
1.990366685792346324e+00
1.973528185739304108e+00
1.940246003543827591e+00
1.892491560911091941e+00
1.832709533568594118e+00
1.764191970193790704e+00
1.691444423988612389e+00
1.620435456901507809e+00
1.558559764167392059e+00
1.514069598333489086e+00
1.494748873776777343e+00
1.505870601035650846e+00
1.548030446376852609e+00
1.615975586922941964e+00
1.699430787193301207e+00
1.785879533064469671e+00
1.863974223828823273e+00
1.925888977879918640e+00
1.967809769618149129e+00
1.988989040877405579e+00
1.990366685792344548e+00
1.973528185739313434e+00
1.940246003543833364e+00
1.892491560911060411e+00
1.832709533568595894e+00
1.764191970193781822e+00
1.691444423988577750e+00
1.620435456901469395e+00
1.558559764167394279e+00
1.514069598333482869e+00
1.494748873776766240e+00
1.505870601035662171e+00
1.548030446376884806e+00
1.615975586922965945e+00
1.699430787193320302e+00
1.785879533064483216e+00
1.863974223828850363e+00
