2.074003306729610419e+00
2.230491014645376247e+00
2.335278864904043683e+00
2.380499731933036767e+00
2.365351493849723763e+00
2.294751853884577031e+00
2.177629657116198825e+00
2.025415518301632911e+00
1.851015038447495265e+00
1.668270923186305321e+00
1.491719153148250987e+00
1.336332914908902714e+00
1.216923404366919703e+00
1.146941836813548665e+00
1.136628544684419095e+00
1.190780065339817506e+00
1.306762798308295670e+00
1.473600372482205767e+00
1.672800644121518410e+00
1.881028674328070638e+00
2.074003307021844655e+00
2.230491014929692817e+00
2.335278865172367269e+00
2.380499732178834815e+00
2.365351494068679727e+00
2.294751854074751574e+00
2.177629657277738495e+00
2.025415518436258111e+00
1.851015038557946024e+00
1.668270923275979589e+00
1.491719153220717020e+00
1.336332914967819807e+00
1.216923404415785503e+00
1.146941836855624119e+00
1.136628544722606993e+00
1.190780065376496166e+00
1.306762798345192378e+00
1.473600372520323498e+00
1.672800644161053452e+00
1.881028674368576681e+00
2.074003307062401991e+00
2.230491014969133712e+00
2.335278865209593491e+00
2.380499732212915998e+00
2.365351494099036778e+00
2.294751854101118038e+00
2.177629657300117927e+00
2.025415518454904973e+00
1.851015038573258220e+00
1.668270923288385221e+00
1.491719153230757211e+00
1.336332914975962849e+00
1.216923404422547206e+00
1.146941836861451902e+00
1.136628544727900314e+00
1.190780065381591424e+00
1.306762798350329602e+00
1.473600372525621482e+00
1.672800644166575257e+00
1.881028674374213727e+00
2.074003307068047253e+00
2.230491014974628428e+00
2.335278865214768018e+00
2.380499732217656206e+00
2.365351494103245411e+00
2.294751854104764455e+00
2.177629657303224775e+00
2.025415518457480246e+00
1.851015038575367644e+00
1.668270923290114505e+00
1.491719153232144102e+00
1.336332914977105712e+00
1.216923404423487565e+00
1.146941836862271469e+00
1.136628544728650381e+00
1.190780065382315067e+00
1.306762798351062349e+00
1.473600372526397084e+00
1.672800644167354855e+00
1.881028674375031962e+00
2.074003307068843949e+00
2.230491014975406472e+00
2.335278865215506539e+00
2.380499732218318787e+00
2.365351494103828500e+00
2.294751854105262723e+00
2.177629657303622235e+00
2.025415518457819974e+00
1.851015038575627214e+00
1.668270923290307683e+00
1.491719153232304418e+00
1.336332914977228503e+00
1.216923404423597921e+00
1.146941836862366726e+00
1.136628544728746082e+00
1.190780065382418318e+00
1.306762798351176480e+00
1.473600372526510549e+00
1.672800644167480977e+00
1.881028674375148979e+00
