9.317304062984836308e-03
9.645997041510236125e-03
9.906515398252740967e-03
1.007342011576035402e-02
1.013043733971650227e-02
1.007202697635588978e-02
9.903909308432622127e-03
9.642504047576038254e-03
9.313337106129993340e-03
8.948565691613471693e-03
8.583854939201225609e-03
8.254902515200144425e-03
7.993945364580064619e-03
7.826590109086336775e-03
7.769282693215889823e-03
7.827674054231780268e-03
7.996051167670123125e-03
8.257895222516029379e-03
8.587512701978576232e-03
8.952574308313402188e-03
9.317304062984763449e-03
9.645997041510171940e-03
9.906515398252711477e-03
1.007342011576032106e-02
1.013043733971638431e-02
1.007202697635575968e-02
9.903909308432582229e-03
9.642504047576151011e-03
9.313337106129894460e-03
8.948565691613390161e-03
8.583854939201336631e-03
8.254902515200260651e-03
7.993945364580088905e-03
7.826590109086487695e-03
7.769282693215904569e-03
7.827674054231761186e-03
7.996051167670161289e-03
8.257895222515982542e-03
8.587512701978449597e-03
8.952574308313292900e-03
9.317304062984740898e-03
9.645997041510197961e-03
9.906515398252687191e-03
1.007342011576041300e-02
1.013043733971659595e-02
1.007202697635595050e-02
9.903909308432646413e-03
9.642504047576156215e-03
9.313337106129995074e-03
8.948565691613607001e-03
8.583854939201414694e-03
8.254902515200316163e-03
7.993945364580052476e-03
7.826590109086416572e-03
7.769282693215936661e-03
7.827674054231837514e-03
7.996051167670117921e-03
8.257895222515928765e-03
8.587512701978531129e-03
8.952574308313325860e-03
9.317304062984754776e-03
9.645997041510223982e-03
9.906515398252727089e-03
1.007342011576041127e-02
1.013043733971656646e-02
1.007202697635596958e-02
9.903909308432705394e-03
9.642504047576159684e-03
9.313337106130119974e-03
8.948565691613508122e-03
8.583854939201442449e-03
8.254902515200309224e-03
7.993945364580210336e-03
7.826590109086524125e-03
7.769282693215914110e-03
7.827674054231771594e-03
7.996051167670114451e-03
8.257895222515986011e-03
8.587512701978454802e-03
8.952574308313232185e-03
9.317304062984702734e-03
9.645997041510222247e-03
9.906515398252567495e-03
1.007342011576031239e-02
1.013043733971652309e-02
1.007202697635593142e-02
9.903909308432729680e-03
9.642504047576170093e-03
9.313337106130173751e-03
8.948565691613631287e-03
8.583854939201451123e-03
8.254902515200304020e-03
7.993945364580231153e-03
7.826590109086551880e-03
7.769282693215972223e-03
7.827674054231710879e-03
7.996051167670078022e-03
8.257895222515963460e-03
8.587512701978411434e-03
8.952574308313204429e-03
