8.978264596469097761e-03
9.003206807971184458e-03
9.022996359590151200e-03
9.035696122410863743e-03
9.040062985542933471e-03
9.035669529025869631e-03
9.022945847915287559e-03
9.003137439152722465e-03
8.978183278295618144e-03
8.950526022848997315e-03
8.922872919381092185e-03
8.897930814125857082e-03
8.878141200443638234e-03
8.865441233792906855e-03
8.861074105688626287e-03
8.865467340003665986e-03
8.878190929194104686e-03
8.897999414003271088e-03
8.922953792338100473e-03
8.950611326072272292e-03
8.978264664724632665e-03
9.003206874546823557e-03
9.022996424489664047e-03
9.035696185626511737e-03
9.040063047061591694e-03
9.035669588835134811e-03
9.022945906008980610e-03
9.003137495535546223e-03
8.978183332986356194e-03
8.950526075882014529e-03
8.922872970806180332e-03
8.897930864006460203e-03
8.878141248853865450e-03
8.865441280813511279e-03
8.861074151402361168e-03
8.865467384490802183e-03
8.878190972528256925e-03
8.897999456247852185e-03
8.922953833544050584e-03
8.950611366276966033e-03
8.978264703951998812e-03
9.003206912808687720e-03
9.022996461788187691e-03
9.035696221957316421e-03
9.040063082417124432e-03
9.035669623208231194e-03
9.022945939396074047e-03
9.003137527939391455e-03
8.978183364417729323e-03
8.950526106360654974e-03
8.922873000360740520e-03
8.897930892673409226e-03
8.878141276675749136e-03
8.865441307836733481e-03
8.861074177674481064e-03
8.865467410058006786e-03
8.878190997432776344e-03
8.897999480526139898e-03
8.922953857225421684e-03
8.950611389382892927e-03
8.978264726496213571e-03
9.003206934798045971e-03
9.022996483223943640e-03
9.035696242836881859e-03
9.040063102736171224e-03
9.035669642962670597e-03
9.022945958583886844e-03
9.003137546562149304e-03
8.978183382481602637e-03
8.950526123876968027e-03
8.922873017345961041e-03
8.897930909148520431e-03
8.878141292665243586e-03
8.865441323367230508e-03
8.861074192773337257e-03
8.865467424751732189e-03
8.878191011745681371e-03
8.897999494479173072e-03
8.922953870835382065e-03
8.950611402662142155e-03
8.978264739452630760e-03
9.003206947435617516e-03
9.022996495543363429e-03
9.035696254836687522e-03
9.040063114413826595e-03
9.035669654315811247e-03
9.022945969611388672e-03
9.003137557264900490e-03
8.978183392863152423e-03
8.950526133943871934e-03
8.922873027107633415e-03
8.897930918617003720e-03
8.878141301854613338e-03
8.865441332292814738e-03
8.861074201450878582e-03
8.865467433196407704e-03
8.878191019971504172e-03
8.897999502498161323e-03
8.922953878657238075e-03
8.950611410293903697e-03
