9.204455634507530126e-03
9.433096235478709637e-03
9.614497835802858841e-03
9.730904415430202681e-03
9.770923809526134429e-03
9.730641890737169730e-03
9.614004471160456783e-03
9.432430014472449609e-03
9.203691467505603629e-03
8.950176837098986274e-03
8.696698658106473065e-03
8.468066409647881376e-03
8.286659034815617442e-03
8.170234783624009609e-03
8.130192595181755938e-03
8.170455327974109755e-03
8.287084522905309447e-03
8.468664882502252578e-03
8.697421229820234342e-03
8.950958783235849620e-03
9.204456275968428414e-03
9.433096874917475463e-03
9.614498469736221242e-03
9.730905039513029764e-03
9.770924419058083649e-03
9.730642481174731420e-03
9.614005038585352048e-03
9.432430555973403061e-03
9.203691981442007480e-03
8.950177323227139631e-03
8.696699117564319834e-03
8.468066844806733037e-03
8.286659449020994037e-03
8.170235180855568019e-03
8.130192979670113756e-03
8.170455703813202242e-03
8.287084893697746132e-03
8.468665251070092020e-03
8.697421598005388582e-03
8.950959151804547750e-03
9.204456644623243422e-03
9.433097242410122887e-03
9.614498834064845803e-03
9.730905398180488344e-03
9.770924769362943421e-03
9.730642820505799873e-03
9.614005364690789840e-03
9.432430867180026032e-03
9.203692276806944850e-03
8.950177602610420030e-03
8.696699381619868094e-03
8.468067094897420780e-03
8.286659687069462127e-03
8.170235409148962624e-03
8.130193200639864934e-03
8.170455919812132789e-03
8.287085106796321377e-03
8.468665462890160450e-03
8.697421809605565199e-03
8.950959363625119250e-03
9.204456856493316991e-03
9.433097453612274141e-03
9.614499043448599194e-03
9.730905604310634283e-03
9.770924970687039704e-03
9.730643015523185793e-03
9.614005552107209029e-03
9.432431046033961167e-03
9.203692446556494336e-03
8.950177763175073617e-03
8.696699533375512603e-03
8.468067238627287330e-03
8.286659823878526204e-03
8.170235540351726555e-03
8.130193327633650213e-03
8.170456043949142488e-03
8.287085229266454370e-03
8.468665584625553050e-03
8.697421931214550234e-03
8.950959485360794610e-03
9.204456978257391508e-03
9.433097574992468232e-03
9.614499163783729943e-03
9.730905722775910066e-03
9.770925086390191625e-03
9.730643127601745768e-03
9.614005659817438654e-03
9.432431148823217440e-03
9.203692544113328475e-03
8.950177855453295139e-03
8.696699620591110194e-03
8.468067321230416528e-03
8.286659902504184272e-03
8.170235615755375158e-03
8.130193400618362237e-03
8.170456115292032417e-03
8.287085299651365811e-03
8.468665654588194633e-03
8.697422001104555475e-03
8.950959555323590583e-03
