9.881781436588710568e-03
1.072178703056966484e-02
1.138840065139452157e-02
1.181637011046007477e-02
1.196380523932789874e-02
1.181627745324687756e-02
1.138823082848245197e-02
1.072156706155452319e-02
9.881543265454418440e-03
8.950384374518944100e-03
8.019235334227079598e-03
7.179240493015338551e-03
6.512622913137868300e-03
6.084636378674040079e-03
5.937177674747394322e-03
6.084684498587750873e-03
6.512720902160864730e-03
7.179389227466351740e-03
8.019430765695705760e-03
8.950613958771906978e-03
9.881784735687957830e-03
1.072179060203457858e-02
1.138840443635882708e-02
1.181637402881473634e-02
1.196380919764301887e-02
1.181628135395860861e-02
1.138823457944187871e-02
1.072157058500424788e-02
9.881546505559325039e-03
8.950387302722385974e-03
8.019237951919142710e-03
7.179242831265086888e-03
6.512625029528660951e-03
6.084638351563862076e-03
5.937179595525595745e-03
6.084686462693594984e-03
6.512722999745983350e-03
7.179391534614983604e-03
8.019433337057456021e-03
8.950616822320978452e-03
9.881787890111085049e-03
1.072179401699147570e-02
1.138840805557663795e-02
1.181637777570170023e-02
1.196381298286156893e-02
1.181628508420939049e-02
1.138823816659523085e-02
1.072157395468608700e-02
9.881549604355253230e-03
8.950390103302972855e-03
8.019240455595299730e-03
7.179245067735220108e-03
6.512627053855016800e-03
6.084640238685066170e-03
5.937181432852072470e-03
6.084688341517177808e-03
6.512725006307937270e-03
7.179393741706101978e-03
8.019435796968742841e-03
8.950619561827398776e-03
9.881790907969967980e-03
1.072179728418875926e-02
1.138841151828465237e-02
1.181638136064777807e-02
1.196381660457221732e-02
1.181628865341395433e-02
1.138824159896327515e-02
1.072157717904345317e-02
9.881552569579156453e-03
8.950392783228464447e-03
8.019242851462760752e-03
7.179247207951299121e-03
6.512628991101214460e-03
6.084642044668387394e-03
5.937183191220225809e-03
6.084690139638144167e-03
6.512726926721603901e-03
7.179395854084290145e-03
8.019438151366967832e-03
8.950622183882279287e-03
9.881793796502492261e-03
1.072180041143771211e-02
1.138841483273580167e-02
1.181638479217090622e-02
1.196382007135397309e-02
1.181629207000142387e-02
1.138824488462769104e-02
1.072158026564582617e-02
9.881555408171822930e-03
8.950395348753491243e-03
8.019245145097213257e-03
7.179249256879864129e-03
6.512630845750110725e-03
6.084643773681229148e-03
5.937184874676336432e-03
6.084691861182899876e-03
6.512728765382015325e-03
7.179397876570869398e-03
8.019440405611767339e-03
8.950624694438802376e-03
