9.317730388695450588e-03
9.648174577977933555e-03
9.910315754415163422e-03
1.007849636551661279e-02
1.013626108866333073e-02
1.007796477877287433e-02
9.909321514623122343e-03
9.646842351388880757e-03
9.316217928720477159e-03
8.949804704416074522e-03
8.583460491884228882e-03
8.253037986800047451e-03
7.990878169427246408e-03
7.822645719909631506e-03
7.764815768871538050e-03
7.823058383802865279e-03
7.991680003220518608e-03
8.254177847184848010e-03
8.584854148298815338e-03
8.951332640509814670e-03
9.317730587638248588e-03
9.648174776284108856e-03
9.910315950503161692e-03
1.007849655748554833e-02
1.013626127452254069e-02
1.007796495666217831e-02
9.909321683003442446e-03
9.646842509187389392e-03
9.316218075419704578e-03
8.949804840082530022e-03
8.583460617138527135e-03
8.253038102735480580e-03
7.990878277488398448e-03
7.822645821745818559e-03
7.764815866180692708e-03
7.823058478181450087e-03
7.991680096033761810e-03
8.254177939467609304e-03
8.584854240695034486e-03
8.951332733253261273e-03
9.317730680573226010e-03
9.648174868921716510e-03
9.910316042104513196e-03
1.007849664716267517e-02
1.013626136134548883e-02
1.007796503976193976e-02
9.909321761661092284e-03
9.646842582901767743e-03
9.316218143949102012e-03
8.949804903458070948e-03
8.583460675650104663e-03
8.253038156893792096e-03
7.990878327968306896e-03
7.822645869317848208e-03
7.764815911637994693e-03
7.823058522269847950e-03
7.991680139390895665e-03
8.254177982576943115e-03
8.584854283857383181e-03
8.951332776577818756e-03
9.317730723987277877e-03
9.648174912196785802e-03
9.910316084895464533e-03
1.007849668905466851e-02
1.013626140190415463e-02
1.007796507858139262e-02
9.909321798405429024e-03
9.646842617336873552e-03
9.316218175962072412e-03
8.949804933063441187e-03
8.583460702983321949e-03
8.253038182193439889e-03
7.990878351549667719e-03
7.822645891540828608e-03
7.764815932873107319e-03
7.823058542865496401e-03
7.991680159644984002e-03
8.254178002715290702e-03
8.584854304020495680e-03
8.951332796816710916e-03
9.317730744268008097e-03
9.648174932412581853e-03
9.910316104885135910e-03
1.007849670862440844e-02
1.013626142085099699e-02
1.007796509671570091e-02
9.909321815570333938e-03
9.646842633423018121e-03
9.316218190916693287e-03
8.949804946893345423e-03
8.583460715751806136e-03
8.253038194011939194e-03
7.990878362565463633e-03
7.822645901922047063e-03
7.764815942792883258e-03
7.823058552486593722e-03
7.991680169106545745e-03
8.254178012122834890e-03
8.584854313439646903e-03
8.951332806271273049e-03
