1.033458903408994260e-02
1.157358350687628934e-02
1.255437965596674192e-02
1.318185828825153491e-02
1.339550591333766444e-02
1.317499244821343854e-02
1.254194013449587419e-02
1.155779362848733532e-02
1.031800428893504470e-02
8.943022636639244918e-03
7.566853768993151395e-03
6.324164803439042033e-03
5.337120238562300008e-03
4.703225938434938379e-03
4.485445957702417601e-03
4.705688808542831184e-03
5.342435623633852437e-03
6.332830568418990058e-03
7.579035581416967114e-03
8.958149569832690035e-03
1.033458903408986281e-02
1.157358350687621301e-02
1.255437965596672284e-02
1.318185828825162165e-02
1.339550591333760719e-02
1.317499244821358079e-02
1.254194013449617777e-02
1.155779362848740645e-02
1.031800428893525808e-02
8.943022636639390635e-03
7.566853768993370838e-03
6.324164803439205097e-03
5.337120238562419704e-03
4.703225938435042462e-03
4.485445957702455765e-03
4.705688808542811234e-03
5.342435623633683302e-03
6.332830568418875566e-03
7.579035581416812724e-03
8.958149569832454112e-03
1.033458903408982464e-02
1.157358350687593546e-02
1.255437965596644355e-02
1.318185828825124348e-02
1.339550591333768872e-02
1.317499244821366752e-02
1.254194013449628879e-02
1.155779362848764584e-02
1.031800428893539165e-02
8.943022636639666456e-03
7.566853768993431553e-03
6.324164803439344743e-03
5.337120238562417102e-03
4.703225938435003431e-03
4.485445957702423672e-03
4.705688808542754856e-03
5.342435623633539320e-03
6.332830568418763677e-03
7.579035581416676548e-03
8.958149569832275436e-03
1.033458903408959219e-02
1.157358350687581229e-02
1.255437965596631344e-02
1.318185828825103531e-02
1.339550591333752740e-02
1.317499244821361028e-02
1.254194013449607022e-02
1.155779362848785921e-02
1.031800428893553216e-02
8.943022636639721967e-03
7.566853768993609362e-03
6.324164803439433213e-03
5.337120238562561084e-03
4.703225938435085830e-03
4.485445957702454030e-03
4.705688808542688936e-03
5.342435623633514166e-03
6.332830568418632705e-03
7.579035581416561189e-03
8.958149569832150536e-03
1.033458903408943953e-02
1.157358350687579321e-02
1.255437965596633773e-02
1.318185828825129205e-02
1.339550591333766097e-02
1.317499244821374906e-02
1.254194013449656982e-02
1.155779362848798064e-02
1.031800428893563278e-02
8.943022636639971767e-03
7.566853768993785437e-03
6.324164803439611890e-03
5.337120238562606186e-03
4.703225938435071952e-03
4.485445957702384641e-03
4.705688808542587455e-03
5.342435623633370184e-03
6.332830568418466172e-03
7.579035581416306185e-03
8.958149569831999615e-03
