8.978277213048738159e-03
9.003215641946924613e-03
9.023000533190560918e-03
9.035695218967482872e-03
9.040057097032084404e-03
9.035659249245250879e-03
9.022932211132865532e-03
9.003121811469696339e-03
8.978167215184205963e-03
8.950511110150612126e-03
8.922860615906478068e-03
8.897922312094002500e-03
8.878137316186316200e-03
8.865442336596683973e-03
8.861080088398805982e-03
8.865477631691296573e-03
8.878204547816275632e-03
8.898015055136302212e-03
8.922969948125379636e-03
8.950626426083563986e-03
8.978277227515546119e-03
9.003215655912218812e-03
9.023000546663913560e-03
9.035695231955992446e-03
9.040057109541635091e-03
9.035659261281780638e-03
9.022932222703583874e-03
9.003121822583925668e-03
8.978167225853761479e-03
8.950511120390127959e-03
8.922860625733209511e-03
8.897922321527335088e-03
8.878137325247198453e-03
8.865442345306695851e-03
8.861080096779451118e-03
8.865477639763010009e-03
8.878204555597761158e-03
8.898015062643935616e-03
8.922969955372913806e-03
8.950626433082102887e-03
8.978277234273577753e-03
9.003215662435918795e-03
9.023000552957825132e-03
9.035695238023418521e-03
9.040057115385292247e-03
9.035659266904548514e-03
9.022932228108767119e-03
9.003121827775814254e-03
8.978167230837916929e-03
8.950511125173395491e-03
8.922860630323638242e-03
8.897922325934008031e-03
8.878137329479894244e-03
8.865442349375562622e-03
8.861080100694447917e-03
8.865477643533658733e-03
8.878204559232785731e-03
8.898015066151057292e-03
8.922969958758549328e-03
8.950626436351404383e-03
8.978277237430519475e-03
9.003215665483460181e-03
9.023000555897981931e-03
9.035695240857788413e-03
9.040057118115143314e-03
9.035659269531129759e-03
9.022932230633695302e-03
9.003121830201172779e-03
8.978167233166254105e-03
8.950511127407875453e-03
8.922860632468004524e-03
8.897922327992559277e-03
8.878137331457170225e-03
8.865442351276262706e-03
8.861080102523316571e-03
8.865477645295138584e-03
8.878204560930936032e-03
8.898015067789441165e-03
8.922969960340185192e-03
8.950626437878727790e-03
8.978277238905353619e-03
9.003215666907178963e-03
9.023000557271575878e-03
9.035695242181875086e-03
9.040057119390395787e-03
9.035659270758162123e-03
9.022932231813256959e-03
9.003121831334195274e-03
8.978167234253979501e-03
8.950511128451762652e-03
8.922860633469814270e-03
8.897922328954250074e-03
8.878137332380900068e-03
8.865442352164262449e-03
8.861080103377732067e-03
8.865477646118046298e-03
8.878204561724263241e-03
8.898015068554844531e-03
8.922969961079078513e-03
8.950626438592203943e-03
