9.995475366221830832e-03
1.093125742127383157e-02
1.167233491308437669e-02
1.214667211485392917e-02
1.230835584674446447e-02
1.214189235507229757e-02
1.166359747093500404e-02
1.091999169776880496e-02
9.983360061290094678e-03
8.944868252534637215e-03
7.905836191644984023e-03
6.967948184406316456e-03
6.223308943605385980e-03
5.745314659360137299e-03
5.581275391804261903e-03
5.747584632360818249e-03
6.227985471484489589e-03
6.975153001113515959e-03
7.915441721885674992e-03
8.956289059959479312e-03
9.995475366221754504e-03
1.093125742127371014e-02
1.167233491308422924e-02
1.214667211485364988e-02
1.230835584674421813e-02
1.214189235507212583e-02
1.166359747093513241e-02
1.091999169776902180e-02
9.983360061290399989e-03
8.944868252534808953e-03
7.905836191645181782e-03
6.967948184406448295e-03
6.223308943605393787e-03
5.745314659360220566e-03
5.581275391804345169e-03
5.747584632360793963e-03
6.227985471484406323e-03
6.975153001113410141e-03
7.915441721885518866e-03
8.956289059959222573e-03
9.995475366221603583e-03
1.093125742127371361e-02
1.167233491308436455e-02
1.214667211485389794e-02
1.230835584674446967e-02
1.214189235507232012e-02
1.166359747093526078e-02
1.091999169776919354e-02
9.983360061290382642e-03
8.944868252534923445e-03
7.905836191645247701e-03
6.967948184406664268e-03
6.223308943605477053e-03
5.745314659360126024e-03
5.581275391804261903e-03
5.747584632360695084e-03
6.227985471484287494e-03
6.975153001113387589e-03
7.915441721885515397e-03
8.956289059959307575e-03
9.995475366221603583e-03
1.093125742127346381e-02
1.167233491308416159e-02
1.214667211485367417e-02
1.230835584674420946e-02
1.214189235507229236e-02
1.166359747093514455e-02
1.091999169776911374e-02
9.983360061290436419e-03
8.944868252534978956e-03
7.905836191645311886e-03
6.967948184406626104e-03
6.223308943605548177e-03
5.745314659360256128e-03
5.581275391804300066e-03
5.747584632360713298e-03
6.227985471484268412e-03
6.975153001113211515e-03
7.915441721885286414e-03
8.956289059959007468e-03
9.995475366221313884e-03
1.093125742127353320e-02
1.167233491308432985e-02
1.214667211485396733e-02
1.230835584674456161e-02
1.214189235507226287e-02
1.166359747093553140e-02
1.091999169776939477e-02
9.983360061290719178e-03
8.944868252534996303e-03
7.905836191645667504e-03
6.967948184406892384e-03
6.223308943605628842e-03
5.745314659360284751e-03
5.581275391804299199e-03
5.747584632360665594e-03
6.227985471484147849e-03
6.975153001113217587e-03
7.915441721885171922e-03
8.956289059958998794e-03
