8.978246064944808702e-03
9.003192932624169004e-03
9.022988426243076440e-03
9.035694830909653946e-03
9.040068371808106934e-03
9.035680957836141058e-03
9.022962078537418579e-03
9.003156756071504022e-03
8.978203670698249247e-03
8.950545390877558474e-03
8.922889283362078414e-03
8.897942504887478010e-03
8.878147013412836241e-03
8.865440535335328623e-03
8.861066885698348772e-03
8.865454209195926250e-03
8.878173062773407620e-03
8.897978445899169114e-03
8.922931666813840521e-03
8.950590116815516917e-03
8.978246375528034506e-03
9.003193239682487012e-03
9.022988729640904135e-03
9.035695130454173343e-03
9.040068667275318395e-03
9.035681248999168774e-03
9.022962365194203693e-03
9.003157038069271173e-03
8.978203947952413319e-03
8.950545663383458264e-03
8.922889551198536287e-03
8.897942768212178596e-03
8.878147272450028979e-03
8.865440790357510814e-03
8.861067137003563257e-03
8.865454457083254969e-03
8.878173307518957835e-03
8.897978687734838660e-03
8.922931905910990585e-03
8.950590353274761463e-03
8.978246609376202766e-03
9.003193470876630702e-03
9.022988958078959065e-03
9.035695355990963976e-03
9.040068889742177566e-03
9.035681468225264384e-03
9.022962581027410903e-03
9.003157250394556999e-03
8.978204156706106470e-03
8.950545868562006027e-03
8.922889752861325185e-03
8.897942966477915758e-03
8.878147467487581060e-03
8.865440982372022743e-03
8.861067326219451007e-03
8.865454643725704728e-03
8.878173491795839783e-03
8.897978869820801287e-03
8.922932085935045277e-03
8.950590531312658388e-03
8.978246785448111555e-03
9.003193644950229987e-03
9.022989130077437026e-03
9.035695525804977521e-03
9.040069057244734529e-03
9.035681633287743694e-03
9.022962743535277441e-03
9.003157410261164798e-03
8.978204313883518181e-03
8.950546023047614361e-03
8.922889904699792332e-03
8.897943115758630284e-03
8.878147614337694726e-03
8.865441126946019615e-03
8.861067468686256721e-03
8.865454784254890239e-03
8.878173630543913578e-03
8.897979006919246731e-03
8.922932221481003415e-03
8.950590665363182541e-03
8.978246918018390962e-03
9.003193776015916069e-03
9.022989259580654203e-03
9.035695653663444391e-03
9.040069183362838337e-03
9.035681757568645237e-03
9.022962865892701981e-03
9.003157530629931835e-03
8.978204432227524651e-03
8.950546139364832371e-03
8.922890019023898070e-03
8.897943228156929285e-03
8.878147724905896890e-03
8.865441235800406924e-03
8.861067575954086756e-03
8.865454890063823035e-03
8.878173735011813186e-03
8.897979110145099943e-03
8.922932323537932295e-03
8.950590766294131903e-03
