1.010937249631128562e-02
1.115287194991289831e-02
1.198067503460743984e-02
1.251176790354157665e-02
1.269421596359764440e-02
1.251022754893338709e-02
1.197786966748222437e-02
1.114927773536518278e-02
1.010554284285795565e-02
8.948780591243387511e-03
7.792155337226685206e-03
6.748828694009875728e-03
5.920904230827170149e-03
5.389442236631294784e-03
5.206518389932003610e-03
5.390106197011757146e-03
5.922291788402254606e-03
6.751005689007417120e-03
7.795110361774983294e-03
8.952349107833865172e-03
1.010937571194970262e-02
1.115287540057754469e-02
1.198067864013704735e-02
1.251177156603608051e-02
1.269421957797647882e-02
1.251023101360231211e-02
1.197787289407733873e-02
1.114928065669116598e-02
1.010554541835910307e-02
8.948782809621394843e-03
7.792157216110665030e-03
6.748830276870369446e-03
5.920905581578795283e-03
5.389443432561195901e-03
5.206519513721045468e-03
5.390107328658662669e-03
5.922292997830306237e-03
6.751007030027466466e-03
7.795111867914417819e-03
8.952350790334651434e-03
1.010937756001317051e-02
1.115287738371330446e-02
1.198068071227546480e-02
1.251177367091281176e-02
1.269422165520053478e-02
1.251023300478634748e-02
1.197787474843771058e-02
1.114928233560981072e-02
1.010554689852836800e-02
8.948784084548013981e-03
7.792158295926172873e-03
6.748831186557994154e-03
5.920906357870802522e-03
5.389444119875467371e-03
5.206520159575200347e-03
5.390107979028835317e-03
5.922293692902170885e-03
6.751007800726768586e-03
7.795112733509709443e-03
8.952351757286727135e-03
1.010937862211598592e-02
1.115287852344359204e-02
1.198068190315648707e-02
1.251177488060883913e-02
1.269422284900420701e-02
1.251023414914187101e-02
1.197787581415907764e-02
1.114928330050289629e-02
1.010554774919790455e-02
8.948784817262288652e-03
7.792158916508023538e-03
6.748831709365417375e-03
5.920906804014336965e-03
5.389444514882568184e-03
5.206520530754785679e-03
5.390108352803894831e-03
5.922294092367872721e-03
6.751008243656451101e-03
7.795113230977210664e-03
8.952352313005186232e-03
1.010937923251858245e-02
1.115287917845961610e-02
1.198068258756936934e-02
1.251177557583484264e-02
1.269422353509670059e-02
1.251023480681584879e-02
1.197787642664111842e-02
1.114928385503773274e-02
1.010554823808720165e-02
8.948785238361359196e-03
7.792159273163297428e-03
6.748832009828700101e-03
5.920907060418017370e-03
5.389444741897598222e-03
5.206520744075897322e-03
5.390108567616700395e-03
5.922294321945356481e-03
6.751008498213203514e-03
7.795113516877481136e-03
8.952352632382790457e-03
