9.328156500453715569e-03
9.659136726547204801e-03
9.921792266238276675e-03
1.009041278945278439e-02
1.014849335039985818e-02
1.009034970338730866e-02
9.921674306655491049e-03
9.658978745311469147e-03
9.327977290340820279e-03
8.961069887986882268e-03
8.594170931015134712e-03
8.263194117851931086e-03
8.000537329433772202e-03
7.831911471034590233e-03
7.773823628323733338e-03
7.831960934888221315e-03
8.000633465520271687e-03
8.263330845437368705e-03
8.594338228176730959e-03
8.961253524843556389e-03
9.328159449805844411e-03
9.659139764942644563e-03
9.921795371308241712e-03
1.009041593115895911e-02
1.014849649404608520e-02
1.009035281305410356e-02
9.921677348718717371e-03
9.658981691701231526e-03
9.327980121226127699e-03
8.961072593630253075e-03
8.594173512625277386e-03
8.263196587361463716e-03
8.000539708234591721e-03
7.831913787804765242e-03
7.773825916166744732e-03
7.831963228070018546e-03
8.000635796126301033e-03
8.263333240275822986e-03
8.594340706227381055e-03
8.961256095495131677e-03
9.328162112045661897e-03
9.659142507567872182e-03
9.921798174127657508e-03
1.009041876705815341e-02
1.014849933170586423e-02
1.009035562005077165e-02
9.921680094700215113e-03
9.658984351328895462e-03
9.327982676598187486e-03
8.961075035956058213e-03
8.594175842995066886e-03
8.263198816545734918e-03
8.000541855542799702e-03
7.831915879123657609e-03
7.773827981378009754e-03
7.831965298104955411e-03
8.000637899948039380e-03
8.263335402083946124e-03
8.594342943154918354e-03
8.961258416017383460e-03
9.328164515248611038e-03
9.659144983338833687e-03
9.921800704240056612e-03
1.009042132703571147e-02
1.014850189327649171e-02
1.009035815394527906e-02
9.921682573519276585e-03
9.658986752198834083e-03
9.327984983358583032e-03
8.961077240671088545e-03
8.594177946648537056e-03
8.263200828860070915e-03
8.000543793948584545e-03
7.831917766989016441e-03
7.773829845677466752e-03
7.831967166760569338e-03
8.000639799105329145e-03
8.263337353588298337e-03
8.594344962472648744e-03
8.961260510799382364e-03
9.328166684669863054e-03
9.659147218270387747e-03
9.921802988228438716e-03
1.009042363798562034e-02
1.014850420566605627e-02
1.009036044135239521e-02
9.921684811209877108e-03
9.658988919524132480e-03
9.327987065729953856e-03
8.961079230924635583e-03
8.594179845672221887e-03
8.263202645430373083e-03
8.000545543800498954e-03
7.831919471217529960e-03
7.773831528633113989e-03
7.831968853649382001e-03
8.000641513529534177e-03
8.263339115268395277e-03
8.594346785370597652e-03
8.961262401821823431e-03
