9.656380419145505628e-03
1.028872868491084724e-02
1.078971371482707019e-02
1.111052650707340314e-02
1.122000032307752040e-02
1.110757127541336410e-02
1.078425448837645045e-02
1.028156221626623339e-02
9.648471136994959257e-03
8.946715936303500927e-03
8.244836538880976479e-03
7.611527336371614466e-03
7.108917096821312440e-03
6.786435596112241550e-03
6.675886962543350379e-03
6.788245627978819162e-03
7.112523352341389507e-03
7.616840835640879132e-03
8.251600623754063585e-03
8.954430640690260595e-03
9.656380419145406749e-03
1.028872868491065642e-02
1.078971371482721070e-02
1.111052650707319844e-02
1.122000032307752387e-02
1.110757127541334155e-02
1.078425448837650943e-02
1.028156221626632533e-02
9.648471136995054667e-03
8.946715936303403782e-03
8.244836538880952193e-03
7.611527336371678651e-03
7.108917096821366216e-03
6.786435596112243285e-03
6.675886962543238490e-03
6.788245627978764518e-03
7.112523352341350476e-03
7.616840835640797600e-03
8.251600623754021951e-03
8.954430640690210289e-03
9.656380419145231542e-03
1.028872868491073275e-02
1.078971371482696784e-02
1.111052650707326263e-02
1.122000032307759847e-02
1.110757127541343869e-02
1.078425448837661872e-02
1.028156221626638431e-02
9.648471136995118852e-03
8.946715936303506131e-03
8.244836538880898416e-03
7.611527336371728958e-03
7.108917096821355808e-03
6.786435596112197315e-03
6.675886962543222010e-03
6.788245627978714211e-03
7.112523352341291495e-03
7.616840835640723874e-03
8.251600623753898786e-03
8.954430640690085388e-03
9.656380419145210725e-03
1.028872868491059571e-02
1.078971371482696784e-02
1.111052650707322793e-02
1.122000032307757592e-02
1.110757127541358961e-02
1.078425448837686158e-02
1.028156221626661850e-02
9.648471136995254160e-03
8.946715936303690012e-03
8.244836538881146482e-03
7.611527336371775795e-03
7.108917096821429533e-03
6.786435596112210325e-03
6.675886962543203795e-03
6.788245627978727222e-03
7.112523352341286291e-03
7.616840835640632801e-03
8.251600623753834601e-03
8.954430640689988244e-03
9.656380419145200317e-03
1.028872868491058010e-02
1.078971371482685855e-02
1.111052650707330947e-02
1.122000032307752040e-02
1.110757127541346992e-02
1.078425448837664648e-02
1.028156221626649533e-02
9.648471136995300998e-03
8.946715936303821851e-03
8.244836538881290464e-03
7.611527336371911104e-03
7.108917096821492851e-03
6.786435596112352572e-03
6.675886962543350379e-03
6.788245627978706405e-03
7.112523352341179605e-03
7.616840835640638005e-03
8.251600623753747865e-03
8.954430640689934467e-03
