8.978242367323696627e-03
9.003190030071583569e-03
9.022986565983420054e-03
9.035694157501619750e-03
9.040068911234100391e-03
9.035682614195975071e-03
9.022964643960974460e-03
9.003159932680736624e-03
8.978207101852476307e-03
8.950548697846994611e-03
8.922892103167111982e-03
8.897944525308128239e-03
8.878148001940989673e-03
8.865440359851524052e-03
8.861065525645554428e-03
8.865451756828797436e-03
8.878169714652762307e-03
8.897974485263904915e-03
8.922927437940314857e-03
8.950585993077648378e-03
8.978242723612165840e-03
9.003190383168756597e-03
9.022986915715488013e-03
9.035694503627430055e-03
9.040069253474697364e-03
9.035682952267098250e-03
9.022964977605277617e-03
9.003160261696540809e-03
8.978207426116475640e-03
8.950549017328796736e-03
8.922892417934313869e-03
8.897944835521757329e-03
8.878148307842016404e-03
8.865440661739823133e-03
8.861065823853542245e-03
8.865452051692692889e-03
8.878170006483870197e-03
8.897974774323035713e-03
8.922927724417660175e-03
8.950586277079893710e-03
8.978243005157942117e-03
9.003190662192676885e-03
9.022987192080259358e-03
9.035694777142491349e-03
9.040069523919610356e-03
9.035683219417214515e-03
9.022965241257219909e-03
9.003160521690981716e-03
8.978207682355963601e-03
8.950549269789312770e-03
8.922892666669259704e-03
8.897945080658385339e-03
8.878148549570743717e-03
8.865440900297593893e-03
8.861066059503092465e-03
8.865452284699667715e-03
8.878170237094253417e-03
8.897975002742943701e-03
8.922927950797387639e-03
8.950586501503751680e-03
8.978243227640641047e-03
9.003190882682582732e-03
9.022987410468861699e-03
9.035694993279195369e-03
9.040069737630208185e-03
9.035683430524197104e-03
9.022965449599870333e-03
9.003160727143376396e-03
8.978207884841134592e-03
8.950549469288254442e-03
8.922892863224177878e-03
8.897945274369888774e-03
8.878148740589278040e-03
8.865441088810386075e-03
8.861066245717738599e-03
8.865452468826114443e-03
8.878170419326881710e-03
8.897975183244618072e-03
8.922928129686886339e-03
8.950586678847672478e-03
8.978243403450641286e-03
9.003191056917832225e-03
9.022987583043625207e-03
9.035695164074458718e-03
9.040069906508315864e-03
9.035683597344881107e-03
9.022965614236145432e-03
9.003160889495735383e-03
8.978208044848723368e-03
8.950549626936069383e-03
8.922893018545575983e-03
8.897945427444335989e-03
8.878148891535677517e-03
8.865441237776690644e-03
8.861066392868016672e-03
8.865452614326255892e-03
8.878170563330506707e-03
8.897975325880415343e-03
8.922928271048714832e-03
8.950586818988174112e-03
