1.010783030456614828e-02
1.115156952474716592e-02
1.197982689580922612e-02
1.251152911064737881e-02
1.269463848517417282e-02
1.251124332857468310e-02
1.197930656301906052e-02
1.115090322280464126e-02
1.010712095075433879e-02
8.950123445610774775e-03
7.793153413676768768e-03
6.749452289723235389e-03
5.921179544866734569e-03
5.389414644383160036e-03
5.206219554116352406e-03
5.389539104112767501e-03
5.921439713326998727e-03
6.749860679249716257e-03
7.793708197386440412e-03
8.950794252619029626e-03
1.010784293736524848e-02
1.115158339257921356e-02
1.197984171942213794e-02
1.251154451505142803e-02
1.269465403716234578e-02
1.251125857953692445e-02
1.197932109282525553e-02
1.115091668047145206e-02
1.010713308796854816e-02
8.950134139918653267e-03
7.793162679185439840e-03
6.749460274397846120e-03
5.921186514819327083e-03
5.389420956809232340e-03
5.206225621625886271e-03
5.389545354011959430e-03
5.921446545866630023e-03
6.749868428918330554e-03
7.793717100992068360e-03
8.950804427204979430e-03
1.010785437001719342e-02
1.115159594300031871e-02
1.197985513489713966e-02
1.251155845621729386e-02
1.269466811196306132e-02
1.251127238197062390e-02
1.197933424265943542e-02
1.115092886004830260e-02
1.010714407254641525e-02
8.950143818660452610e-03
7.793171064846574070e-03
6.749467500881734840e-03
5.921192822959853511e-03
5.389426669878892052e-03
5.206231113054123755e-03
5.389551010533517005e-03
5.921452729733555492e-03
6.749875442867485538e-03
7.793725159355601242e-03
8.950813635921574252e-03
1.010786471740515551e-02
1.115160730208639671e-02
1.197986727695948481e-02
1.251157107410828979e-02
1.269468085084088718e-02
1.251128487436806158e-02
1.197934614442996287e-02
1.115093988367859071e-02
1.010715401461876814e-02
8.950152578850713303e-03
7.793178654693016377e-03
6.749474041574439302e-03
5.921198532472798405e-03
5.389431840803321147e-03
5.206236083380731509e-03
5.389556130297934976e-03
5.921458326814199070e-03
6.749881791276547867e-03
7.793732453090858499e-03
8.950821970872865907e-03
1.010787408300263188e-02
1.115161758340767022e-02
1.197987826698625538e-02
1.251158249483663200e-02
1.269469238109601286e-02
1.251129618154620503e-02
1.197935691703386728e-02
1.115094986147000151e-02
1.010716301347560839e-02
8.950160507963296833e-03
7.793185524501703570e-03
6.749479961769062897e-03
5.921203700346425701e-03
5.389436521188260137e-03
5.206240582203184968e-03
5.389560764387622480e-03
5.921463392946547770e-03
6.749887537471767167e-03
7.793739054945442342e-03
8.950829515182518598e-03
