9.659389809552132791e-03
1.029315248014636697e-02
1.079517442225723378e-02
1.111644427186637973e-02
1.122568864829719994e-02
1.111236666986718281e-02
1.078764351047789734e-02
1.028326988941107197e-02
9.648487648164540131e-03
8.945259123295459455e-03
8.242268434793845536e-03
7.608256520829090666e-03
7.105320094683186677e-03
6.782819822104081686e-03
6.672499063378880407e-03
6.785309841643451766e-03
7.110282244229083025e-03
7.615570349512490456e-03
8.251583014016437151e-03
8.955887921173943597e-03
9.659389809551992279e-03
1.029315248014630452e-02
1.079517442225717827e-02
1.111644427186633290e-02
1.122568864829719994e-02
1.111236666986722792e-02
1.078764351047795805e-02
1.028326988941116391e-02
9.648487648164618194e-03
8.945259123295579151e-03
8.242268434793918394e-03
7.608256520829153983e-03
7.105320094683259535e-03
6.782819822104121585e-03
6.672499063378880407e-03
6.785309841643427479e-03
7.110282244228914757e-03
7.615570349512289228e-03
8.251583014016190820e-03
8.955887921173570632e-03
9.659389809551721662e-03
1.029315248014599053e-02
1.079517442225697531e-02
1.111644427186615769e-02
1.122568864829700565e-02
1.111236666986702842e-02
1.078764351047779499e-02
1.028326988941114656e-02
9.648487648164451660e-03
8.945259123295482007e-03
8.242268434794022477e-03
7.608256520829244189e-03
7.105320094683417395e-03
6.782819822104235209e-03
6.672499063378951531e-03
6.785309841643439623e-03
7.110282244229013636e-03
7.615570349512425403e-03
8.251583014016291434e-03
8.955887921173778798e-03
9.659389809551806663e-03
1.029315248014592288e-02
1.079517442225707245e-02
1.111644427186617157e-02
1.122568864829697616e-02
1.111236666986709608e-02
1.078764351047800316e-02
1.028326988941145013e-02
9.648487648164736155e-03
8.945259123295636397e-03
8.242268434794173398e-03
7.608256520829238118e-03
7.105320094683409589e-03
6.782819822104295057e-03
6.672499063378980154e-03
6.785309841643544573e-03
7.110282244229089096e-03
7.615570349512421067e-03
8.251583014016237658e-03
8.955887921173744104e-03
9.659389809551855235e-03
1.029315248014609809e-02
1.079517442225721470e-02
1.111644427186633637e-02
1.122568864829722075e-02
1.111236666986731986e-02
1.078764351047816622e-02
1.028326988941157850e-02
9.648487648164807279e-03
8.945259123295743950e-03
8.242268434794169929e-03
7.608256520829270210e-03
7.105320094683417395e-03
6.782819822104208321e-03
6.672499063378882142e-03
6.785309841643314722e-03
7.110282244228857511e-03
7.615570349512139174e-03
8.251583014015920203e-03
8.955887921173358995e-03
