9.667348309522967240e-03
1.030434846645584060e-02
1.080986396828756413e-02
1.113441172687499627e-02
1.124622392022992141e-02
1.113435720206631778e-02
1.080976329978061354e-02
1.030421643754043416e-02
9.667202784269289875e-03
8.961076512098693422e-03
8.254956582308068877e-03
7.617961513277183259e-03
7.112444124199058908e-03
6.787888276452727632e-03
6.676064939021108917e-03
6.787921777739390830e-03
7.112510907659314735e-03
7.618060001944084933e-03
8.255082118273441780e-03
8.961219934436279524e-03
9.667350163911455491e-03
1.030435043813951283e-02
1.080986603159161605e-02
1.113441384689269065e-02
1.124622605627785370e-02
1.113435931168661394e-02
1.080976534289641508e-02
1.030421838035856796e-02
9.667204602550575829e-03
8.961078193479736498e-03
8.254958127452504887e-03
7.617962935749979930e-03
7.112445449081949804e-03
6.787889537842335848e-03
6.676066176658726307e-03
6.787923033106027862e-03
7.112512219919263877e-03
7.618061404134008133e-03
8.255083634107516360e-03
8.961221576036801709e-03
9.667351930681794894e-03
1.030435231688416227e-02
1.080986799786585149e-02
1.113441586744403147e-02
1.124622809233600564e-02
1.113436132277654568e-02
1.080976729079989075e-02
1.030422023283682383e-02
9.667206336465700156e-03
8.961079797013025289e-03
8.254959601207513542e-03
7.617964292637484196e-03
7.112446713004179702e-03
6.787890741309946137e-03
6.676067357578242129e-03
6.787924231055112410e-03
7.112513472275831285e-03
7.618062742437671335e-03
8.255085081007739259e-03
8.961223143122937912e-03
9.667353617403116536e-03
1.030435411066037317e-02
1.080986987537156489e-02
1.113441779693687649e-02
1.124623003679591296e-02
1.113436324354615155e-02
1.080976915136827414e-02
1.030422200239640776e-02
9.667207992896297009e-03
8.961081329004014218e-03
8.254961009314965362e-03
7.617965589178116864e-03
7.112447920801128094e-03
6.787891891418317523e-03
6.676068486217004438e-03
6.787925376048151160e-03
7.112514669352146962e-03
7.618064021752363711e-03
8.255086464222785234e-03
8.961224641330416130e-03
9.667355230089710177e-03
1.030435582580992160e-02
1.080987167069071345e-02
1.113441964207890350e-02
1.124623189636123934e-02
1.113436508056298187e-02
1.080977093091132005e-02
1.030422369498993317e-02
9.667209577369712328e-03
8.961082794523999098e-03
8.254962356399336496e-03
7.617966829596558437e-03
7.112449076377708700e-03
6.787892991857186024e-03
6.676069566168148575e-03
6.787926471702706958e-03
7.112515814901842863e-03
7.618065246059685901e-03
8.255087788025956483e-03
8.961226075253887410e-03
