1.005000000000000560e+00;2.616053945854014628e+00
1.010000000000000453e+00;2.887035293729200980e+00
1.015000000000000346e+00;3.075683971345986922e+00
1.020000000000000240e+00;3.166590013337159171e+00
1.025000000000000133e+00;3.156358985465256506e+00
1.030000000000000027e+00;3.051750292680353471e+00
1.034999999999999920e+00;2.866889830702237241e+00
1.039999999999999813e+00;2.620575950514961061e+00
1.044999999999999707e+00;2.334303488178023134e+00
1.049999999999999600e+00;2.031148590709391133e+00
1.054999999999999494e+00;1.735255922627981562e+00
1.059999999999999387e+00;1.471423917321288855e+00
1.064999999999999281e+00;1.264213906278762956e+00
1.069999999999999174e+00;1.136130621611715075e+00
1.074999999999999067e+00;1.104751917324361399e+00
1.079999999999998961e+00;1.179196403718793196e+00
1.084999999999998854e+00;1.356867349883234874e+00
1.089999999999998748e+00;1.621732673987110518e+00
1.094999999999998641e+00;1.945216495430329484e+00
1.099999999999998535e+00;2.290012159094873212e+00
1.104999999999998428e+00;2.616054158711629274e+00
1.109999999999998321e+00;2.887035513827295841e+00
1.114999999999998215e+00;3.075684190540094676e+00
1.119999999999998108e+00;3.166590223851386554e+00
1.124999999999998002e+00;3.156359180863657077e+00
1.129999999999997895e+00;3.051750468395744154e+00
1.134999999999997788e+00;2.866889984155559734e+00
1.139999999999997682e+00;2.620576080943993080e+00
1.144999999999997575e+00;2.334303596317458318e+00
1.149999999999997469e+00;2.031148678439055555e+00
1.154999999999997362e+00;1.735255992659610724e+00
1.159999999999997256e+00;1.471423972945107961e+00
1.164999999999997149e+00;1.264213951153822624e+00
1.169999999999997042e+00;1.136130659563389100e+00
1.174999999999996936e+00;1.104751952112536628e+00
1.179999999999996829e+00;1.179196438760147458e+00
1.184999999999996723e+00;1.356867387946344428e+00
1.189999999999996616e+00;1.621732716915047501e+00
1.194999999999996509e+00;1.945216543964687794e+00
1.199999999999996403e+00;2.290012212862708285e+00
1.204999999999996296e+00;2.616054216393863374e+00
1.209999999999996190e+00;2.887035573471658623e+00
1.214999999999996083e+00;3.075684249939508952e+00
1.219999999999995977e+00;3.166590280898659238e+00
1.224999999999995870e+00;3.156359233814715282e+00
1.229999999999995763e+00;3.051750516012939229e+00
1.234999999999995657e+00;2.866890025739955217e+00
1.239999999999995550e+00;2.620576116289049740e+00
1.244999999999995444e+00;2.334303625622249356e+00
1.249999999999995337e+00;2.031148702212990820e+00
1.254999999999995230e+00;1.735256011637573703e+00
1.259999999999995124e+00;1.471423988018673468e+00
1.264999999999995017e+00;1.264213963314559930e+00
1.269999999999994911e+00;1.136130669847940977e+00
1.274999999999994804e+00;1.104751961539777616e+00
1.279999999999994698e+00;1.179196448255964258e+00
1.284999999999994591e+00;1.356867398260988899e+00
1.289999999999994484e+00;1.621732728548000102e+00
1.294999999999994378e+00;1.945216557116913991e+00
1.299999999999994271e+00;2.290012227433160241e+00
1.304999999999994165e+00;2.616054232025093906e+00
1.309999999999994058e+00;2.887035589634630028e+00
1.314999999999993952e+00;3.075684266036148529e+00
1.319999999999993845e+00;3.166590296357922885e+00
1.324999999999993738e+00;3.156359248163963294e+00
1.329999999999993632e+00;3.051750528916783445e+00
1.334999999999993525e+00;2.866890037008988035e+00
1.339999999999993419e+00;2.620576125867278616e+00
1.344999999999993312e+00;2.334303633563674651e+00
1.349999999999993205e+00;2.031148708655595492e+00
1.354999999999993099e+00;1.735256016780490684e+00
1.359999999999992992e+00;1.471423992103551015e+00
1.364999999999992886e+00;1.264213966610058693e+00
1.369999999999992779e+00;1.136130672634978911e+00
1.374999999999992673e+00;1.104751964094460970e+00
1.379999999999992566e+00;1.179196450829196330e+00
1.384999999999992459e+00;1.356867401056096156e+00
1.389999999999992353e+00;1.621732731700343821e+00
1.394999999999992246e+00;1.945216560680937290e+00
1.399999999999992140e+00;2.290012231381548968e+00
1.404999999999992033e+00;2.616054236260960231e+00
1.409999999999991926e+00;2.887035594014594864e+00
1.414999999999991820e+00;3.075684270398148179e+00
1.419999999999991713e+00;3.166590300547237113e+00
1.424999999999991607e+00;3.156359252052510556e+00
1.429999999999991500e+00;3.051750532413652461e+00
1.434999999999991394e+00;2.866890040062855416e+00
1.439999999999991287e+00;2.620576128462997811e+00
1.444999999999991180e+00;2.334303635715787362e+00
1.449999999999991074e+00;2.031148710401561530e+00
1.454999999999990967e+00;1.735256018174273107e+00
1.459999999999990861e+00;1.471423993210574155e+00
1.464999999999990754e+00;1.264213967503147629e+00
1.469999999999990647e+00;1.136130673390271628e+00
1.474999999999990541e+00;1.104751964786749863e+00
1.479999999999990434e+00;1.179196451526481670e+00
1.484999999999990328e+00;1.356867401813469431e+00
1.489999999999990221e+00;1.621732732554492129e+00
1.494999999999990115e+00;1.945216561646676334e+00
1.499999999999990008e+00;2.290012232451418939e+00
1.504999999999989901e+00;2.616054237408731886e+00
1.509999999999989795e+00;2.887035595201450366e+00
1.514999999999989688e+00;3.075684271580163998e+00
1.519999999999989582e+00;3.166590301682490338e+00
1.524999999999989475e+00;3.156359253106292506e+00
1.529999999999989369e+00;3.051750533361341944e+00
1.534999999999989262e+00;2.866890040890513802e+00
1.539999999999989155e+00;2.620576129166512835e+00
1.544999999999989049e+00;2.334303636299136286e+00
1.549999999999988942e+00;2.031148710874829622e+00
1.554999999999988836e+00;1.735256018552063129e+00
1.559999999999988729e+00;1.471423993510660111e+00
1.564999999999988622e+00;1.264213967745238421e+00
1.569999999999988516e+00;1.136130673594970775e+00
1.574999999999988409e+00;1.104751964974347134e+00
1.579999999999988303e+00;1.179196451715395888e+00
1.584999999999988196e+00;1.356867402018649083e+00
1.589999999999988090e+00;1.621732732785877706e+00
1.594999999999987983e+00;1.945216561908238884e+00
1.599999999999987876e+00;2.290012232741220011e+00
1.604999999999987770e+00;2.616054237719696030e+00
1.609999999999987663e+00;2.887035595523010478e+00
1.614999999999987557e+00;3.075684271900431366e+00
1.619999999999987450e+00;3.166590301990118927e+00
1.624999999999987343e+00;3.156359253391867625e+00
1.629999999999987237e+00;3.051750533618195149e+00
1.634999999999987130e+00;2.866890041114882770e+00
1.639999999999987024e+00;2.620576129357264250e+00
1.644999999999986917e+00;2.334303636457295550e+00
1.649999999999986811e+00;2.031148711003165186e+00
1.654999999999986704e+00;1.735256018654534049e+00
1.659999999999986597e+00;1.471423993592039903e+00
1.664999999999986491e+00;1.264213967810886796e+00
1.669999999999986384e+00;1.136130673650479261e+00
1.674999999999986278e+00;1.104751965025183802e+00
1.679999999999986171e+00;1.179196451766561404e+00
1.684999999999986064e+00;1.356867402074177553e+00
1.689999999999985958e+00;1.621732732848481406e+00
1.694999999999985851e+00;1.945216561979051129e+00
1.699999999999985745e+00;2.290012232819675475e+00
1.704999999999985638e+00;2.616054237803850491e+00
1.709999999999985532e+00;2.887035595610083494e+00
1.714999999999985425e+00;3.075684271987184193e+00
1.719999999999985318e+00;3.166590302073463814e+00
1.724999999999985212e+00;3.156359253469280812e+00
1.729999999999985105e+00;3.051750533687846989e+00
1.734999999999984999e+00;2.866890041175752302e+00
1.739999999999984892e+00;2.620576129409031729e+00
1.744999999999984786e+00;2.334303636500259849e+00
1.749999999999984679e+00;2.031148711038054167e+00
1.754999999999984572e+00;1.735256018682399315e+00
1.759999999999984466e+00;1.471423993614195735e+00
1.764999999999984359e+00;1.264213967828756280e+00
1.769999999999984253e+00;1.136130673665554980e+00
1.774999999999984146e+00;1.104751965038965000e+00
1.779999999999984039e+00;1.179196451780395227e+00
1.784999999999983933e+00;1.356867402089175112e+00
1.789999999999983826e+00;1.621732732865370785e+00
1.794999999999983720e+00;1.945216561998109661e+00
1.799999999999983613e+00;2.290012232840799022e+00
1.804999999999983507e+00;2.616054237826568318e+00
1.809999999999983400e+00;2.887035595633594465e+00
1.814999999999983293e+00;3.075684272010650755e+00
1.819999999999983187e+00;3.166590302096053300e+00
1.824999999999983080e+00;3.156359253490281347e+00
1.829999999999982974e+00;3.051750533706771851e+00
1.834999999999982867e+00;2.866890041192322158e+00
1.839999999999982760e+00;2.620576129423164424e+00
1.844999999999982654e+00;2.334303636512010893e+00
1.849999999999982547e+00;2.031148711047614075e+00
1.854999999999982441e+00;1.735256018690061186e+00
1.859999999999982334e+00;1.471423993620259330e+00
1.864999999999982228e+00;1.264213967833650143e+00
1.869999999999982121e+00;1.136130673669667690e+00
1.874999999999982014e+00;1.104751965042690243e+00
1.879999999999981908e+00;1.179196451784108479e+00
1.884999999999981801e+00;1.356867402093156594e+00
1.889999999999981695e+00;1.621732732869839655e+00
1.894999999999981588e+00;1.945216562003189820e+00
1.899999999999981481e+00;2.290012232846402096e+00
1.904999999999981375e+00;2.616054237832599050e+00
1.909999999999981268e+00;2.887035595639912078e+00
1.914999999999981162e+00;3.075684272016992793e+00
1.919999999999981055e+00;3.166590302102174626e+00
1.924999999999980949e+00;3.156359253496012318e+00
1.929999999999980842e+00;3.051750533711952595e+00
1.934999999999980735e+00;2.866890041196889616e+00
1.939999999999980629e+00;2.620576129427079071e+00
1.944999999999980522e+00;2.334303636515292713e+00
1.949999999999980416e+00;2.031148711050310585e+00
1.954999999999980309e+00;1.735256018692233004e+00
1.959999999999980203e+00;1.471423993621986392e+00
1.964999999999980096e+00;1.264213967835032593e+00
1.969999999999979989e+00;1.136130673670807445e+00
1.974999999999979883e+00;1.104751965043698991e+00
1.979999999999979776e+00;1.179196451785071931e+00
1.984999999999979670e+00;1.356867402094178887e+00
1.989999999999979563e+00;1.621732732870967419e+00
1.994999999999979456e+00;1.945216562004443484e+00
1.999999999999979350e+00;2.290012232847835172e+00
