1.005000000000000560e+00;1.034480461032008525e-02
1.010000000000000453e+00;1.159355032220791767e-02
1.015000000000000346e+00;1.258442239209993721e-02
1.020000000000000240e+00;1.322043394025023376e-02
1.025000000000000133e+00;1.343935165011997043e-02
1.030000000000000027e+00;1.321977846961045443e-02
1.034999999999999920e+00;1.258323583587775407e-02
1.039999999999999813e+00;1.159204628899134122e-02
1.044999999999999707e+00;1.034322783415604109e-02
1.049999999999999600e+00;8.958999653565967447e-03
1.054999999999999494e+00;7.574827577238245173e-03
1.059999999999999387e+00;6.326176017182678218e-03
1.064999999999999281e+00;5.335258490941283127e-03
1.069999999999999174e+00;4.699079589377589371e-03
1.074999999999999067e+00;4.479936983029244278e-03
1.079999999999998961e+00;4.699314152502543154e-03
1.084999999999998854e+00;5.335765153460896894e-03
1.089999999999998748e+00;6.327003159699170869e-03
1.094999999999998641e+00;7.575992442696714499e-03
1.099999999999998535e+00;8.960449405391658281e-03
1.104999999999998428e+00;1.034482168673222374e-02
1.109999999999998321e+00;1.159356924860315864e-02
1.114999999999998215e+00;1.258444270919140823e-02
1.119999999999998108e+00;1.322045504841480416e-02
1.124999999999998002e+00;1.343937287080366333e-02
1.129999999999997895e+00;1.321979911301838194e-02
1.134999999999997788e+00;1.258325526824391472e-02
1.139999999999997682e+00;1.159206399292038447e-02
1.144999999999997575e+00;1.034324345634970825e-02
1.149999999999997469e+00;8.959013035598047126e-03
1.154999999999997362e+00;7.574838766777961842e-03
1.159999999999997256e+00;6.326185259013067733e-03
1.164999999999997149e+00;5.335266199084256859e-03
1.169999999999997042e+00;4.699086303433392016e-03
1.174999999999996936e+00;4.479943313297556420e-03
1.179999999999996829e+00;4.699320719440181794e-03
1.184999999999996723e+00;5.335772527464666473e-03
1.189999999999996616e+00;6.327011807045832513e-03
1.194999999999996509e+00;7.576002682753326181e-03
1.199999999999996403e+00;8.960461383007461977e-03
1.204999999999996296e+00;1.034483536216424318e-02
1.209999999999996190e+00;1.159358440557130623e-02
1.214999999999996083e+00;1.258445897988158708e-02
1.219999999999995977e+00;1.322047195262626533e-02
1.224999999999995870e+00;1.343938986512490524e-02
1.229999999999995763e+00;1.321981564503564924e-02
1.234999999999995657e+00;1.258327083041358221e-02
1.239999999999995550e+00;1.159207817089273444e-02
1.244999999999995444e+00;1.034325596719017255e-02
1.249999999999995337e+00;8.959023752432933654e-03
1.254999999999995230e+00;7.574847727782592875e-03
1.259999999999995124e+00;6.326192660218723889e-03
1.264999999999995017e+00;5.335272372055298307e-03
1.269999999999994911e+00;4.699091680302044591e-03
1.274999999999994804e+00;4.479948382814724454e-03
1.279999999999994698e+00;4.699325978491039786e-03
1.284999999999994591e+00;5.335778432844480966e-03
1.289999999999994484e+00;6.327018732166584530e-03
1.294999999999994378e+00;7.576010883376187513e-03
1.299999999999994271e+00;8.960470975133187632e-03
1.304999999999994165e+00;1.034484631396521102e-02
1.309999999999994058e+00;1.159359654384227965e-02
1.314999999999993952e+00;1.258447201006317184e-02
1.319999999999993845e+00;1.322048549015565101e-02
1.324999999999993738e+00;1.343940347481765996e-02
1.329999999999993632e+00;1.321982888449805410e-02
1.334999999999993525e+00;1.258328329318554768e-02
1.339999999999993419e+00;1.159208952514730918e-02
1.344999999999993312e+00;1.034326598634288837e-02
1.349999999999993205e+00;8.959032334878325177e-03
1.354999999999993099e+00;7.574854904092847251e-03
1.359999999999992992e+00;6.326198587383340642e-03
1.364999999999992886e+00;5.335277315603277268e-03
1.369999999999992779e+00;4.699095986301179105e-03
1.374999999999992673e+00;4.479952442675183555e-03
1.379999999999992566e+00;4.699330190137168857e-03
1.384999999999992459e+00;5.335783162095179485e-03
1.389999999999992353e+00;6.327024278064306492e-03
1.394999999999992246e+00;7.576017450743960380e-03
1.399999999999992140e+00;8.960478656868973296e-03
1.404999999999992033e+00;1.034485508458025255e-02
1.409999999999991926e+00;1.159360626462720839e-02
1.414999999999991820e+00;1.258448244512377912e-02
1.419999999999991713e+00;1.322049633151952883e-02
1.424999999999991607e+00;1.343941437397273148e-02
1.429999999999991500e+00;1.321983948715872714e-02
1.434999999999991394e+00;1.258329327384328025e-02
1.439999999999991287e+00;1.159209861806267949e-02
1.444999999999991180e+00;1.034327401005814655e-02
1.449999999999991074e+00;8.959039208024328904e-03
1.454999999999990967e+00;7.574860651152912940e-03
1.459999999999990861e+00;6.326203334080256376e-03
1.464999999999990754e+00;5.335281274582920515e-03
1.469999999999990647e+00;4.699099434707707315e-03
1.474999999999990541e+00;4.479955693964508996e-03
1.479999999999990434e+00;4.699333562982191230e-03
1.484999999999990328e+00;5.335786949457348161e-03
1.489999999999990221e+00;6.327028719428117939e-03
1.494999999999990115e+00;7.576022710139712624e-03
1.499999999999990008e+00;8.960484808692539480e-03
1.504999999999989901e+00;1.034486210841928377e-02
1.509999999999989795e+00;1.159361404939823585e-02
1.514999999999989688e+00;1.258449080191375614e-02
1.519999999999989582e+00;1.322050501369253020e-02
1.524999999999989475e+00;1.343942310242714211e-02
1.529999999999989369e+00;1.321984797816935092e-02
1.534999999999989262e+00;1.258330126673050213e-02
1.539999999999989155e+00;1.159210590001231479e-02
1.544999999999989049e+00;1.034328043575218591e-02
1.549999999999988942e+00;8.959044712298986496e-03
1.554999999999988836e+00;7.574865253615361421e-03
1.559999999999988729e+00;6.326207135414361506e-03
1.564999999999988622e+00;5.335284445083274957e-03
1.569999999999988516e+00;4.699102196321716836e-03
1.574999999999988409e+00;4.479958297719644975e-03
1.579999999999988303e+00;4.699336264083632704e-03
1.584999999999988196e+00;5.335789982519829888e-03
1.589999999999988090e+00;6.327032276239793855e-03
1.594999999999987983e+00;7.576026922061989723e-03
1.599999999999987876e+00;8.960489735304763559e-03
1.604999999999987770e+00;1.034486773337452668e-02
1.609999999999987663e+00;1.159362028373640482e-02
1.614999999999987557e+00;1.258449749434628791e-02
1.619999999999987450e+00;1.322051196670407866e-02
1.624999999999987343e+00;1.343943009250263970e-02
1.629999999999987237e+00;1.321985477809089343e-02
1.634999999999987130e+00;1.258330766773609229e-02
1.639999999999987024e+00;1.159211173167229610e-02
1.644999999999986917e+00;1.034328558169029903e-02
1.649999999999986811e+00;8.959049120329836552e-03
1.654999999999986704e+00;7.574868939441091117e-03
1.659999999999986597e+00;6.326210179666070729e-03
1.664999999999986491e+00;5.335286984139529266e-03
1.669999999999986384e+00;4.699104407926439110e-03
1.674999999999986278e+00;4.479960382904943708e-03
1.679999999999986171e+00;4.699338427227524144e-03
1.684999999999986064e+00;5.335792411510505151e-03
1.689999999999985958e+00;6.327035124668512443e-03
1.694999999999985851e+00;7.576030295128164185e-03
1.699999999999985745e+00;8.960493680721571055e-03
1.704999999999985638e+00;1.034487223805055124e-02
1.709999999999985532e+00;1.159362527642940344e-02
1.714999999999985425e+00;1.258450285389858293e-02
1.719999999999985318e+00;1.322051753493787632e-02
1.724999999999985212e+00;1.343943569041868187e-02
1.729999999999985105e+00;1.321986022372450068e-02
1.734999999999984999e+00;1.258331279390281429e-02
1.739999999999984892e+00;1.159211640188561113e-02
1.744999999999984786e+00;1.034328970275174599e-02
1.749999999999984679e+00;8.959052650447286645e-03
1.754999999999984572e+00;7.574871891189325843e-03
1.759999999999984466e+00;6.326212617617826134e-03
1.764999999999984359e+00;5.335289017511656191e-03
1.769999999999984253e+00;4.699106179062894489e-03
1.774999999999984146e+00;4.479962052799955907e-03
1.779999999999984039e+00;4.699340159554647907e-03
1.784999999999983933e+00;5.335794356737826385e-03
1.789999999999983826e+00;6.327037405797627904e-03
1.794999999999983720e+00;7.576032996406525770e-03
1.799999999999983613e+00;8.960496840359880727e-03
1.804999999999983507e+00;1.034487584556498599e-02
1.809999999999983400e+00;1.159362927476608948e-02
1.814999999999983293e+00;1.258450714603005435e-02
1.819999999999983187e+00;1.322052199418947971e-02
1.824999999999983080e+00;1.343944017344096860e-02
1.829999999999982974e+00;1.321986458479335914e-02
1.834999999999982867e+00;1.258331689913051547e-02
1.839999999999982760e+00;1.159212014196865821e-02
1.844999999999982654e+00;1.034329300305328499e-02
1.849999999999982547e+00;8.959055477498584566e-03
1.854999999999982441e+00;7.574874255060857521e-03
1.859999999999982334e+00;6.326214570021546600e-03
1.864999999999982228e+00;5.335290645912786275e-03
1.869999999999982121e+00;4.699107597455833181e-03
1.874999999999982014e+00;4.479963390114862290e-03
1.879999999999981908e+00;4.699341546867540076e-03
1.884999999999981801e+00;5.335795914549095256e-03
1.889999999999981695e+00;6.327039232611694243e-03
1.894999999999981588e+00;7.576035159692129373e-03
1.899999999999981481e+00;8.960499370717295645e-03
1.904999999999981375e+00;1.034487873459840300e-02
1.909999999999981268e+00;1.159363247678492879e-02
1.914999999999981162e+00;1.258451058333085078e-02
1.919999999999981055e+00;1.322052556532632081e-02
1.924999999999980949e+00;1.343944376361433206e-02
1.929999999999980842e+00;1.321986807730180652e-02
1.934999999999980735e+00;1.258332018675181047e-02
1.939999999999980629e+00;1.159212313716836626e-02
1.944999999999980522e+00;1.034329564605939410e-02
1.949999999999980416e+00;8.959057741508043640e-03
1.954999999999980309e+00;7.574876148138431561e-03
1.959999999999980203e+00;6.326216133580241444e-03
1.964999999999980096e+00;5.335291949997929967e-03
1.969999999999979989e+00;4.699108733358429990e-03
1.974999999999979883e+00;4.479964461087098532e-03
1.979999999999979776e+00;4.699342657879976640e-03
1.984999999999979670e+00;5.335797162103121487e-03
1.989999999999979563e+00;6.327040695593296425e-03
1.994999999999979456e+00;7.576036892132617315e-03
1.999999999999979350e+00;8.960501397122941358e-03
