1.940351217527660488e+00;9.335894527419332997e-03
1.950004706172076663e+00;9.674813351679892662e-03
1.959658194816492838e+00;9.943732124688183655e-03
1.969311683460909013e+00;1.011632829075825336e-02
1.978965172105325188e+00;1.017571040671755127e-02
1.988618660749741363e+00;1.011607027081939773e-02
1.998272149394157537e+00;9.943249741297101318e-03
2.007925638038573712e+00;9.674167420781755802e-03
2.017579126682989887e+00;9.335161889652530270e-03
2.027232615327406062e+00;8.959413914723423147e-03
2.036886103971822237e+00;8.583699807923636169e-03
2.046539592616238412e+00;8.244793233450734699e-03
2.056193081260654587e+00;7.975867019308338982e-03
2.065846569905070762e+00;7.803246625980823394e-03
2.075500058549486937e+00;7.743832814636272474e-03
2.085153547193903112e+00;7.803445959419024261e-03
2.094807035838319287e+00;7.976254579485347190e-03
2.104460524482735462e+00;8.245344690490850198e-03
2.114114013127151637e+00;8.584374806653340129e-03
2.123767501771567812e+00;8.960154841068324050e-03
2.133420990415983987e+00;9.335896306102155554e-03
2.143074479060400162e+00;9.674815156033243421e-03
2.152727967704816336e+00;9.943733940055855813e-03
2.162381456349232511e+00;1.011633009865682727e-02
2.172034944993648686e+00;1.017571218684738821e-02
2.181688433638064861e+00;1.011607200316455742e-02
2.191341922282481036e+00;9.943251408108691111e-03
2.200995410926897211e+00;9.674169008258343486e-03
2.210648899571313386e+00;9.335163389168994394e-03
2.220302388215729561e+00;8.959415323508542958e-03
2.229955876860145736e+00;8.583701129145119083e-03
2.239609365504561911e+00;8.244794475723736180e-03
2.249262854148978086e+00;7.975868195699002683e-03
2.258916342793394261e+00;7.803247752621977895e-03
2.268569831437810436e+00;7.743833909104201954e-03
2.278223320082226611e+00;7.803447039037797982e-03
2.287876808726642786e+00;7.976255659724727776e-03
2.297530297371058960e+00;8.245345783608238471e-03
2.307183786015475135e+00;8.584375920700555718e-03
2.316837274659891310e+00;8.960155979343508229e-03
2.326490763304307485e+00;9.335897467081260073e-03
2.336144251948723660e+00;9.674816333767927504e-03
2.345797740593139835e+00;9.943735124979785622e-03
2.355451229237556010e+00;1.011633127870556828e-02
2.365104717881972185e+00;1.017571334877092823e-02
2.374758206526388360e+00;1.011607313389816486e-02
2.384411695170804535e+00;9.943252496067367385e-03
2.394065183815220710e+00;9.674170044433648766e-03
2.403718672459636885e+00;9.335164367931058846e-03
2.413372161104053060e+00;8.959416243048591230e-03
2.423025649748469235e+00;8.583701991530795841e-03
2.432679138392885410e+00;8.244795286578279411e-03
2.442332627037301584e+00;7.975868963550925353e-03
2.451986115681717759e+00;7.803248488001438346e-03
2.461639604326133934e+00;7.743834623483606544e-03
2.471293092970550109e+00;7.803447743724869698e-03
2.480946581614966284e+00;7.976256364816863495e-03
2.490600070259382459e+00;8.245346497106105163e-03
2.500253558903798634e+00;8.584376647859713258e-03
2.509907047548214809e+00;8.960156722316670388e-03
2.519560536192630984e+00;9.335898224873668758e-03
2.529214024837047159e+00;9.674817102497049529e-03
2.538867513481463334e+00;9.943735898401501183e-03
2.548521002125879509e+00;1.011633204894514526e-02
2.558174490770295684e+00;1.017571410717990101e-02
2.567827979414711859e+00;1.011607387194892252e-02
2.577481468059128034e+00;9.943253206198121932e-03
2.587134956703544209e+00;9.674170720764431811e-03
2.596788445347960383e+00;9.335165006787170955e-03
2.606441933992376558e+00;8.959416843249419504e-03
2.616095422636792733e+00;8.583702554425894429e-03
2.625748911281208908e+00;8.244795815838005734e-03
2.635402399925625083e+00;7.975869464742052148e-03
2.645055888570041258e+00;7.803248967997197631e-03
2.654709377214457433e+00;7.743835089772217566e-03
2.664362865858873608e+00;7.803448203687117675e-03
2.674016354503289783e+00;7.976256825043501544e-03
2.683669843147705958e+00;8.245346962819337031e-03
2.693323331792122133e+00;8.584377122489900841e-03
2.702976820436538308e+00;8.960157207268910212e-03
2.712630309080954483e+00;9.335898719498719744e-03
2.722283797725370658e+00;9.674817604260694051e-03
2.731937286369786833e+00;9.943736403228034190e-03
2.741590775014203007e+00;1.011633255169468691e-02
2.751244263658619182e+00;1.017571460220734365e-02
2.760897752303035357e+00;1.011607435368817864e-02
2.770551240947451532e+00;9.943253669713499054e-03
2.780204729591867707e+00;9.674171162217939240e-03
2.789858218236283882e+00;9.335165423780300217e-03
2.799511706880700057e+00;8.959417235011491940e-03
2.809165195525116232e+00;8.583702921837830374e-03
2.818818684169532407e+00;8.244796161295525963e-03
2.828472172813948582e+00;7.975869791878708454e-03
2.838125661458364757e+00;7.803249281299248601e-03
2.847779150102780932e+00;7.743835394127356747e-03
2.857432638747197107e+00;7.803448503912880328e-03
2.867086127391613282e+00;7.976257125441857040e-03
2.876739616036029457e+00;8.245347266798869548e-03
2.886393104680445632e+00;8.584377432289663074e-03
2.896046593324861806e+00;8.960157523806128524e-03
2.905700081969277981e+00;9.335899042349576904e-03
2.915353570613694156e+00;9.674817931771030610e-03
2.925007059258110331e+00;9.943736732737630882e-03
2.934660547902526506e+00;1.011633287984854863e-02
2.944314036546942681e+00;1.017571492532089519e-02
2.953967525191358856e+00;1.011607466812828628e-02
2.963621013835775031e+00;9.943253972258531484e-03
2.973274502480191206e+00;9.674171450362816990e-03
2.982927991124607381e+00;9.335165695959454432e-03
2.992581479769023556e+00;8.959417490721906588e-03
3.002234968413439731e+00;8.583703161654437919e-03
3.011888457057855906e+00;8.244796386782125841e-03
3.021541945702272081e+00;7.975870005406863680e-03
3.031195434346688256e+00;7.803249485797306845e-03
3.040848922991104430e+00;7.743835592785595912e-03
3.050502411635520605e+00;7.803448699875842332e-03
3.060155900279936780e+00;7.976257321517445098e-03
3.069809388924352955e+00;8.245347465211935040e-03
3.079462877568769130e+00;8.584377634501760834e-03
3.089116366213185305e+00;8.960157730415863053e-03
3.098769854857601480e+00;9.335899253080303176e-03
3.108423343502017655e+00;9.674818145543134795e-03
3.118076832146433830e+00;9.943736947814663454e-03
3.127730320790850005e+00;1.011633309404068488e-02
3.137383809435266180e+00;1.017571513622311449e-02
3.147037298079682355e+00;1.011607487336919388e-02
3.156690786724098530e+00;9.943254169735316408e-03
3.166344275368514705e+00;9.674171638440349705e-03
3.175997764012930880e+00;9.335165873615791990e-03
3.185651252657347055e+00;8.959417657628795939e-03
3.195304741301763229e+00;8.583703318187177814e-03
3.204958229946179404e+00;8.244796533961365123e-03
3.214611718590595579e+00;7.975870144780674784e-03
3.224265207235011754e+00;7.803249619276981207e-03
3.233918695879427929e+00;7.743835722453516410e-03
3.243572184523844104e+00;7.803448827784499088e-03
3.253225673168260279e+00;7.976257449499622038e-03
3.262879161812676454e+00;8.245347594719841175e-03
3.272532650457092629e+00;8.584377766489337952e-03
3.282186139101508804e+00;8.960157865273885372e-03
3.291839627745924979e+00;9.335899390628213737e-03
3.301493116390341154e+00;9.674818285076167493e-03
3.311146605034757329e+00;9.943737088199464461e-03
3.320800093679173504e+00;1.011633323384789583e-02
3.330453582323589679e+00;1.017571527388298411e-02
3.340107070968005853e+00;1.011607500733383881e-02
3.349760559612422028e+00;9.943254298632193955e-03
3.359414048256838203e+00;9.674171761202140021e-03
3.369067536901254378e+00;9.335165989575519921e-03
3.378721025545670553e+00;8.959417766572169359e-03
3.388374514190086728e+00;8.583703420359118860e-03
3.398028002834502903e+00;8.244796630028090878e-03
3.407681491478919078e+00;7.975870235752602691e-03
3.417334980123335253e+00;7.803249706401699237e-03
3.426988468767751428e+00;7.743835807090209029e-03
3.436641957412167603e+00;7.803448911272836859e-03
3.446295446056583778e+00;7.976257533035914504e-03
3.455948934700999953e+00;8.245347679252010634e-03
3.465602423345416128e+00;8.584377852640030435e-03
3.475255911989832303e+00;8.960157953298124311e-03
3.484909400634248478e+00;9.335899480408169776e-03
3.494562889278664652e+00;9.674818376151852681e-03
3.504216377923080827e+00;9.943737179831118114e-03
3.513869866567497002e+00;1.011633332510259407e-02
3.523523355211913177e+00;1.017571536373604660e-02
3.533176843856329352e+00;1.011607509477495739e-02
3.542830332500745527e+00;9.943254382765498445e-03
3.552483821145161702e+00;9.674171841330968941e-03
3.562137309789577877e+00;9.335166065264534005e-03
3.571790798433994052e+00;8.959417837681468363e-03
3.581444287078410227e+00;8.583703487048592248e-03
3.591097775722826402e+00;8.244796692732592192e-03
3.600751264367242577e+00;7.975870295131665122e-03
3.610404753011658752e+00;7.803249763269601985e-03
3.620058241656074927e+00;7.743835862334127844e-03
3.629711730300491102e+00;7.803448965767220691e-03
3.639365218944907276e+00;7.976257587561619636e-03
3.649018707589323451e+00;8.245347734427727060e-03
3.658672196233739626e+00;8.584377908872139681e-03
3.668325684878155801e+00;8.960158010753140750e-03
3.677979173522571976e+00;9.335899539009193115e-03
3.687632662166988151e+00;9.674818435598652594e-03
3.697286150811404326e+00;9.943737239640820444e-03
3.706939639455820501e+00;1.011633338466621373e-02
3.716593128100236676e+00;1.017571542238479218e-02
3.726246616744652851e+00;1.011607515184938591e-02
3.735900105389069026e+00;9.943254437680819000e-03
3.745553594033485201e+00;9.674171893632493163e-03
3.755207082677901376e+00;9.335166114668110721e-03
3.764860571322317551e+00;8.959417884095748769e-03
3.774514059966733726e+00;8.583703530577959859e-03
3.784167548611149900e+00;8.244796733660922361e-03
3.793821037255566075e+00;7.975870333889384378e-03
3.803474525899982250e+00;7.803249800388236540e-03
3.813128014544398425e+00;7.743835898392767425e-03
3.822781503188814600e+00;7.803449001336606669e-03
3.832434991833230775e+00;7.976257623151451065e-03
3.842088480477646950e+00;8.245347770441830218e-03
3.851741969122063125e+00;8.584377945575821442e-03
3.861395457766479300e+00;8.960158048255057253e-03
