3.746231688916500602e+00;1.034663792817217681e-02
3.764869657518075119e+00;1.159504296323560744e-02
3.783507626119649636e+00;1.258528412501793738e-02
3.802145594721224153e+00;1.322046434587978610e-02
3.820783563322798670e+00;1.343850078409832872e-02
3.839421531924373188e+00;1.321816638273503632e-02
3.858059500525947705e+00;1.258112346720742687e-02
3.876697469127522222e+00;1.158976722020071785e-02
3.895335437729096739e+00;1.034110389390796927e-02
3.913973406330671256e+00;8.957268382189119763e-03
3.932611374932245774e+00;7.573604307658805823e-03
3.951249343533820291e+00;6.325459876913618398e-03
3.969887312135394808e+00;5.334975135052929390e-03
3.988525280736969325e+00;4.699140199109620372e-03
4.007163249338543842e+00;4.480288001805779290e-03
4.025801217940118804e+00;4.699957206617207985e-03
4.044439186541693765e+00;5.336739587009108055e-03
4.063077155143268726e+00;6.328339494034606293e-03
4.081715123744843687e+00;7.577657625031530668e-03
4.100353092346418649e+00;8.962308992908538802e-03
4.118991060947993610e+00;1.034663836545463879e-02
4.137629029549568571e+00;1.159504343369948363e-02
4.156266998151143532e+00;1.258528461525456298e-02
4.174904966752718494e+00;1.322046484027686666e-02
4.193542935354293455e+00;1.343850126656164455e-02
4.212180903955868416e+00;1.321816683831785258e-02
4.230818872557443378e+00;1.258112388349839038e-02
4.249456841159018339e+00;1.158976758835782161e-02
4.268094809760593300e+00;1.034110420926800424e-02
4.286732778362168261e+00;8.957268644428240806e-03
4.305370746963743223e+00;7.573604520525776401e-03
4.324008715565318184e+00;6.325460047594091625e-03
4.342646684166893145e+00;5.334975273254338908e-03
4.361284652768468106e+00;4.699140315975967701e-03
4.379922621370043068e+00;4.480288108777803410e-03
4.398560589971618029e+00;4.699957314351351639e-03
4.417198558573192990e+00;5.336739704453281365e-03
4.435836527174767951e+00;6.328339627737694824e-03
4.454474495776342913e+00;7.577657778734646875e-03
4.473112464377917874e+00;8.962309167435338064e-03
4.491750432979492835e+00;1.034663855888946944e-02
4.510388401581067797e+00;1.159504364181214962e-02
4.529026370182642758e+00;1.258528483211367698e-02
4.547664338784217719e+00;1.322046505897626033e-02
4.566302307385792680e+00;1.343850147998196069e-02
4.584940275987367642e+00;1.321816703984721696e-02
4.603578244588942603e+00;1.258112406764672932e-02
4.622216213190517564e+00;1.158976775121387491e-02
4.640854181792092525e+00;1.034110434876895669e-02
4.659492150393667487e+00;8.957268760431015900e-03
4.678130118995242448e+00;7.573604614688500027e-03
4.696768087596817409e+00;6.325460123095464141e-03
4.715406056198392371e+00;5.334975334388437559e-03
4.734044024799967332e+00;4.699140367672455069e-03
4.752681993401542293e+00;4.480288156097569571e-03
4.771319962003117254e+00;4.699957362008282992e-03
4.789957930604692216e+00;5.336739756405584935e-03
4.808595899206267177e+00;6.328339686882304173e-03
4.827233867807842138e+00;7.577657846726389319e-03
4.845871836409417099e+00;8.962309244638632169e-03
4.864509805010992061e+00;1.034663864445675187e-02
4.883147773612567022e+00;1.159504373387239100e-02
4.901785742214141983e+00;1.258528492804299008e-02
4.920423710815716944e+00;1.322046515571954212e-02
4.939061679417291906e+00;1.343850157438991957e-02
4.957699648018866867e+00;1.321816712899509354e-02
4.976337616620441828e+00;1.258112414910590900e-02
4.994975585222016790e+00;1.158976782325423296e-02
5.013613553823591751e+00;1.034110441047803031e-02
5.032251522425166712e+00;8.957268811745380116e-03
5.050889491026741673e+00;7.573604656341877822e-03
5.069527459628316635e+00;6.325460156493802055e-03
5.088165428229891596e+00;5.334975361431424333e-03
5.106803396831466557e+00;4.699140390540677142e-03
5.125441365433041518e+00;4.480288177029763050e-03
5.144079334034616480e+00;4.699957383089701721e-03
5.162717302636191441e+00;5.336739779387135625e-03
5.181355271237766402e+00;6.328339713045469557e-03
5.199993239839341364e+00;7.577657876803129897e-03
5.218631208440916325e+00;8.962309278790147118e-03
5.237269177042491286e+00;1.034663868230817699e-02
5.255907145644066247e+00;1.159504377459589890e-02
5.274545114245641209e+00;1.258528497047791544e-02
5.293183082847216170e+00;1.322046519851443475e-02
5.311821051448791131e+00;1.343850161615173754e-02
5.330459020050366092e+00;1.321816716843000200e-02
5.349096988651941054e+00;1.258112418513955555e-02
5.367734957253516015e+00;1.158976785512139465e-02
5.386372925855090976e+00;1.034110443777498146e-02
5.405010894456665937e+00;8.957268834444292310e-03
5.423648863058240899e+00;7.573604674767133067e-03
5.442286831659815860e+00;6.325460171267499078e-03
5.460924800261390821e+00;5.334975373393867522e-03
5.479562768862965783e+00;4.699140400656439537e-03
5.498200737464540744e+00;4.480288186289193078e-03
5.516838706066115705e+00;4.699957392415216907e-03
5.535476674667690666e+00;5.336739789553281328e-03
5.554114643269265628e+00;6.328339724618994681e-03
5.572752611870840589e+00;7.577657890107977572e-03
5.591390580472415550e+00;8.962309293897506926e-03
5.610028549073990511e+00;1.034663869905217554e-02
5.628666517675565473e+00;1.159504379261027882e-02
5.647304486277140434e+00;1.258528498924927318e-02
5.665942454878715395e+00;1.322046521744506264e-02
5.684580423480290357e+00;1.343850163462526233e-02
5.703218392081865318e+00;1.321816718587423729e-02
5.721856360683440279e+00;1.258112420107927037e-02
5.740494329285015240e+00;1.158976786921793282e-02
5.759132297886590202e+00;1.034110444984987290e-02
5.777770266488165163e+00;8.957268844485138937e-03
5.796408235089740124e+00;7.573604682917505805e-03
5.815046203691315085e+00;6.325460177802610072e-03
5.833684172292890047e+00;5.334975378685403828e-03
5.852322140894465008e+00;4.699140405131158743e-03
5.870960109496039969e+00;4.480288190385186588e-03
5.889598078097614930e+00;4.699957396540498621e-03
5.908236046699189892e+00;5.336739794050440050e-03
5.926874015300764853e+00;6.328339729738821987e-03
5.945511983902339814e+00;7.577657895993658403e-03
5.964149952503914776e+00;8.962309300580553403e-03
5.982787921105489737e+00;1.034663870645906314e-02
6.001425889707064698e+00;1.159504380057927928e-02
6.020063858308639659e+00;1.258528499755308394e-02
6.038701826910214621e+00;1.322046522581928583e-02
6.057339795511789582e+00;1.343850164279729309e-02
6.075977764113364543e+00;1.321816719359081120e-02
6.094615732714939504e+00;1.258112420813016323e-02
6.113253701316514466e+00;1.158976787545346575e-02
6.131891669918089427e+00;1.034110445519110556e-02
6.150529638519664388e+00;8.957268848926504615e-03
6.169167607121239350e+00;7.573604686522733900e-03
6.187805575722814311e+00;6.325460180693220566e-03
6.206443544324389272e+00;5.334975381025992489e-03
6.225081512925964233e+00;4.699140407110511189e-03
6.243719481527539195e+00;4.480288192197071431e-03
6.262357450129114156e+00;4.699957398365406901e-03
6.280995418730689117e+00;5.336739796039904199e-03
6.299633387332264078e+00;6.328339732003798387e-03
6.318271355933839040e+00;7.577657898597389002e-03
6.336909324535414001e+00;8.962309303536994051e-03
6.355547293136988962e+00;1.034663870973581007e-02
6.374185261738563923e+00;1.159504380410451667e-02
6.392823230340138885e+00;1.258528500122643203e-02
6.411461198941713846e+00;1.322046522952364384e-02
6.430099167543288807e+00;1.343850164641208038e-02
6.448737136144863769e+00;1.321816719700405311e-02
6.467375104746438730e+00;1.258112421124890287e-02
6.486013073348013691e+00;1.158976787821141934e-02
6.504651041949588652e+00;1.034110445755348842e-02
6.523289010551163614e+00;8.957268850890980072e-03
6.541926979152738575e+00;7.573604688117170289e-03
6.560564947754313536e+00;6.325460181971701359e-03
6.579202916355888497e+00;5.334975382061164437e-03
6.597840884957463459e+00;4.699140407985977555e-03
6.616478853559038420e+00;4.480288192998505004e-03
6.635116822160613381e+00;4.699957399172667409e-03
6.653754790762188343e+00;5.336739796920023093e-03
6.672392759363763304e+00;6.328339733005821505e-03
6.691030727965338265e+00;7.577657899749260136e-03
6.709668696566913226e+00;8.962309304844876673e-03
6.728306665168488188e+00;1.034663871118537797e-02
6.746944633770063149e+00;1.159504380566395501e-02
6.765582602371638110e+00;1.258528500285129199e-02
6.784220570973213071e+00;1.322046523116218730e-02
6.802858539574788033e+00;1.343850164801097327e-02
6.821496508176362994e+00;1.321816719851373265e-02
6.840134476777937955e+00;1.258112421262828559e-02
6.858772445379512916e+00;1.158976787943131678e-02
6.877410413981087878e+00;1.034110445859820308e-02
6.896048382582662839e+00;8.957268851759550912e-03
6.914686351184237800e+00;7.573604688822197471e-03
6.933324319785812762e+00;6.325460182537012178e-03
6.951962288387387723e+00;5.334975382518968370e-03
6.970600256988962684e+00;4.699140408373115793e-03
6.989238225590537645e+00;4.480288193352994011e-03
7.007876194192112607e+00;4.699957399529778451e-03
7.026514162793687568e+00;5.336739797309423411e-03
7.045152131395262529e+00;6.328339733449068506e-03
7.063790099996837490e+00;7.577657900258943577e-03
7.082428068598412452e+00;8.962309305423611649e-03
7.101066037199987413e+00;1.034663871182675207e-02
7.119704005801562374e+00;1.159504380635390137e-02
7.138341974403137336e+00;1.258528500357007640e-02
7.156979943004712297e+00;1.322046523188699120e-02
7.175617911606287258e+00;1.343850164871820789e-02
7.194255880207862219e+00;1.321816719918146588e-02
7.212893848809437181e+00;1.258112421323838784e-02
7.231531817411012142e+00;1.158976787997075333e-02
7.250169786012587103e+00;1.034110445906018597e-02
7.268807754614162064e+00;8.957268852143682875e-03
7.287445723215737026e+00;7.573604689133955035e-03
7.306083691817311987e+00;6.325460182787017056e-03
7.324721660418886948e+00;5.334975382721415804e-03
7.343359629020461909e+00;4.699140408544395450e-03
7.361997597622036871e+00;4.480288193509866790e-03
7.380635566223611832e+00;4.699957399687923650e-03
7.399273534825186793e+00;5.336739797481890486e-03
7.417911503426761755e+00;6.328339733645525073e-03
7.436549472028336716e+00;7.577657900484772481e-03
7.455187440629911677e+00;8.962309305680035004e-03
