9.002813237846725436e-02
9.639929385503955006e-02
1.020197703577878923e-01
1.063435309454415501e-01
1.089522470574369600e-01
1.095943727387980876e-01
1.082083206274612047e-01
1.049280100201152865e-01
1.000704242477276074e-01
9.410614478526133087e-02
8.761515747245517127e-02
8.123154794743583929e-02
7.558193738065974165e-02
7.122348485731883061e-02
6.858777008611417758e-02
6.793665167530241189e-02
6.933515194752044863e-02
7.264459677554153949e-02
7.753687446795415328e-02
8.352815242332332912e-02
9.002813237845939953e-02
9.639929385505971449e-02
1.020197703577891413e-01
1.063435309454686672e-01
1.089522470574343233e-01
1.095943727388316163e-01
1.082083206274564030e-01
1.049280100201196442e-01
1.000704242477319511e-01
9.410614478526652116e-02
8.761515747246813313e-02
8.123154794742805385e-02
7.558193738067549294e-02
7.122348485731391787e-02
6.858777008609817649e-02
6.793665167529525095e-02
6.933515194752142008e-02
7.264459677553766759e-02
7.753687446795894112e-02
8.352815242333161416e-02
9.002813237846662986e-02
9.639929385504007742e-02
1.020197703577994941e-01
1.063435309454516392e-01
1.089522470574364327e-01
1.095943727388164757e-01
1.082083206274403742e-01
1.049280100201086807e-01
1.000704242477403333e-01
9.410614478527136451e-02
8.761515747245597618e-02
8.123154794742251661e-02
7.558193738066286416e-02
7.122348485731401502e-02
6.858777008609819037e-02
6.793665167529525095e-02
6.933515194751417587e-02
7.264459677551783623e-02
7.753687446794743643e-02
8.352815242333126722e-02
9.002813237846159222e-02
9.639929385505399684e-02
1.020197703577871845e-01
1.063435309454702077e-01
1.089522470574343510e-01
1.095943727388273420e-01
1.082083206274681575e-01
1.049280100201065019e-01
1.000704242477333389e-01
9.410614478526470317e-02
8.761515747245078589e-02
8.123154794741500873e-02
7.558193738065335787e-02
7.122348485734028567e-02
6.858777008612151893e-02
6.793665167531565130e-02
6.933515194752702671e-02
7.264459677552284611e-02
7.753687446794187144e-02
8.352815242333461176e-02
9.002813237845362637e-02
9.639929385504900083e-02
1.020197703577882115e-01
1.063435309454683619e-01
1.089522470574379176e-01
1.095943727388079686e-01
1.082083206274502968e-01
1.049280100201046423e-01
1.000704242477144096e-01
9.410614478526445337e-02
8.761515747247956842e-02
8.123154794745585106e-02
7.558193738067287004e-02
7.122348485734864010e-02
6.858777008612454429e-02
6.793665167530159310e-02
6.933515194752470912e-02
7.264459677554153949e-02
7.753687446795073934e-02
8.352815242333215540e-02
