8.656679499955946544e-02
8.710181741221942331e-02
8.780423026294087441e-02
8.860522414728719265e-02
8.942644215554891585e-02
9.018762916024161691e-02
9.081443594925331375e-02
9.124563403921218119e-02
9.143905892457247775e-02
9.137571911670235025e-02
9.106167574708566581e-02
9.052750094275642534e-02
8.982534832000277358e-02
8.902389827188557370e-02
8.820165352372372203e-02
8.743923410204611224e-02
8.681143377708538944e-02
8.637983539942990785e-02
8.618673225247794334e-02
8.625096978428699324e-02
8.656612174825289996e-02
8.710117125176661257e-02
8.780361011141223082e-02
8.860462896300204394e-02
8.942587093533031772e-02
9.018708093806680759e-02
9.081390979525023888e-02
9.124512905890592995e-02
9.143857425830276275e-02
9.137525393910690685e-02
9.106122926655176031e-02
9.052707240079188589e-02
8.982493699043965496e-02
8.902350345990547864e-02
8.820127456469595284e-02
8.743887036018274661e-02
8.681108464396088131e-02
8.637950029240915040e-02
8.618641061312082297e-02
8.625066107678244776e-02
8.656582545794927475e-02
8.710088688384137745e-02
8.780333718972017920e-02
8.860436702911379803e-02
8.942561954775805899e-02
9.018683967167262505e-02
9.081367824080684159e-02
9.124490682276675813e-02
9.143836096214380538e-02
9.137504921969227811e-02
9.106103277550468833e-02
9.052688380430749804e-02
8.982475596893781111e-02
8.902332970760626352e-02
8.820110778910186800e-02
8.743871028149102775e-02
8.681093099441171412e-02
8.637935281558960232e-02
8.618626906326785908e-02
8.625052521809083161e-02
8.656569506392716717e-02
8.710076173672511024e-02
8.780321707996291414e-02
8.860425175496286498e-02
8.942550891492155596e-02
9.018673349305508791e-02
9.081357633631237380e-02
9.124480901915366093e-02
9.143826709291290322e-02
9.137495912499038475e-02
9.106094630201475026e-02
9.052680080512490179e-02
8.982467630342080844e-02
8.902325324118232075e-02
8.820103439304788351e-02
8.743863983266875195e-02
8.681086337498040983e-02
8.637928791270858830e-02
8.618620676877572495e-02
8.625046542821551698e-02
8.656563767899040640e-02
8.710070666089211877e-02
8.780316422101461238e-02
8.860420102411260823e-02
8.942546022666218730e-02
9.018668676504580650e-02
9.081353148929327546e-02
9.124476597688578605e-02
9.143822578212332242e-02
9.137491947532699887e-02
9.106090824600573952e-02
9.052676427811799653e-02
8.982464124352307344e-02
8.902321958916943612e-02
8.820100209226967858e-02
8.743860882893449149e-02
8.681083361643063268e-02
8.637925934968129771e-02
8.618617935367327287e-02
8.625043911536568741e-02
