1.023994056293532490e-01
1.146742288772618495e-01
1.244260417566961235e-01
1.307192097748261506e-01
1.329531567517553137e-01
1.309153309975115698e-01
1.247997094768915904e-01
1.151898779197688405e-01
1.030075799294270233e-01
8.942966573001533137e-02
7.577887603724547949e-02
6.339685999668898120e-02
5.351084786731201415e-02
4.710773362977103279e-02
4.483009062010594181e-02
4.690716188029801087e-02
5.312997914760630297e-02
6.287401008341846065e-02
7.516625141869516524e-02
8.878785974556004101e-02
1.023994056293623667e-01
1.146742288772649304e-01
1.244260417567017163e-01
1.307192097748270665e-01
1.329531567517553137e-01
1.309153309975265855e-01
1.247997094768910631e-01
1.151898779197694095e-01
1.030075799294310340e-01
8.942966573000069030e-02
7.577887603724646481e-02
6.339685999670412186e-02
5.351084786730600507e-02
4.710773362976507228e-02
4.483009062011131252e-02
4.690716188027514028e-02
5.312997914761764112e-02
6.287401008341142461e-02
7.516625141870243720e-02
8.878785974555460092e-02
1.023994056293587446e-01
1.146742288772661655e-01
1.244260417566878524e-01
1.307192097748202941e-01
1.329531567517553137e-01
1.309153309975275292e-01
1.247997094768960175e-01
1.151898779197811362e-01
1.030075799294298128e-01
8.942966573002208985e-02
7.577887603725298737e-02
6.339685999669365801e-02
5.351084786731431092e-02
4.710773362978873391e-02
4.483009062010118867e-02
4.690716188029037115e-02
5.312997914762347673e-02
6.287401008341279851e-02
7.516625141868676918e-02
8.878785974555465643e-02
1.023994056293591054e-01
1.146742288772548968e-01
1.244260417566849936e-01
1.307192097748202941e-01
1.329531567517553137e-01
1.309153309975320534e-01
1.247997094768890508e-01
1.151898779197666201e-01
1.030075799294312422e-01
8.942966573000932229e-02
7.577887603725379229e-02
6.339685999670163774e-02
5.351084786729813636e-02
4.710773362978513956e-02
4.483009062010118867e-02
4.690716188029236261e-02
5.312997914762296325e-02
6.287401008341528263e-02
7.516625141867723514e-02
8.878785974554605220e-02
1.023994056293568711e-01
1.146742288772500257e-01
1.244260417566892540e-01
1.307192097748237913e-01
1.329531567517553137e-01
1.309153309975220059e-01
1.247997094768946019e-01
1.151898779197747802e-01
1.030075799294373345e-01
8.942966573001888408e-02
7.577887603725128041e-02
6.339685999669592009e-02
5.351084786730408993e-02
4.710773362978214196e-02
4.483009062010118867e-02
4.690716188028851846e-02
5.312997914761057733e-02
6.287401008341332587e-02
7.516625141867090687e-02
8.878785974554627425e-02
