8.630229592154253782e-02
9.208744001488922137e-02
9.757457866295485283e-02
1.022282704661809649e-01
1.055955520635980388e-01
1.073492962593730199e-01
1.073192872293303735e-01
1.055083297612761234e-01
1.020920248720163376e-01
9.740221502863473380e-02
9.189547957860270955e-02
8.610939290614418040e-02
8.061046411775324438e-02
7.593863802808102637e-02
7.255380467394814681e-02
7.078979544026187121e-02
7.082074706100370542e-02
7.264349470496005157e-02
7.607793389108667703e-02
8.078529546203584710e-02
8.630229592154120555e-02
9.208744001489228836e-02
9.757457866296437299e-02
1.022282704661777036e-01
1.055955520635905032e-01
1.073492962593752542e-01
1.073192872293374234e-01
1.055083297612784410e-01
1.020920248720144641e-01
9.740221502862764225e-02
9.189547957859786620e-02
8.610939290613860153e-02
8.061046411775618648e-02
7.593863802808108188e-02
7.255380467394730026e-02
7.078979544025561232e-02
7.082074706099339423e-02
7.264349470495330696e-02
7.607793389107354864e-02
8.078529546203135070e-02
8.630229592155327922e-02
9.208744001490447306e-02
9.757457866296259663e-02
1.022282704661833519e-01
1.055955520636001621e-01
1.073492962593741301e-01
1.073192872293309424e-01
1.055083297612741250e-01
1.020920248720114665e-01
9.740221502862725367e-02
9.189547957859696414e-02
8.610939290614152974e-02
8.061046411775811549e-02
7.593863802808598074e-02
7.255380467395346200e-02
7.078979544026287041e-02
7.082074706100152661e-02
7.264349470495584660e-02
7.607793389107135595e-02
8.078529546203366829e-02
8.630229592154280149e-02
9.208744001489004016e-02
9.757457866295553284e-02
1.022282704661809372e-01
1.055955520635926126e-01
1.073492962593734640e-01
1.073192872293305816e-01
1.055083297612733756e-01
1.020920248720108836e-01
9.740221502863095904e-02
9.189547957859953153e-02
8.610939290614576247e-02
8.061046411775749099e-02
7.593863802808575869e-02
7.255380467395698696e-02
7.078979544026768600e-02
7.082074706100036088e-02
7.264349470496204997e-02
7.607793389108200022e-02
8.078529546203910838e-02
8.630229592155116980e-02
9.208744001489860276e-02
9.757457866296924409e-02
1.022282704661903463e-01
1.055955520636004397e-01
1.073492962593714656e-01
1.073192872293247530e-01
1.055083297612759013e-01
1.020920248720127849e-01
9.740221502862811409e-02
9.189547957859700578e-02
8.610939290614104402e-02
8.061046411775087128e-02
7.593863802808857588e-02
7.255380467395516897e-02
7.078979544026739457e-02
7.082074706100195682e-02
7.264349470496007932e-02
7.607793389108362392e-02
8.078529546203803979e-02
