8.904440569724378363e-02
8.928099123052403441e-02
8.950075775781587972e-02
8.968219623854407907e-02
8.980755075516053121e-02
8.986455485010903799e-02
8.984763068028277233e-02
8.975843420744394896e-02
8.960569336617262015e-02
8.940435494928131166e-02
8.917412324734672047e-02
8.893753282788849357e-02
8.871774350309805102e-02
8.853627302140541777e-02
8.841088952364353770e-02
8.835387053717801142e-02
8.837079959319006639e-02
8.846001886353742349e-02
8.861279170576266684e-02
8.881415910380456580e-02
8.904440569725048660e-02
8.928099123053580277e-02
8.950075775781281273e-02
8.968219623854281619e-02
8.980755075516171082e-02
8.986455485011447808e-02
8.984763068028332744e-02
8.975843420743374879e-02
8.960569336616419633e-02
8.940435494926360360e-02
8.917412324733933748e-02
8.893753282789412795e-02
8.871774350309517831e-02
8.853627302140108790e-02
8.841088952363758413e-02
8.835387053717776162e-02
8.837079959319034395e-02
8.846001886353319077e-02
8.861279170575966924e-02
8.881415910380389966e-02
8.904440569723585941e-02
8.928099123051615182e-02
8.950075775780277909e-02
8.968219623853976308e-02
8.980755075516055896e-02
8.986455485011048128e-02
8.984763068028481237e-02
8.975843420743516432e-02
8.960569336616321101e-02
8.940435494926485260e-02
8.917412324734333429e-02
8.893753282789726433e-02
8.871774350310261681e-02
8.853627302141062194e-02
8.841088952365208642e-02
8.835387053718982142e-02
8.837079959319985023e-02
8.846001886354325217e-02
8.861279170576420727e-02
8.881415910380505152e-02
8.904440569725048660e-02
8.928099123053580277e-02
8.950075775781281273e-02
8.968219623854281619e-02
8.980755075516171082e-02
8.986455485011447808e-02
8.984763068028332744e-02
8.975843420743374879e-02
8.960569336616419633e-02
8.940435494926346482e-02
8.917412324733933748e-02
8.893753282789405856e-02
8.871774350309517831e-02
8.853627302140108790e-02
8.841088952363758413e-02
8.835387053717776162e-02
8.837079959319034395e-02
8.846001886353319077e-02
8.861279170575969699e-02
8.881415910380389966e-02
8.904440569723585941e-02
8.928099123051615182e-02
8.950075775780277909e-02
8.968219623853976308e-02
8.980755075516055896e-02
8.986455485011048128e-02
8.984763068028481237e-02
8.975843420743516432e-02
8.960569336616451552e-02
8.940435494926914084e-02
8.917412324733882401e-02
8.893753282789400305e-02
8.871774350309463708e-02
8.853627302140580635e-02
8.841088952364403730e-02
8.835387053717345951e-02
8.837079959318812350e-02
8.846001886353559163e-02
8.861279170576390196e-02
8.881415910380663359e-02
