9.940480715983758542e-02
1.096500266104121074e-01
1.178376051541496911e-01
1.231832216393409229e-01
1.251778945441446855e-01
1.236324236713831071e-01
1.186936382601128798e-01
1.108316966123717717e-01
1.007990647322056371e-01
8.956333899548032940e-02
7.821806175784550008e-02
6.787814410189792202e-02
5.956913790896892213e-02
5.412174536774357753e-02
5.208382446193163956e-02
5.366109576018417149e-02
5.869458255700004540e-02
6.667795224971603818e-02
7.681235725043106255e-02
8.809132877806453987e-02
9.940480715987336235e-02
1.096500266103850041e-01
1.178376051541381864e-01
1.231832216393396601e-01
1.251778945441446855e-01
1.236324236713941122e-01
1.186936382600987661e-01
1.108316966123683994e-01
1.007990647321680977e-01
8.956333899549377697e-02
7.821806175783092840e-02
6.787814410189570158e-02
5.956913790899447808e-02
5.412174536772844380e-02
5.208382446193163956e-02
5.366109576020421101e-02
5.869458255702147964e-02
6.667795224971390100e-02
7.681235725040022611e-02
8.809132877803396711e-02
9.940480715984119364e-02
1.096500266104079024e-01
1.178376051541362574e-01
1.231832216393252272e-01
1.251778945441529844e-01
1.236324236714061303e-01
1.186936382601547629e-01
1.108316966123711333e-01
1.007990647321762995e-01
8.956333899550754374e-02
7.821806175780687820e-02
6.787814410189194070e-02
5.956913790896797845e-02
5.412174536771440642e-02
5.208382446193295795e-02
5.366109576020924171e-02
5.869458255698044302e-02
6.667795224969545742e-02
7.681235725042050155e-02
8.809132877806528927e-02
9.940480715984217897e-02
1.096500266103949822e-01
1.178376051541319691e-01
1.231832216393132090e-01
1.251778945441019975e-01
1.236324236713858549e-01
1.186936382601271323e-01
1.108316966123314429e-01
1.007990647321775485e-01
8.956333899548375721e-02
7.821806175787134052e-02
6.787814410190272374e-02
5.956913790896841560e-02
5.412174536769342320e-02
5.208382446193086240e-02
5.366109576019392757e-02
5.869458255699722127e-02
6.667795224970932133e-02
7.681235725041150875e-02
8.809132877805532502e-02
9.940480715986348137e-02
1.096500266103797722e-01
1.178376051541276393e-01
1.231832216393363572e-01
1.251778945441529844e-01
1.236324236713832458e-01
1.186936382601243012e-01
1.108316966123744224e-01
1.007990647321872213e-01
8.956333899548565847e-02
7.821806175785082915e-02
6.787814410192842540e-02
5.956913790899457523e-02
5.412174536772511313e-02
5.208382446193163956e-02
5.366109576019630761e-02
5.869458255698901256e-02
6.667795224971857782e-02
7.681235725039660400e-02
8.809132877809222606e-02
