8.176464971616471955e-02
8.549507362107509889e-02
8.954715415880760976e-02
9.352435085480050037e-02
9.703829071854837285e-02
9.974642452596439723e-02
1.013850166263123992e-01
1.017944449544144619e-01
1.009345307290233501e-01
9.888850944370049245e-02
9.585524041459661526e-02
9.213028218488646115e-02
8.807748043630388157e-02
8.409365111635309920e-02
8.056970064687422883e-02
7.785200196471848966e-02
7.620794418430131001e-02
7.579923707724102455e-02
7.666578393775866362e-02
7.872181582552018053e-02
8.176464971614882948e-02
8.549507362107018615e-02
8.954715415878951312e-02
9.352435085477868448e-02
9.703829071852634880e-02
9.974642452594427444e-02
1.013850166263002839e-01
1.017944449544201657e-01
1.009345307290377414e-01
9.888850944371491147e-02
9.585524041459241029e-02
9.213028218487250010e-02
8.807748043630786450e-02
8.409365111635479229e-02
8.056970064685771427e-02
7.785200196470361267e-02
7.620794418428565586e-02
7.579923707722735493e-02
7.666578393776336819e-02
7.872181582552523205e-02
8.176464971614970378e-02
8.549507362107237884e-02
8.954715415879797857e-02
9.352435085479463006e-02
9.703829071853484201e-02
9.974642452595826325e-02
1.013850166263062652e-01
1.017944449544301577e-01
1.009345307290268612e-01
9.888850944370239371e-02
9.585524041458443056e-02
9.213028218487630261e-02
8.807748043630117540e-02
8.409365111636070422e-02
8.056970064686413968e-02
7.785200196469925504e-02
7.620794418427685735e-02
7.579923707722682757e-02
7.666578393775362599e-02
7.872181582552020829e-02
8.176464971614864907e-02
8.549507362107436337e-02
8.954715415880593055e-02
9.352435085481010379e-02
9.703829071855275823e-02
9.974642452597168307e-02
1.013850166263144670e-01
1.017944449544262997e-01
1.009345307290252375e-01
9.888850944370344842e-02
9.585524041459353439e-02
9.213028218487762100e-02
8.807748043630873880e-02
8.409365111635493106e-02
8.056970064685332888e-02
7.785200196470180856e-02
7.620794418428267214e-02
7.579923707722144299e-02
7.666578393776936340e-02
7.872181582552323365e-02
8.176464971615814148e-02
8.549507362108087205e-02
8.954715415880938612e-02
9.352435085478992549e-02
9.703829071854781774e-02
9.974642452597025366e-02
1.013850166263182417e-01
1.017944449544282426e-01
1.009345307290391569e-01
9.888850944371009588e-02
9.585524041458783062e-02
9.213028218487014087e-02
8.807748043630497792e-02
8.409365111635638823e-02
8.056970064685549382e-02
7.785200196470259959e-02
7.620794418428268602e-02
7.579923707722314996e-02
7.666578393775003164e-02
7.872181582552428836e-02
