1.003867695570194452e-01
1.106488658380791745e-01
1.187883043857829446e-01
1.240216530263819755e-01
1.258474197605547185e-01
1.240910679150792340e-01
1.189205246535739585e-01
1.108312496762491189e-01
1.006017666076091804e-01
8.922250715557535072e-02
7.780303086509843258e-02
6.746510478164090274e-02
5.923143009071479143e-02
5.392143395624016816e-02
5.206588583550011279e-02
5.385069833806276768e-02
5.909707285963031881e-02
6.728058400730117794e-02
7.758671312890590144e-02
8.899575304984111424e-02
1.003867695570170721e-01
1.106488658380817974e-01
1.187883043857829446e-01
1.240216530263819755e-01
1.258474197605547185e-01
1.240910679150819956e-01
1.189205246535757626e-01
1.108312496762490357e-01
1.006017666076123723e-01
8.922250715557226985e-02
7.780303086509121613e-02
6.746510478164095825e-02
5.923143009072004417e-02
5.392143395624016816e-02
5.206588583550011279e-02
5.385069833806019335e-02
5.909707285963183843e-02
6.728058400730553557e-02
7.758671312890660920e-02
8.899575304983717294e-02
1.003867695570194452e-01
1.106488658380791745e-01
1.187883043857723142e-01
1.240216530263819894e-01
1.258474197605547185e-01
1.240910679150819956e-01
1.189205246535757626e-01
1.108312496762491189e-01
1.006017666076145928e-01
8.922250715557535072e-02
7.780303086509843258e-02
6.746510478164090274e-02
5.923143009072266013e-02
5.392143395623619218e-02
5.206588583550011279e-02
5.385069833806276768e-02
5.909707285963031881e-02
6.728058400730117794e-02
7.758671312890590144e-02
8.899575304983642354e-02
1.003867695570143936e-01
1.106488658380817974e-01
1.187883043857829446e-01
1.240216530263819755e-01
1.258474197605547185e-01
1.240910679150819956e-01
1.189205246535757626e-01
1.108312496762490357e-01
1.006017666076127887e-01
8.922250715557276945e-02
7.780303086509854360e-02
6.746510478164099989e-02
5.923143009072004417e-02
5.392143395624021673e-02
5.206588583550011279e-02
5.385069833806276768e-02
5.909707285963183843e-02
6.728058400729426680e-02
7.758671312890112748e-02
8.899575304983899093e-02
1.003867695570194452e-01
1.106488658380791745e-01
1.187883043857723142e-01
1.240216530263819755e-01
1.258474197605547185e-01
1.240910679150819956e-01
1.189205246535757626e-01
1.108312496762486749e-01
1.006017666076216288e-01
8.922250715557535072e-02
7.780303086509843258e-02
6.746510478164090274e-02
5.923143009071479143e-02
5.392143395624021673e-02
5.206588583550011279e-02
5.385069833806276768e-02
5.909707285963031881e-02
6.728058400729425292e-02
7.758671312889825478e-02
8.899575304984111424e-02
