9.200970200003065480e-02
9.842125536033266564e-02
1.038845338413000724e-01
1.078698910867947891e-01
1.099925769846570867e-01
1.100483617389179103e-01
1.080321809368776503e-01
1.041384817905740834e-01
9.874329226281924887e-02
9.236935417878031074e-02
8.563700182754974133e-02
7.920481667288938044e-02
7.370533659312783481e-02
6.968203563178926307e-02
6.753415716153647608e-02
6.747555380905080613e-02
6.951236662182504189e-02
7.344226755277576124e-02
7.887540069490658889e-02
8.527453110271811243e-02
9.200970200004734978e-02
9.842125536032585165e-02
1.038845338413040276e-01
1.078698910867886968e-01
1.099925769846590712e-01
1.100483617389195756e-01
1.080321809368823549e-01
1.041384817905667975e-01
9.874329226279679461e-02
9.236935417878974763e-02
8.563700182753578027e-02
7.920481667289976102e-02
7.370533659313834030e-02
6.968203563177419180e-02
6.753415716153413073e-02
6.747555380904793343e-02
6.951236662182563864e-02
7.344226755279743835e-02
7.887540069490896200e-02
8.527453110272537051e-02
9.200970200004855715e-02
9.842125536036108735e-02
1.038845338413066643e-01
1.078698910868047395e-01
1.099925769846362422e-01
1.100483617389300256e-01
1.080321809368579994e-01
1.041384817905506022e-01
9.874329226279970895e-02
9.236935417877852050e-02
8.563700182753108958e-02
7.920481667291622008e-02
7.370533659313875663e-02
6.968203563178350379e-02
6.753415716153556014e-02
6.747555380905292943e-02
6.951236662183239712e-02
7.344226755279235908e-02
7.887540069489716588e-02
8.527453110274386960e-02
9.200970200007096977e-02
9.842125536034189437e-02
1.038845338413152269e-01
1.078698910867861988e-01
1.099925769846443191e-01
1.100483617389162172e-01
1.080321809368480629e-01
1.041384817905720572e-01
9.874329226281450267e-02
9.236935417879170440e-02
8.563700182754484247e-02
7.920481667289504257e-02
7.370533659310679608e-02
6.968203563177943760e-02
6.753415716152763593e-02
6.747555380904605993e-02
6.951236662181760340e-02
7.344226755276042629e-02
7.887540069490572847e-02
8.527453110274633985e-02
9.200970200005366417e-02
9.842125536034525279e-02
1.038845338413185992e-01
1.078698910868203659e-01
1.099925769846419044e-01
1.100483617389159952e-01
1.080321809368349623e-01
1.041384817905500748e-01
9.874329226280512128e-02
9.236935417877843724e-02
8.563700182752563561e-02
7.920481667287651573e-02
7.370533659313902031e-02
6.968203563177950699e-02
6.753415716152767756e-02
6.747555380905345679e-02
6.951236662182110060e-02
7.344226755276829499e-02
7.887540069489686057e-02
8.527453110273122694e-02
