9.124290036100850265e-02
9.348745432313683434e-02
9.527506839106833492e-02
9.643159346582549918e-02
9.684450586344957312e-02
9.647366106542047681e-02
9.535511899736921759e-02
9.359770592100381814e-02
9.137261474646965476e-02
8.889696578955438855e-02
8.641281607218438687e-02
8.416357151952646998e-02
8.237006975039792844e-02
8.120870876531115223e-02
8.079385940523646503e-02
8.116640604503043421e-02
8.228963871112700279e-02
8.405293948908862389e-02
8.628286656663908261e-02
8.876045248109371011e-02
9.124290036101712076e-02
9.348745432313683434e-02
9.527506839106833492e-02
9.643159346582549918e-02
9.684450586344957312e-02
9.647366106542047681e-02
9.535511899736921759e-02
9.359770592100381814e-02
9.137261474646965476e-02
8.889696578955438855e-02
8.641281607218438687e-02
8.416357151952646998e-02
8.237006975039902479e-02
8.120870876531265103e-02
8.079385940523646503e-02
8.116640604503043421e-02
8.228963871112700279e-02
8.405293948908862389e-02
8.628286656664189980e-02
8.876045248109371011e-02
9.124290036100850265e-02
9.348745432313683434e-02
9.527506839106833492e-02
9.643159346582549918e-02
9.684450586344957312e-02
9.647366106542047681e-02
9.535511899736921759e-02
9.359770592100381814e-02
9.137261474646959925e-02
8.889696578955438855e-02
8.641281607218438687e-02
8.416357151952646998e-02
8.237006975039902479e-02
8.120870876531265103e-02
8.079385940523646503e-02
8.116640604503043421e-02
8.228963871112700279e-02
8.405293948908862389e-02
8.628286656663908261e-02
8.876045248109371011e-02
9.124290036100850265e-02
9.348745432313683434e-02
9.527506839106833492e-02
9.643159346582549918e-02
9.684450586344957312e-02
9.647366106542047681e-02
9.535511899736921759e-02
9.359770592100381814e-02
9.137261474646965476e-02
8.889696578955438855e-02
8.641281607218438687e-02
8.416357151952646998e-02
8.237006975039902479e-02
8.120870876531265103e-02
8.079385940523646503e-02
8.116640604503043421e-02
8.228963871112700279e-02
8.405293948908862389e-02
8.628286656663908261e-02
8.876045248109371011e-02
9.124290036100850265e-02
9.348745432313683434e-02
9.527506839106833492e-02
9.643159346583671243e-02
9.684450586344957312e-02
9.647366106542047681e-02
9.535511899736921759e-02
9.359770592100381814e-02
9.137261474646965476e-02
8.889696578955438855e-02
8.641281607218438687e-02
8.416357151952646998e-02
8.237006975039792844e-02
8.120870876531115223e-02
8.079385940523646503e-02
8.116640604503043421e-02
8.228963871112700279e-02
8.405293948908862389e-02
8.628286656665566656e-02
8.876045248109371011e-02
