9.554015923335544558e-02
1.017725110432289859e-01
1.067308049439933682e-01
1.099361330144017351e-01
1.110800114118155740e-01
1.100525790908472162e-01
1.069525544214436352e-01
1.020782726843514066e-01
9.590042013409762200e-02
8.901840778132889820e-02
8.210373101280366015e-02
7.583508086165910433e-02
7.083122448778948754e-02
6.758847311623629450e-02
6.642960523644678150e-02
6.747020751329946275e-02
7.060653097437438741e-02
7.552637520904208202e-02
8.174165062516659808e-02
8.863865216686038495e-02
9.554015923337370875e-02
1.017725110432482760e-01
1.067308049439959911e-01
1.099361330144017351e-01
1.110800114118155740e-01
1.100525790908361418e-01
1.069525544214341845e-01
1.020782726843593724e-01
9.590042013409762200e-02
8.901840778132717735e-02
8.210373101279098973e-02
7.583508086166189377e-02
7.083122448778980673e-02
6.758847311623629450e-02
6.642960523644678150e-02
6.747020751329087240e-02
7.060653097437438741e-02
7.552637520902936996e-02
8.174165062516659808e-02
8.863865216686038495e-02
9.554015923337173810e-02
1.017725110432289859e-01
1.067308049439849166e-01
1.099361330144017351e-01
1.110800114118155740e-01
1.100525790908361418e-01
1.069525544214341845e-01
1.020782726843534743e-01
9.590042013409762200e-02
8.901840778132889820e-02
8.210373101280366015e-02
7.583508086165910433e-02
7.083122448780521108e-02
6.758847311623618348e-02
6.642960523644678150e-02
6.747020751329946275e-02
7.060653097437438741e-02
7.552637520904208202e-02
8.174165062516659808e-02
8.863865216685315462e-02
9.554015923335776317e-02
1.017725110432482760e-01
1.067308049439959911e-01
1.099361330144017351e-01
1.110800114118155740e-01
1.100525790908431223e-01
1.069525544214341845e-01
1.020782726843593724e-01
9.590042013410288169e-02
8.901840778132889820e-02
8.210373101283534314e-02
7.583508086165924311e-02
7.083122448778948754e-02
6.758847311623629450e-02
6.642960523644678150e-02
6.747020751329946275e-02
7.060653097437438741e-02
7.552637520904198487e-02
8.174165062516225433e-02
8.863865216685323789e-02
9.554015923337173810e-02
1.017725110432528279e-01
1.067308049439644607e-01
1.099361330144057874e-01
1.110800114118157544e-01
1.100525790908361418e-01
1.069525544214341845e-01
1.020782726843534743e-01
9.590042013409762200e-02
8.901840778132889820e-02
8.210373101280366015e-02
7.583508086165910433e-02
7.083122448778948754e-02
6.758847311623629450e-02
6.642960523644678150e-02
6.747020751329946275e-02
7.060653097437438741e-02
7.552637520902649726e-02
8.174165062514811286e-02
8.863865216685147541e-02
