8.900111884964075071e-02
8.925201658490880541e-02
8.946146710193186857e-02
8.960897667724912474e-02
8.968011452630611502e-02
8.966792215087018847e-02
8.957359258752654874e-02
8.940635379231703928e-02
8.918256751242199798e-02
8.892413102639809552e-02
8.865633692526220244e-02
8.840539919768891641e-02
8.819588705628667036e-02
8.804831776292436352e-02
8.797714491239717882e-02
8.798934037229880212e-02
8.808370992791082765e-02
8.825101034753596307e-02
8.847485634548253597e-02
8.873332783302577409e-02
8.900111884964087561e-02
8.925201658490880541e-02
8.946146710193333962e-02
8.960897667725094273e-02
8.968011452630611502e-02
8.966792215087018847e-02
8.957359258752654874e-02
8.940635379231703928e-02
8.918256751242199798e-02
8.892413102639809552e-02
8.865633692526220244e-02
8.840539919770282196e-02
8.819588705624488434e-02
8.804831776290265866e-02
8.797714491236698076e-02
8.798934037230576877e-02
8.808370992790880150e-02
8.825101034754441465e-02
8.847485634548425681e-02
8.873332783302832760e-02
8.900111884964075071e-02
8.925201658490880541e-02
8.946146710193333962e-02
8.960897667725094273e-02
8.968011452630611502e-02
8.966792215087018847e-02
8.957359258752654874e-02
8.940635379231703928e-02
8.918256751242199798e-02
8.892413102639809552e-02
8.865633692524815812e-02
8.840539919771553401e-02
8.819588705626807412e-02
8.804831776289200052e-02
8.797714491238411982e-02
8.798934037232679362e-02
8.808370992795151733e-02
8.825101034754247176e-02
8.847485634547873345e-02
8.873332783302836924e-02
8.900111884964075071e-02
8.925201658490880541e-02
8.946146710193333962e-02
8.960897667725094273e-02
8.968011452630611502e-02
8.966792215087700246e-02
8.957359258754522824e-02
8.940635379232890478e-02
8.918256751242950586e-02
8.892413102638171973e-02
8.865633692524536869e-02
8.840539919769516142e-02
8.819588705627236236e-02
8.804831776289200052e-02
8.797714491238411982e-02
8.798934037232679362e-02
8.808370992795151733e-02
8.825101034754247176e-02
8.847485634547873345e-02
8.873332783302836924e-02
8.900111884964075071e-02
8.925201658490723722e-02
8.946146710194295693e-02
8.960897667724526672e-02
8.968011452630580971e-02
8.966792215087700246e-02
8.957359258754522824e-02
8.940635379232890478e-02
8.918256751242950586e-02
8.892413102638171973e-02
8.865633692524536869e-02
8.840539919769516142e-02
8.819588705627236236e-02
8.804831776289200052e-02
8.797714491238411982e-02
8.798934037232679362e-02
8.808370992795151733e-02
8.825101034753156382e-02
8.847485634548385436e-02
8.873332783299682502e-02
