8.733130535236316438e-02
8.933197150605577674e-02
9.128236279441921674e-02
9.299174498923076793e-02
9.429314414392929444e-02
9.505955664462899246e-02
9.521623379287295907e-02
9.474789458238150330e-02
9.370020027501736737e-02
9.217535453042707827e-02
9.032223324704038991e-02
8.832195915250233564e-02
8.637027688868374742e-02
8.465841379216576534e-02
8.335429142937858527e-02
8.258595358744914849e-02
8.242888438008345864e-02
8.289851456684337039e-02
8.394868977640765340e-02
8.547625872854502926e-02
8.733130535237373926e-02
8.933197150605143300e-02
9.128236279442403234e-02
9.299174498922543886e-02
9.429314414392410415e-02
9.505955664462403809e-02
9.521623379286603406e-02
9.474789458239661621e-02
9.370020027502709570e-02
9.217535453042248472e-02
9.032223324703798906e-02
8.832195915250080909e-02
8.637027688866874553e-02
8.465841379215556517e-02
8.335429142937313129e-02
8.258595358745844661e-02
8.242888438007130170e-02
8.289851456684009523e-02
8.394868977638950125e-02
8.547625872851531692e-02
8.733130535234846781e-02
8.933197150604385572e-02
9.128236279439747025e-02
9.299174498923477861e-02
9.429314414392700461e-02
9.505955664462424626e-02
9.521623379287158517e-02
9.474789458238577766e-02
9.370020027501750615e-02
9.217535453042664806e-02
9.032223324703973766e-02
8.832195915249949070e-02
8.637027688865547836e-02
8.465841379216010321e-02
8.335429142937605951e-02
8.258595358745961235e-02
8.242888438008397212e-02
8.289851456684817210e-02
8.394868977638088314e-02
8.547625872850840578e-02
8.733130535235526792e-02
8.933197150604266223e-02
9.128236279441388767e-02
9.299174498923003240e-02
9.429314414392896138e-02
9.505955664463321131e-02
9.521623379287080802e-02
9.474789458237975470e-02
9.370020027500958193e-02
9.217535453041340865e-02
9.032223324703986256e-02
8.832195915249918539e-02
8.637027688865525632e-02
8.465841379215807705e-02
8.335429142936415237e-02
8.258595358744512394e-02
8.242888438008176555e-02
8.289851456684729780e-02
8.394868977638567098e-02
8.547625872852328277e-02
8.733130535236763303e-02
8.933197150606383974e-02
9.128236279443135981e-02
9.299174498924067667e-02
9.429314414395871535e-02
9.505955664462624466e-02
9.521623379287490196e-02
9.474789458238876139e-02
9.370020027500593207e-02
9.217535453041685034e-02
9.032223324703922418e-02
8.832195915249456408e-02
8.637027688867753017e-02
8.465841379216891560e-02
8.335429142938548253e-02
8.258595358745179915e-02
8.242888438006910901e-02
8.289851456685305708e-02
8.394868977640404517e-02
8.547625872852661344e-02
