3.714563267773414723e-01
3.754780193139284905e-01
3.800771175328544471e-01
3.848015148551054421e-01
3.892175016092984108e-01
3.929407553938703002e-01
3.956566275929857546e-01
3.971335665345054333e-01
3.972337295866938955e-01
3.959235340599017716e-01
3.932844871877948512e-01
3.895215351727244757e-01
3.849631361200432367e-01
3.800456640364395788e-01
3.752763193271392295e-01
3.711744232029764445e-01
3.681995276162425834e-01
3.666822638077209540e-01
3.667756897126343563e-01
3.684391866858093834e-01
3.714563267772464372e-01
3.754780193138534394e-01
3.800771175327849472e-01
3.848015148550559261e-01
3.892175016092530582e-01
3.929407553938280562e-01
3.956566275929427889e-01
3.971335665344664090e-01
3.972337295866555373e-01
3.959235340598744601e-01
3.932844871877669846e-01
3.895215351727054909e-01
3.849631361200387403e-01
3.800456640364334171e-01
3.752763193271480002e-01
3.711744232029818846e-01
3.681995276162533526e-01
3.666822638077296137e-01
3.667756897126416837e-01
3.684391866858159337e-01
3.714563267772514332e-01
3.754780193138536060e-01
3.800771175327862794e-01
3.848015148550529285e-01
3.892175016092588313e-01
3.929407553938301101e-01
3.956566275929483956e-01
3.971335665344684074e-01
3.972337295866689710e-01
3.959235340598811215e-01
3.932844871877732573e-01
3.895215351726997177e-01
3.849631361200243074e-01
3.800456640364276439e-01
3.752763193271417830e-01
3.711744232029730028e-01
3.681995276162403630e-01
3.666822638077155694e-01
3.667756897126320248e-01
3.684391866858080511e-01
3.714563267772494348e-01
3.754780193138494426e-01
3.800771175327766760e-01
3.848015148550384956e-01
3.892175016092517814e-01
3.929407553938227271e-01
3.956566275929404575e-01
3.971335665344607468e-01
3.972337295866540940e-01
3.959235340598608599e-01
3.932844871877472226e-01
3.895215351726869502e-01
3.849631361200246404e-01
3.800456640364271443e-01
3.752763193271434483e-01
3.711744232029784429e-01
3.681995276162425279e-01
3.666822638077281704e-01
3.667756897126436821e-01
3.684391866858209852e-01
3.714563267772676980e-01
3.754780193138679278e-01
3.800771175327970486e-01
3.848015148550539277e-01
3.892175016092569440e-01
3.929407553938337183e-01
3.956566275929529475e-01
3.971335665344718491e-01
3.972337295866681384e-01
3.959235340598824537e-01
3.932844871877781423e-01
3.895215351727166486e-01
3.849631361200472335e-01
3.800456640364363037e-01
3.752763193271424491e-01
3.711744232029826063e-01
3.681995276162479680e-01
3.666822638077176788e-01
3.667756897126346893e-01
3.684391866858067743e-01
