3.754754108717550110e-01
3.812810972793902464e-01
3.871032984513883002e-01
3.923961309595658808e-01
3.967001145934490602e-01
3.996648987792850716e-01
4.010583717597251963e-01
4.007693593934760212e-01
3.988096287445586086e-01
3.953177923763874779e-01
3.905637287545442593e-01
3.849480443345487668e-01
3.789881031770502284e-01
3.732820645841899432e-01
3.684469617431436750e-01
3.650361795799696996e-01
3.634525656546013228e-01
3.638799908444390607e-01
3.662534823722742305e-01
3.702761079912413877e-01
3.754754108717707206e-01
3.812810972793866937e-01
3.871032984514003461e-01
3.923961309596025737e-01
3.967001145934868078e-01
3.996648987793114394e-01
4.010583717597487885e-01
4.007693593934925080e-01
3.988096287445795918e-01
3.953177923763983581e-01
3.905637287545565273e-01
3.849480443345709157e-01
3.789881031770804265e-01
3.732820645841999352e-01
3.684469617431515576e-01
3.650361795799716980e-01
3.634525656546037098e-01
3.638799908444413922e-01
3.662534823722723987e-01
3.702761079912341713e-01
3.754754108717623384e-01
3.812810972794014042e-01
3.871032984513975150e-01
3.923961309595941915e-01
3.967001145934651585e-01
3.996648987792923435e-01
4.010583717597351883e-01
4.007693593934789078e-01
3.988096287445596078e-01
3.953177923763901980e-01
3.905637287545430381e-01
3.849480443345598135e-01
3.789881031770627740e-01
3.732820645841922191e-01
3.684469617431505029e-01
3.650361795799776377e-01
3.634525656546112038e-01
3.638799908444513842e-01
3.662534823722973232e-01
3.702761079912605391e-01
3.754754108717813232e-01
3.812810972793954645e-01
3.871032984513999020e-01
3.923961309596018521e-01
3.967001145934841433e-01
3.996648987793137153e-01
4.010583717597575037e-01
4.007693593934997800e-01
3.988096287445777044e-01
3.953177923764143453e-01
3.905637287545626890e-01
3.849480443345623115e-01
3.789881031770725994e-01
3.732820645841930518e-01
3.684469617431562760e-01
3.650361795799744180e-01
3.634525656546068184e-01
3.638799908444445563e-01
3.662534823722529143e-01
3.702761079912249009e-01
3.754754108717507921e-01
3.812810972793764241e-01
3.871032984513869124e-01
3.923961309595858094e-01
3.967001145934740403e-01
3.996648987793208763e-01
4.010583717597606124e-01
4.007693593934988918e-01
3.988096287445816457e-01
3.953177923764167323e-01
3.905637287545658531e-01
3.849480443345790759e-01
3.789881031770752640e-01
3.732820645841894991e-01
3.684469617431525568e-01
3.650361795799651476e-01
3.634525656545936068e-01
3.638799908444456666e-01
3.662534823722672916e-01
3.702761079912283981e-01
