3.832345304253662044e-01
3.835634343737727159e-01
3.839020140938277370e-01
3.842171932250660893e-01
3.844783146348535463e-01
3.846600669442016285e-01
3.847448674564463156e-01
3.847245040957777973e-01
3.846009054999121046e-01
3.843859766563973435e-01
3.841005070688093825e-01
3.837722306451218923e-01
3.834331912049407376e-01
3.831166407024969023e-01
3.828537600845691724e-01
3.826705326896729931e-01
3.825851046511861697e-01
3.826059277394080471e-01
3.827308977125867817e-01
3.829475857605919575e-01
3.832345304253580442e-01
3.835634343737583940e-01
3.839020140938251280e-01
3.842171932250767474e-01
3.844783146348396130e-01
3.846600669441764264e-01
3.847448674564407645e-01
3.847245040957668061e-01
3.846009054999055543e-01
3.843859766563900715e-01
3.841005070688057743e-01
3.837722306451253895e-01
3.834331912049345759e-01
3.831166407024831910e-01
3.828537600845658417e-01
3.826705326896771009e-01
3.825851046511934972e-01
3.826059277394134317e-01
3.827308977125892797e-01
3.829475857605928457e-01
3.832345304253571006e-01
3.835634343737615581e-01
3.839020140938400605e-01
3.842171932250860733e-01
3.844783146348502156e-01
3.846600669441875842e-01
3.847448674564544757e-01
3.847245040957811280e-01
3.846009054999126042e-01
3.843859766564107217e-01
3.841005070688212064e-01
3.837722306451287757e-01
3.834331912049340207e-01
3.831166407024837461e-01
3.828537600845480227e-01
3.826705326896688852e-01
3.825851046511756781e-01
3.826059277393970004e-01
3.827308977125714606e-01
3.829475857605875166e-01
3.832345304253594320e-01
3.835634343737742702e-01
3.839020140938350090e-01
3.842171932250768585e-01
3.844783146348307867e-01
3.846600669441836984e-01
3.847448674564400428e-01
3.847245040957635309e-01
3.846009054998966170e-01
3.843859766564048375e-01
3.841005070688254808e-01
3.837722306451242238e-01
3.834331912049379620e-01
3.831166407024862997e-01
3.828537600845617894e-01
3.826705326896684967e-01
3.825851046511808407e-01
3.826059277394192049e-01
3.827308977125833400e-01
3.829475857605945666e-01
3.832345304253660379e-01
3.835634343737747143e-01
3.839020140938367298e-01
3.842171932250726951e-01
3.844783146348486058e-01
3.846600669441971876e-01
3.847448674564570847e-01
3.847245040957779083e-01
3.846009054999223187e-01
3.843859766564050595e-01
3.841005070688109924e-01
3.837722306451055720e-01
3.834331912049238067e-01
3.831166407024721443e-01
3.828537600845592914e-01
3.826705326896731596e-01
3.825851046511806186e-01
3.826059277394129321e-01
3.827308977125741252e-01
3.829475857605858513e-01
