3.684882258895189056e-01
3.722253278623043893e-01
3.767234759074162276e-01
3.815342162456036301e-01
3.862168098382239845e-01
3.903689270034342296e-01
3.936459197323911585e-01
3.957734111251732800e-01
3.965581830648730044e-01
3.959010533950380606e-01
3.938129388485503979e-01
3.904317372535845987e-01
3.860335167627213515e-01
3.810282457608860640e-01
3.759304585766190532e-01
3.713010772222509748e-01
3.676675594447187390e-01
3.654407749671926275e-01
3.648515503678115834e-01
3.659238673933111752e-01
3.684882254991229122e-01
3.722253275062754607e-01
3.767234755834632520e-01
3.815342159512912779e-01
3.862168095710294957e-01
3.903689267608199120e-01
3.936459195118829357e-01
3.957734109244122611e-01
3.965581828816501231e-01
3.959010532273469218e-01
3.938129386945946053e-01
3.904317371118005697e-01
3.860335166317971911e-01
3.810282456397500739e-01
3.759304584644192482e-01
3.713010771183339886e-01
3.676675593485917437e-01
3.654407748784633259e-01
3.648515502861444104e-01
3.659238673183820012e-01
3.684882254305946181e-01
3.722253274437811732e-01
3.767234755266075097e-01
3.815342158996387067e-01
3.862168095241294008e-01
3.903689267182352540e-01
3.936459194731775080e-01
3.957734108891806102e-01
3.965581828494994521e-01
3.959010531979223479e-01
3.938129386675821020e-01
3.904317370869226922e-01
3.860335166088226244e-01
3.810282456184933553e-01
3.759304584447298314e-01
3.713010771000969101e-01
3.676675593317217938e-01
3.654407748628934471e-01
3.648515502718163717e-01
3.659238673052405133e-01
3.684882254185805062e-01
3.722253274328278239e-01
3.767234755166339877e-01
3.815342158905749570e-01
3.862168095159021486e-01
3.903689267107610661e-01
3.936459194663838868e-01
3.957734108829905062e-01
3.965581828438500822e-01
3.959010531927554810e-01
3.938129386628419493e-01
3.904317370825624578e-01
3.860335166047982325e-01
3.810282456147672803e-01
3.759304584412762051e-01
3.713010770968999119e-01
3.676675593287649368e-01
3.654407748601653516e-01
3.648515502693050472e-01
3.659238673029341915e-01
3.684882254164674187e-01
3.722253274309014204e-01
3.767234755148855530e-01
3.815342158889842294e-01
3.862168095144556390e-01
3.903689267094475057e-01
3.936459194651960036e-01
3.957734108819015995e-01
3.965581828428602074e-01
3.959010531918505937e-01
3.938129386620075612e-01
3.904317370817886879e-01
3.860335166040785859e-01
3.810282456140987040e-01
3.759304584406589211e-01
3.713010770963218743e-01
3.676675593282295873e-01
3.654407748596690819e-01
3.648515502688492451e-01
3.659238673025168032e-01
