3.743412309306193841e-01
3.761768763419000017e-01
3.785401691013011161e-01
3.811936979543540938e-01
3.838876678496272454e-01
3.863802052754465866e-01
3.884530282479441432e-01
3.899237300682864560e-01
3.906563723147971623e-01
3.905716813411484467e-01
3.896570566516967538e-01
3.879750406642932248e-01
3.856672630752427389e-01
3.829498640929471232e-01
3.800969190592175528e-01
3.774110131153328718e-01
3.751843916819052049e-01
3.736582770298204070e-01
3.729897081974490325e-01
3.732333702203518566e-01
3.743411317938539207e-01
3.761767828602403663e-01
3.785400810666122440e-01
3.811936151234536774e-01
3.838875899485662546e-01
3.863801320068557810e-01
3.884529592998473002e-01
3.899236651233444761e-01
3.906563110593363475e-01
3.905716234737065529e-01
3.896570018908931954e-01
3.879749887558378019e-01
3.856672137975892811e-01
3.829498172610003026e-01
3.800968745253437420e-01
3.774109707671753355e-01
3.751843514369591626e-01
3.736582388274800048e-01
3.729896719897519142e-01
3.732333359630211622e-01
3.743410994388937652e-01
3.761767523509167988e-01
3.785400523349978230e-01
3.811935880901836660e-01
3.838875645242331158e-01
3.863801080943998212e-01
3.884529367974547398e-01
3.899236439274451071e-01
3.906562910675609457e-01
3.905716045876678755e-01
3.896569840187574796e-01
3.879749718146149884e-01
3.856671977149697117e-01
3.829498019765739669e-01
3.800968599909346213e-01
3.774109569461158720e-01
3.751843383023202305e-01
3.736582263594744879e-01
3.729896601727337724e-01
3.732333247825357359e-01
3.743410888792828017e-01
3.761767423936657750e-01
3.785400429579299786e-01
3.811935792674009393e-01
3.838875562265605113e-01
3.863801002901592341e-01
3.884529294534131982e-01
3.899236370098029814e-01
3.906562845429074615e-01
3.905715984238896654e-01
3.896569781858851278e-01
3.879749662855586645e-01
3.856671924661401185e-01
3.829497969882556530e-01
3.800968552473976136e-01
3.774109524353863043e-01
3.751843340156128526e-01
3.736582222903357953e-01
3.729896563160559064e-01
3.732333211335995271e-01
3.743410854329773385e-01
3.761767391439453934e-01
3.785400398975665714e-01
3.811935763879442107e-01
3.838875535184787524e-01
3.863800977431182115e-01
3.884529270565630354e-01
3.899236347521181645e-01
3.906562824134807155e-01
3.905715964122445927e-01
3.896569762822356675e-01
3.879749644810692732e-01
3.856671907531006305e-01
3.829497953602367666e-01
3.800968536992627711e-01
3.774109509632377346e-01
3.751843326165790193e-01
3.736582209623094397e-01
3.729896550573681968e-01
3.732333199427186332e-01
