3.848333949464394776e-01
4.000389499039262997e-01
4.129416550919978723e-01
4.227395823601821645e-01
4.289906011276218845e-01
4.314933205209315337e-01
4.301955554956798378e-01
4.251508533817361379e-01
4.165297184745149761e-01
4.046847873158848641e-01
3.902594738717677925e-01
3.743087708880742381e-01
3.583674317972964096e-01
3.443724802958083031e-01
3.343661370945010813e-01
3.300081489876195984e-01
3.320770594014647026e-01
3.402115777579457490e-01
3.530353731667138506e-01
3.685879290551509202e-01
3.848333949464289305e-01
4.000389499038911612e-01
4.129416550919797757e-01
4.227395823601611813e-01
4.289906011276288234e-01
4.314933205209323108e-01
4.301955554956587990e-01
4.251508533817338065e-01
4.165297184745093140e-01
4.046847873158671560e-01
3.902594738717668488e-01
3.743087708880882825e-01
3.583674317973158385e-01
3.443724802957876530e-01
3.343661370944560618e-01
3.300081489875731355e-01
3.320770594014266219e-01
3.402115777579195477e-01
3.530353731666949213e-01
3.685879290551570264e-01
3.848333949464470272e-01
4.000389499039013197e-01
4.129416550919793316e-01
4.227395823601502456e-01
4.289906011276133357e-01
4.314933205209181000e-01
4.301955554956705119e-01
4.251508533817436319e-01
4.165297184745334058e-01
4.046847873158934128e-01
3.902594738717872214e-01
3.743087708881192577e-01
3.583674317973294388e-01
3.443724802957984221e-01
3.343661370944946420e-01
3.300081489875908991e-01
3.320770594014452182e-01
3.402115777579333145e-01
3.530353731667357220e-01
3.685879290551519749e-01
3.848333949464314840e-01
4.000389499039110897e-01
4.129416550919662865e-01
4.227395823601466374e-01
4.289906011275880227e-01
4.314933205208850153e-01
4.301955554956496952e-01
4.251508533817372482e-01
4.165297184745184733e-01
4.046847873158850861e-01
3.902594738717632961e-01
3.743087708881027154e-01
3.583674317973260526e-01
3.443724802957942588e-01
3.343661370945023581e-01
3.300081489876166563e-01
3.320770594014514354e-01
3.402115777579416966e-01
3.530353731667051909e-01
3.685879290551463683e-01
3.848333949464309844e-01
4.000389499038964347e-01
4.129416550919766671e-01
4.227395823601375335e-01
4.289906011275655406e-01
4.314933205208803524e-01
4.301955554956367056e-01
4.251508533817293656e-01
4.165297184745068160e-01
4.046847873158849751e-01
3.902594738717751199e-01
3.743087708880876163e-01
3.583674317973192247e-01
3.443724802958147979e-01
3.343661370944940314e-01
3.300081489876083851e-01
3.320770594014298971e-01
3.402115777579355349e-01
3.530353731667267292e-01
3.685879290551629106e-01
