3.741019974591420216e-01
3.754915058800273875e-01
3.773598516479367837e-01
3.795171796548943988e-01
3.817608108018649138e-01
3.838914049448434729e-01
3.857250593515664239e-01
3.871026991130487316e-01
3.878984967536108219e-01
3.880287163939412087e-01
3.874614285986868190e-01
3.862260879568796268e-01
3.844202691043980269e-01
3.822095438928185818e-01
3.798165217009125683e-01
3.774972850449408446e-01
3.755076409161566264e-01
3.740660684201886910e-01
3.733224642434186946e-01
3.733402126557421319e-01
3.740944547005797260e-01
3.754842240152421740e-01
3.773528291588306161e-01
3.795104122420988602e-01
3.817542914659282638e-01
3.838851242895107152e-01
3.857190060216222349e-01
3.870968603075156111e-01
3.878928587840147491e-01
3.880232652778069502e-01
3.874561506853854143e-01
3.862209705736103227e-01
3.844153011860017566e-01
3.822047165272129399e-01
3.798118284972573089e-01
3.774927222323282705e-01
3.755032071194718268e-01
3.740617641303720653e-01
3.733182910759125228e-01
3.733361725398334774e-01
3.740905491438634711e-01
3.754804535464270621e-01
3.773491929918682541e-01
3.795069081508194997e-01
3.817509158260959934e-01
3.838818722358491864e-01
3.857158716745252569e-01
3.870938370387830840e-01
3.878899395058974520e-01
3.880204427503374243e-01
3.874534178404203666e-01
3.862183208493181752e-01
3.844127288529546327e-01
3.822022169708417794e-01
3.798093984084553454e-01
3.774903596585611476e-01
3.755009113487213779e-01
3.740595354168429476e-01
3.733161302560613626e-01
3.733340806126201894e-01
3.740885268899062921e-01
3.754785012394906696e-01
3.773473102249419453e-01
3.795050937712190486e-01
3.817491679572311281e-01
3.838801883585304386e-01
3.857142487443617762e-01
3.870922716237655270e-01
3.878884279360703125e-01
3.880189812769229141e-01
3.874520028036117503e-01
3.862169488514700655e-01
3.844113969274378650e-01
3.822009227282802679e-01
3.798081401354269637e-01
3.774891363440689429e-01
3.754997226240904262e-01
3.740583814136971275e-01
3.733150114075113879e-01
3.733329974359163028e-01
3.740874797892401182e-01
3.754774903566142630e-01
3.773463353491097183e-01
3.795041543055837630e-01
3.817482629301165997e-01
3.838793164655298629e-01
3.857134084091204951e-01
3.870914610692273716e-01
3.878876452619758330e-01
3.880182245421956999e-01
3.874512701132438730e-01
3.862162384461969022e-01
3.844107072711759332e-01
3.822002525838366083e-01
3.798074886156119767e-01
3.774885029253950974e-01
3.754991071156597582e-01
3.740577838836667279e-01
3.733144320801402571e-01
3.733324365790307020e-01
