3.836035147794062405e-01
3.836319182527799798e-01
3.836705643659222842e-01
3.837156130606350635e-01
3.837626250153985397e-01
3.838069908346779524e-01
3.838443686103070185e-01
3.838710922009221926e-01
3.838845165668449133e-01
3.838832714509149979e-01
3.838674005746584572e-01
3.838383708672759576e-01
3.837989457547481553e-01
3.837529284930593643e-01
3.837047953282710089e-01
3.836592522151331952e-01
3.836207603839592584e-01
3.835930824916862214e-01
3.835789004268118640e-01
3.835795475580283109e-01
3.835948836299324372e-01
3.836233224028842703e-01
3.836620039266934734e-01
3.837070880634753101e-01
3.837541354018810247e-01
3.837985364550457468e-01
3.838359492304879161e-01
3.838627075172139635e-01
3.838761662268267427e-01
3.838749550786318410e-01
3.838591177977829783e-01
3.838301213437494419e-01
3.837907291963841283e-01
3.837447446837980447e-01
3.836966441352270829e-01
3.836511335912592413e-01
3.836126743620140722e-01
3.835850291701480841e-01
3.835708799492698051e-01
3.835715600882844134e-01
3.835869293254862145e-01
3.836154013895421988e-01
3.836541162768098978e-01
3.836992337798328934e-01
3.837463144085645483e-01
3.837907485959309306e-01
3.838281942752670983e-01
3.838549851742414920e-01
3.838684761615049346e-01
3.838672969356492493e-01
3.838514912251647648e-01
3.838225260165073482e-01
3.837831648375263915e-01
3.837372110806388514e-01
3.836891411493202897e-01
3.836436611608955438e-01
3.836052324969750904e-01
3.835776179392773044e-01
3.835634994621876515e-01
3.835642104732474023e-01
3.835796107057464766e-01
3.836081138606611818e-01
3.836468598871681790e-01
3.836920085161441563e-01
3.837391201876080848e-01
3.837835852630860356e-01
3.838210616097942340e-01
3.838478829006731208e-01
3.838614039660396826e-01
3.838602544860172383e-01
3.838444781921614424e-01
3.838155420952059638e-01
3.837762097661628347e-01
3.837302846553032332e-01
3.836822432329479171e-01
3.836367916855876747e-01
3.835983914593694144e-01
3.835708053894363312e-01
3.835567154872134843e-01
3.835574551773918150e-01
3.835728841891451468e-01
3.836014161988902660e-01
3.836401911136560483e-01
3.836853686090612170e-01
3.837325090623514567e-01
3.837770027708861109e-01
3.838145075424037045e-01
3.838413570005875242e-01
3.838549059412370568e-01
3.838537840278599123e-01
3.838380349948255499e-01
3.838091258748494439e-01
3.837698202780057133e-01
3.837239217069423058e-01
3.836759066925322648e-01
3.836304814839645583e-01
3.835921075859438645e-01
3.835645478821628207e-01
3.835504844177969885e-01
3.835512506333032534e-01
