3.827488163986112468e-01
3.868260929032527606e-01
3.904997310308024328e-01
3.934407775599426671e-01
3.954021237921931387e-01
3.962277192768835499e-01
3.958551713658375881e-01
3.943154881599360007e-01
3.917318993135293637e-01
3.883173343867061256e-01
3.843679071754675380e-01
3.802483331316446336e-01
3.763653746844746739e-01
3.731278082279781416e-01
3.708959725027613508e-01
3.699293470703038933e-01
3.703442924904364331e-01
3.720935562133411700e-01
3.749737258280996244e-01
3.786585576522865648e-01
3.827488163986209613e-01
3.868260929032524276e-01
3.904997310308034875e-01
3.934407775599343959e-01
3.954021237921725440e-01
3.962277192768921541e-01
3.958551713658638449e-01
3.943154881599444384e-01
3.917318993135457950e-01
3.883173343867176719e-01
3.843679071755020660e-01
3.802483331316398596e-01
3.763653746844851655e-01
3.731278082279695374e-01
3.708959725027445864e-01
3.699293470703094444e-01
3.703442924904214451e-01
3.720935562133093621e-01
3.749737258280418373e-01
3.786585576522731311e-01
3.827488163986161873e-01
3.868260929032644735e-01
3.904997310308233605e-01
3.934407775599571555e-01
3.954021237922165088e-01
3.962277192769083634e-01
3.958551713658730042e-01
3.943154881599671979e-01
3.917318993135224248e-01
3.883173343866948568e-01
3.843679071755088383e-01
3.802483331316175996e-01
3.763653746845023740e-01
3.731278082279823605e-01
3.708959725027628496e-01
3.699293470702904596e-01
3.703442924904012945e-01
3.720935562133124708e-01
3.749737258280291252e-01
3.786585576522066843e-01
3.827488163985866554e-01
3.868260929032442674e-01
3.904997310308078728e-01
3.934407775599573776e-01
3.954021237922246690e-01
3.962277192768817180e-01
3.958551713658625681e-01
3.943154881599336692e-01
3.917318993135240901e-01
3.883173343867025173e-01
3.843679071754750876e-01
3.802483331316094395e-01
3.763653746844602410e-01
3.731278082279770314e-01
3.708959725027424770e-01
3.699293470702786912e-01
3.703442924904071232e-01
3.720935562133157459e-01
3.749737258280677055e-01
3.786585576522734642e-01
3.827488163985931502e-01
3.868260929032945050e-01
3.904997310308387926e-01
3.934407775599505497e-01
3.954021237921803711e-01
3.962277192768807743e-01
3.958551713658766680e-01
3.943154881599720274e-01
3.917318993135183169e-01
3.883173343866980209e-01
3.843679071754809717e-01
3.802483331315925086e-01
3.763653746844746184e-01
3.731278082279650410e-01
3.708959725027402010e-01
3.699293470703028941e-01
3.703442924904111755e-01
3.720935562133255714e-01
3.749737258280624874e-01
3.786585576522537577e-01
