3.888397725029478225e-01
3.889173928041609885e-01
3.890211238280790740e-01
3.891406205538437968e-01
3.892641954715541086e-01
3.893799234925798824e-01
3.894767105923238049e-01
3.895452586360709235e-01
3.895788763637241803e-01
3.895740934569711378e-01
3.895310331805283410e-01
3.894534960984137872e-01
3.893487119936467344e-01
3.892267376311394078e-01
3.890995179145180782e-01
3.889796828862470690e-01
3.888792099558149307e-01
3.888081216549703067e-01
3.887733979512530968e-01
3.887782519986917040e-01
3.888218558542186898e-01
3.888995259312672537e-01
3.890033082144791488e-01
3.891228569616012045e-01
3.892464838679839390e-01
3.893622630526792361e-01
3.894590997717038428e-01
3.895276953048863455e-01
3.895613579892406864e-01
3.895566173201922000e-01
3.895135966101340164e-01
3.894360967030157106e-01
3.893313478715442200e-01
3.892094075362794725e-01
3.890822213593820855e-01
3.889624201676575854e-01
3.888619820981615849e-01
3.887909302759106622e-01
3.887562450655445700e-01
3.887611397840941563e-01
3.888047864075956372e-01
3.888825010424414308e-01
3.889863291807610368e-01
3.891059244587522503e-01
3.892295978855709326e-01
3.893454228948188822e-01
3.894423041188393997e-01
3.895109423285731398e-01
3.895446455093971583e-01
3.895399429923162016e-01
3.894969581280345872e-01
3.894194920006178728e-01
3.893147753056580007e-01
3.891928660317466315e-01
3.890657104996986249e-01
3.889459402187022685e-01
3.888455339600225269e-01
3.887745153669997511e-01
3.887398651524470727e-01
3.887447967778847602e-01
3.887884821510850797e-01
3.888662371124140815e-01
3.889701067252882560e-01
3.890897440834771293e-01
3.892134595960946020e-01
3.893293260962177316e-01
3.894262476687026520e-01
3.894949246366640194e-01
3.895286646748467585e-01
3.895239969674810787e-01
3.894810448964021177e-01
3.894036097543385755e-01
3.892989226067565256e-01
3.891770419406011539e-01
3.890499146557856447e-01
3.889301728625597643e-01
3.888297958918399688e-01
3.887588078453406149e-01
3.887241897448125982e-01
3.887291551812939727e-01
3.887728760042147291e-01
3.888506678205573830e-01
3.889545753159465158e-01
3.890742511049853913e-01
3.891980050657111168e-01
3.893139094987630444e-01
3.894108680026644453e-01
3.894795805018093082e-01
3.895133543933838038e-01
3.895087187292012865e-01
3.894657969166659961e-01
3.893883904320895595e-01
3.892837306683735732e-01
3.891618765549174630e-01
3.890347755068133129e-01
3.889150601699520315e-01
3.888147103748420541e-01
3.887437506332066528e-01
3.887091622440022043e-01
3.887141589155750920e-01
