3.836475844814707936e-01
3.836720065200586727e-01
3.837048166908543778e-01
3.837427610785360543e-01
3.837821111229503535e-01
3.838190235296715658e-01
3.838499028082762998e-01
3.838717361364556990e-01
3.838823741860240557e-01
3.838807357071523096e-01
3.838669180612562792e-01
3.838422011862374639e-01
3.838089395671578363e-01
3.837703462361615747e-01
3.837301843499574261e-01
3.836923940880011541e-01
3.836606931288566447e-01
3.836381951310885441e-01
3.836270904051818365e-01
3.836284256886065558e-01
3.836420068055360066e-01
3.836664316840618927e-01
3.836992450310260372e-01
3.837371928277885091e-01
3.837765463987380943e-01
3.838134623329489958e-01
3.838443450332572060e-01
3.838661815899838681e-01
3.838768226146426765e-01
3.838751868293834857e-01
3.838613716022024058e-01
3.838366569113554339e-01
3.838033973120462683e-01
3.837648059294351266e-01
3.837246460268434745e-01
3.836868578931472151e-01
3.836551593079818301e-01
3.836326640123292608e-01
3.836215623721730417e-01
3.836229011482713558e-01
3.836364861540729754e-01
3.836609152747023077e-01
3.836937331467564771e-01
3.837316856615310412e-01
3.837710440425927683e-01
3.838079647771403535e-01
3.838388521745533244e-01
3.838606932485554291e-01
3.838713385577104398e-01
3.838697067994836787e-01
3.838558953475323388e-01
3.838311842154543130e-01
3.837979280200170540e-01
3.837593399681390460e-01
3.837191834169581539e-01
3.836813987517599944e-01
3.836497038413558824e-01
3.836272124995855348e-01
3.836161151416636050e-01
3.836174585492422295e-01
3.836310485266961612e-01
3.836554829216165530e-01
3.836883063089423507e-01
3.837262645007338824e-01
3.837656286317164822e-01
3.838025550992055779e-01
3.838334481300231249e-01
3.838552946701432877e-01
3.838659452312151998e-01
3.838643184887458037e-01
3.838505118212809930e-01
3.838258052736000514e-01
3.837925535169315894e-01
3.837539698306203229e-01
3.837138176550149993e-01
3.836760374610116431e-01
3.836443471967158625e-01
3.836218607408646286e-01
3.836107685526591315e-01
3.836121174326090899e-01
3.836257131773250229e-01
3.836501536013137703e-01
3.836829832249241123e-01
3.837209477899155008e-01
3.837603183520720829e-01
3.837972512287473048e-01
3.838281505732312193e-01
3.838500032710776555e-01
3.838606597920229402e-01
3.838590387918783264e-01
3.838452376534277621e-01
3.838205364491735216e-01
3.837872898988893278e-01
3.837487113465768984e-01
3.837085643069564900e-01
3.836707893275292380e-01
3.836391044274407580e-01
3.836166235436693217e-01
3.836055371750013987e-01
3.836068921390730635e-01
