3.873781229127865045e-01
3.951548555160978582e-01
4.014824443021684508e-01
4.059287183871000959e-01
4.082364717370363105e-01
4.082918597415886586e-01
4.061028329560995576e-01
4.017950913255987633e-01
3.956259645811889269e-01
3.880101819515722195e-01
3.795442506832524265e-01
3.710085147861466592e-01
3.633220399105479559e-01
3.574328882629053683e-01
3.541509288212758011e-01
3.539662382459879963e-01
3.569212526363177429e-01
3.625941840549299355e-01
3.702030999856484317e-01
3.787848762545237280e-01
3.873781229128162029e-01
3.951548555161191190e-01
4.014824443021900446e-01
4.059287183870720628e-01
4.082364717370428608e-01
4.082918597415387540e-01
4.061028329560800176e-01
4.017950913255653456e-01
3.956259645811491255e-01
3.880101819515744399e-01
3.795442506832745200e-01
3.710085147861237331e-01
3.633220399105403509e-01
3.574328882629329573e-01
3.541509288212648099e-01
3.539662382459728973e-01
3.569212526363079174e-01
3.625941840549250506e-01
3.702030999856284477e-01
3.787848762544476777e-01
3.873781229127886694e-01
3.951548555161354948e-01
4.014824443021590139e-01
4.059287183870693427e-01
4.082364717369836860e-01
4.082918597415347572e-01
4.061028329560755212e-01
4.017950913255569079e-01
3.956259645811380787e-01
3.880101819515385797e-01
3.795442506832555352e-01
3.710085147861286181e-01
3.633220399105718812e-01
3.574328882629282389e-01
3.541509288212908446e-01
3.539662382459496381e-01
3.569212526362479654e-01
3.625941840548798645e-01
3.702030999855964732e-01
3.787848762544942516e-01
3.873781229128093195e-01
3.951548555161000786e-01
4.014824443021468015e-01
4.059287183870914362e-01
4.082364717370332019e-01
4.082918597415564621e-01
4.061028329560425476e-01
4.017950913255490808e-01
3.956259645811197045e-01
3.880101819515252015e-01
3.795442506832376051e-01
3.710085147860960331e-01
3.633220399105314136e-01
3.574328882629216331e-01
3.541509288213006146e-01
3.539662382459831114e-01
3.569212526363268467e-01
3.625941840548995709e-01
3.702030999855808746e-01
3.787848762544274162e-01
3.873781229128053782e-01
3.951548555160939724e-01
4.014824443021604572e-01
4.059287183870995408e-01
4.082364717370372542e-01
4.082918597415374773e-01
4.061028329560894545e-01
4.017950913255453615e-01
3.956259645811342485e-01
3.880101819515688333e-01
3.795442506832645280e-01
3.710085147861209021e-01
3.633220399105719922e-01
3.574328882629336790e-01
3.541509288212832951e-01
3.539662382459404788e-01
3.569212526362876559e-01
3.625941840549593009e-01
3.702030999856735782e-01
3.787848762545121817e-01
