3.836697458882157297e-01
3.836711539104692426e-01
3.836730501790549530e-01
3.836752480326263703e-01
3.836775313814580479e-01
3.836796758434795618e-01
3.836814706626187066e-01
3.836827392814171067e-01
3.836833565761267328e-01
3.836832610853733727e-01
3.836824610427452820e-01
3.836810336165940583e-01
3.836791174140167793e-01
3.836768989607401981e-01
3.836745944621215432e-01
3.836724286231913972e-01
3.836706126071880996e-01
3.836693233076586829e-01
3.836686859852054265e-01
3.836687619867650278e-01
3.836695427569226657e-01
3.836709507212158754e-01
3.836728469374343087e-01
3.836750447438859180e-01
3.836773280504652273e-01
3.836794724747167318e-01
3.836812672602137320e-01
3.836825358491943727e-01
3.836831531176865817e-01
3.836830576041825869e-01
3.836822575422336734e-01
3.836808301002470056e-01
3.836789138854561076e-01
3.836766954237839089e-01
3.836743909208178982e-01
3.836722250818235258e-01
3.836704090702532377e-01
3.836691197798158814e-01
3.836684824712097153e-01
3.836685584913818170e-01
3.836693392848387618e-01
3.836707472769571581e-01
3.836726435252914569e-01
3.836748413678610081e-01
3.836771247142411467e-01
3.836792691816544587e-01
3.836810640133734296e-01
3.836823326513847388e-01
3.836829499715297409e-01
3.836828545121924727e-01
3.836820545068996835e-01
3.836806271241145483e-01
3.836787109711953803e-01
3.836764925742421339e-01
3.836741881390482445e-01
3.836720223710928246e-01
3.836702064340180018e-01
3.836689172216837806e-01
3.836682799948758493e-01
3.836683561005586052e-01
3.836691369831787268e-01
3.836705450679775975e-01
3.836724414123125482e-01
3.836746393539570699e-01
3.836769228022157141e-01
3.836790673740349544e-01
3.836808623124320361e-01
3.836821310591791989e-01
3.836827484899589802e-01
3.836826531430657106e-01
3.836818532520101521e-01
3.836804259853073273e-01
3.836785099504298469e-01
3.836762916736370377e-01
3.836739873609078533e-01
3.836718217179098112e-01
3.836700059084597880e-01
3.836687168265514036e-01
3.836680797330545567e-01
3.836681559749524628e-01
3.836689369966431173e-01
3.836703452232557154e-01
3.836722417119779460e-01
3.836744398003729684e-01
3.836767233975104108e-01
3.836788681200994922e-01
3.836806632109364679e-01
3.836819321116068382e-01
3.836825496976586369e-01
3.836824545073102555e-01
3.836816547740595773e-01
3.836802276664732503e-01
3.836783117921259700e-01
3.836760936774206709e-01
3.836737895285024513e-01
3.836716240512103582e-01
3.836698084095155892e-01
3.836685194975363866e-01
3.836678825762185330e-01
3.836679589925659495e-01
