3.772313948987652821e-01
3.958385006712869525e-01
4.113550950661922778e-01
4.229649079631885300e-01
4.303072000720236101e-01
4.332772565328418257e-01
4.318847925272614741e-01
4.261877508248965163e-01
4.163029723869874910e-01
4.024933589175418436e-01
3.853276792312917420e-01
3.658870225443056623e-01
3.459391554454855355e-01
3.279339466290428495e-01
3.146595467999141471e-01
3.085368489744884091e-01
3.108066263883936253e-01
3.210534167000731465e-01
3.373630553721386760e-01
3.570045084214453213e-01
3.772313948987502941e-01
3.958385006712583087e-01
4.113550950662198114e-01
4.229649079632228914e-01
4.303072000720674084e-01
4.332772565328925074e-01
4.318847925272977228e-01
4.261877508249102275e-01
4.163029723870181331e-01
4.024933589175501147e-01
3.853276792312926302e-01
3.658870225443217050e-01
3.459391554455197304e-01
3.279339466290779881e-01
3.146595467999353524e-01
3.085368489745115017e-01
3.108066263884224911e-01
3.210534167001250494e-01
3.373630553721628234e-01
3.570045084214354403e-01
3.772313948987506271e-01
3.958385006712719090e-01
4.113550950662018257e-01
4.229649079631844777e-01
4.303072000720214452e-01
4.332772565328555370e-01
4.318847925272975563e-01
4.261877508249063973e-01
4.163029723870160792e-01
4.024933589175571091e-01
3.853276792312605448e-01
3.658870225443050517e-01
3.459391554455047424e-01
3.279339466290518978e-01
3.146595467998935525e-01
3.085368489744660381e-01
3.108066263884004532e-01
3.210534167000846928e-01
3.373630553721417846e-01
3.570045084214450992e-01
3.772313948987189303e-01
3.958385006712535903e-01
4.113550950662305250e-01
4.229649079632001318e-01
4.303072000720516432e-01
4.332772565328723569e-01
4.318847925273060495e-01
4.261877508249415358e-01
4.163029723870544374e-01
4.024933589176153403e-01
3.853276792312910204e-01
3.658870225442991120e-01
3.459391554454801510e-01
3.279339466290508431e-01
3.146595467999189766e-01
3.085368489744895748e-01
3.108066263883905722e-01
3.210534167000634875e-01
3.373630553721081449e-01
3.570045084214182318e-01
3.772313948987413013e-01
3.958385006712696885e-01
4.113550950662246963e-01
4.229649079631998543e-01
4.303072000720516432e-01
4.332772565328687486e-01
4.318847925272895072e-01
4.261877508249421465e-01
4.163029723870527721e-01
4.024933589175817006e-01
3.853276792312981258e-01
3.658870225443029978e-01
3.459391554455060747e-01
3.279339466290577820e-01
3.146595467999424023e-01
3.085368489745120568e-01
3.108066263884187719e-01
3.210534167001017347e-01
3.373630553721610470e-01
3.570045084214423792e-01
