3.911725068626089041e-01
4.073452811742963031e-01
4.197891255535776134e-01
4.281475961308475742e-01
4.323352512425653882e-01
4.323721264708982881e-01
4.283015797487886855e-01
4.201828813064005241e-01
4.081533411709722947e-01
3.925616416498390882e-01
3.741679341261849867e-01
3.543698466044120088e-01
3.353384910655771156e-01
3.198713074140202006e-01
3.108031219043150828e-01
3.100760090002472880e-01
3.179349780514344470e-01
3.327905075481236152e-01
3.518579551227567492e-01
3.721370875744837714e-01
3.911725068626032420e-01
4.073452811742813706e-01
4.197891255536018162e-01
4.281475961308900402e-01
4.323352512425961414e-01
4.323721264709121659e-01
4.283015797487766951e-01
4.201828813064129586e-01
4.081533411709857839e-01
3.925616416497894057e-01
3.741679341261964220e-01
3.543698466044174489e-01
3.353384910655539675e-01
3.198713074140308588e-01
3.108031219043461135e-01
3.100760090002436797e-01
3.179349780514292845e-01
3.327905075480900310e-01
3.518579551227254409e-01
3.721370875744912099e-01
3.911725068625759860e-01
4.073452811742366841e-01
4.197891255535702859e-01
4.281475961308326972e-01
4.323352512425491234e-01
4.323721264709191048e-01
4.283015797487711995e-01
4.201828813064114043e-01
4.081533411710209780e-01
3.925616416498345362e-01
3.741679341261439085e-01
3.543698466044062911e-01
3.353384910656048712e-01
3.198713074140532853e-01
3.108031219043251303e-01
3.100760090002239178e-01
3.179349780514582613e-01
3.327905075481075725e-01
3.518579551227852265e-01
3.721370875745411699e-01
3.911725068626326629e-01
4.073452811742933055e-01
4.197891255535405319e-01
4.281475961308381928e-01
4.323352512425642780e-01
4.323721264709354251e-01
4.283015797487578213e-01
4.201828813063870349e-01
4.081533411710077108e-01
3.925616416498359240e-01
3.741679341262013625e-01
3.543698466044180040e-01
3.353384910655641260e-01
3.198713074140631663e-01
3.108031219043589366e-01
3.100760090002269154e-01
3.179349780514618695e-01
3.327905075480817598e-01
3.518579551227261626e-01
3.721370875745134144e-01
3.911725068626111801e-01
4.073452811742961366e-01
4.197891255535674548e-01
4.281475961308048306e-01
4.323352512425789884e-01
4.323721264709505241e-01
4.283015797487663145e-01
4.201828813063982482e-01
4.081533411709706294e-01
3.925616416498168837e-01
3.741679341261784364e-01
3.543698466044064577e-01
3.353384910655475282e-01
3.198713074140413504e-01
3.108031219043123072e-01
3.100760090002403491e-01
3.179349780514482693e-01
3.327905075481050745e-01
3.518579551227593027e-01
3.721370875744848816e-01
