3.969878284659013601e-01
4.135708269730373754e-01
4.263408382289982090e-01
4.349216321710697164e-01
4.392136730090379082e-01
4.392282680761138702e-01
4.350049088019697918e-01
4.266043021625769427e-01
4.141727490996339744e-01
3.980798355509512776e-01
3.791242064982190962e-01
3.587637151237271782e-01
3.392485439159932392e-01
3.234583708427483106e-01
3.142861649646949695e-01
3.136837575678025347e-01
3.218558362903207182e-01
3.371460943914373898e-01
3.567051206086950810e-01
3.774830670679564792e-01
3.969878284659079104e-01
4.135708269730383191e-01
4.263408382290045373e-01
4.349216321711041888e-01
4.392136730090282493e-01
4.392282680761001590e-01
4.350049088019835031e-01
4.266043021626054199e-01
4.141727490996476302e-01
3.980798355509569952e-01
3.791242064982088267e-01
3.587637151237076938e-01
3.392485439159598770e-01
3.234583708427528626e-01
3.142861649646946365e-01
3.136837575677881573e-01
3.218558362902766978e-01
3.371460943914550978e-01
3.567051206087161197e-01
3.774830670679735212e-01
3.969878284659106304e-01
4.135708269730293263e-01
4.263408382289778364e-01
4.349216321710759336e-01
4.392136730090307473e-01
4.392282680761160907e-01
4.350049088019786736e-01
4.266043021625799958e-01
4.141727490996985339e-01
3.980798355509513331e-01
3.791242064982030535e-01
3.587637151236623967e-01
3.392485439159403371e-01
3.234583708427350435e-01
3.142861649647009648e-01
3.136837575678098622e-01
3.218558362902841363e-01
3.371460943914538766e-01
3.567051206087005766e-01
3.774830670679606426e-01
3.969878284659169587e-01
4.135708269730581366e-01
4.263408382290018173e-01
4.349216321710743238e-01
4.392136730090298036e-01
4.392282680761162017e-01
4.350049088019890542e-01
4.266043021626136356e-01
4.141727490996724437e-01
3.980798355509522213e-01
3.791242064981871773e-01
3.587637151236891531e-01
3.392485439159591554e-01
3.234583708427576920e-01
3.142861649646895850e-01
3.136837575677808854e-01
3.218558362902877445e-01
3.371460943914460495e-01
3.567051206087139548e-01
3.774830670679604760e-01
3.969878284659260625e-01
4.135708269730427600e-01
4.263408382290171383e-01
4.349216321710928645e-01
4.392136730090282493e-01
4.392282680761170899e-01
4.350049088019733445e-01
4.266043021625962606e-01
4.141727490996350847e-01
3.980798355509323483e-01
3.791242064982285886e-01
3.587637151237209054e-01
3.392485439159811378e-01
3.234583708427576920e-01
3.142861649647187838e-01
3.136837575678026457e-01
3.218558362903110592e-01
3.371460943914330044e-01
3.567051206086791493e-01
3.774830670679842903e-01
