3.740228792273876390e-01
3.764987136758013442e-01
3.795136472576268738e-01
3.827680429314176958e-01
3.859567275129436870e-01
3.887934389114433009e-01
3.910293653847356499e-01
3.924672567289000380e-01
3.929730294099164079e-01
3.924862366864205199e-01
3.910294618642720099e-01
3.887149298133934505e-01
3.857449373878158450e-01
3.824018898852050707e-01
3.790247173383651802e-01
3.759716786388581089e-01
3.735743208918428926e-01
3.720916199710908590e-01
3.716747092437032163e-01
3.723499881512002951e-01
3.740228789883601745e-01
3.764987134574893646e-01
3.795136470585495636e-01
3.827680427500798621e-01
3.859567273478445859e-01
3.887934387611154952e-01
3.910293652477547233e-01
3.924672566039398847e-01
3.929730292957319682e-01
3.924862365818794219e-01
3.910294617683592877e-01
3.887149297252080471e-01
3.857449373065941489e-01
3.824018898102943265e-01
3.790247172692333688e-01
3.759716785750632506e-01
3.735743208330268850e-01
3.720916199169369554e-01
3.716747091939414105e-01
3.723499881055605254e-01
3.740228789465970261e-01
3.764987134193453211e-01
3.795136470237652215e-01
3.827680427183869916e-01
3.859567273189906667e-01
3.887934387348439547e-01
3.910293652238185369e-01
3.924672565821041292e-01
3.929730292757795951e-01
3.924862365636155315e-01
3.910294617515926996e-01
3.887149297097984846e-01
3.857449372924002251e-01
3.824018897972101816e-01
3.790247172571584167e-01
3.759716785639266590e-01
3.735743208227654266e-01
3.720916199074909558e-01
3.716747091852614093e-01
3.723499880976098853e-01
3.740228789393256759e-01
3.764987134127103507e-01
3.795136470177182808e-01
3.827680427128803409e-01
3.859567273139666854e-01
3.887934387302673378e-01
3.910293652196487058e-01
3.924672565782971745e-01
3.929730292723002116e-01
3.924862365604270820e-01
3.910294617486697044e-01
3.887149297071115783e-01
3.857449372899285356e-01
3.824018897949301166e-01
3.790247172550584853e-01
3.759716785619863777e-01
3.735743208209719723e-01
3.720916199058402762e-01
3.716747091837419581e-01
3.723499880962040653e-01
3.740228789380338759e-01
3.764987134115230227e-01
3.795136470166294296e-01
3.827680427118921869e-01
3.859567273130723453e-01
3.887934387294569860e-01
3.910293652189109070e-01
3.924672565776208266e-01
3.929730292716820950e-01
3.924862365598569269e-01
3.910294617481481771e-01
3.887149297066237463e-01
3.857449372894775630e-01
3.824018897945128392e-01
3.790247172546679089e-01
3.759716785616247781e-01
3.735743208206376842e-01
3.720916199055321338e-01
3.716747091834619598e-01
3.723499880959523223e-01
