1.764769474134821214e+00
1.765019887396334974e+00
1.765324264638017837e+00
1.765652620682406138e+00
1.765973492598396755e+00
1.766256693291824442e+00
1.766475749528005901e+00
1.766609973593086247e+00
1.766646149779038888e+00
1.766579791908212904e+00
1.766415867495080727e+00
1.766168822926510895e+00
1.765861724013847223e+00
1.765524384263548852e+00
1.765190503999609417e+00
1.764894063275601166e+00
1.764665434582071368e+00
1.764527820138566128e+00
1.764494604153370894e+00
1.764568031831038386e+00
1.764739342243454967e+00
1.764990191552092469e+00
1.765294999421255895e+00
1.765623780349505401e+00
1.765945071085744278e+00
1.766228684253773995e+00
1.766448146401716768e+00
1.766582769683205489e+00
1.766619338355644109e+00
1.766553366311593543e+00
1.766389821240575309e+00
1.766143149801495671e+00
1.765836418158015730e+00
1.765499440223180949e+00
1.765165916747868158e+00
1.764869828194308043e+00
1.764641547405568334e+00
1.764504276866296406e+00
1.764471400942936752e+00
1.764545164886256901e+00
1.764716807711702584e+00
1.764967985442265741e+00
1.765273117549064352e+00
1.765602218312182892e+00
1.765923824264473918e+00
1.766207747839801501e+00
1.766427515441280516e+00
1.766562439136375229e+00
1.766599303164460677e+00
1.766533621473090676e+00
1.766370361879894713e+00
1.766123971239615953e+00
1.765817515967844198e+00
1.765480810267514578e+00
1.765147555193661066e+00
1.764851731499978538e+00
1.764623712281782497e+00
1.764486700214826342e+00
1.764454079781794693e+00
1.764528096271272606e+00
1.764699988664537145e+00
1.764951412892772131e+00
1.765256788296797552e+00
1.765586129008449356e+00
1.765907971413796851e+00
1.766192127818009494e+00
1.766412124526800520e+00
1.766547273551303254e+00
1.766584359122212344e+00
1.766518895229515218e+00
1.766355849784497112e+00
1.766109669783058944e+00
1.765803421821307451e+00
1.765466920309377796e+00
1.765133866519557504e+00
1.764838241413921649e+00
1.764610418268648839e+00
1.764473599897428802e+00
1.764441170868250586e+00
1.764515376499841581e+00
1.764687455752942613e+00
1.764939064497583532e+00
1.765244621986205686e+00
1.765574142249524137e+00
1.765896161573364376e+00
1.766180492175238648e+00
1.766400660295102121e+00
1.766535977907123911e+00
1.766573229238495246e+00
1.766507928311630060e+00
1.766345043106271273e+00
1.766099020720215407e+00
1.765792927879211272e+00
1.765456579141853943e+00
1.765123675935991843e+00
1.764828199373045248e+00
1.764600522859162357e+00
1.764463849307720267e+00
1.764431563349289300e+00
1.764505910326216398e+00
