1.783498721178278457e+00
1.825772292993216972e+00
1.855931084262715913e+00
1.875192464529824354e+00
1.884676885737694318e+00
1.885046230196277151e+00
1.876389124019562704e+00
1.858216465340867707e+00
1.829548757328053554e+00
1.789194321559494760e+00
1.736461188573775738e+00
1.672658400418021385e+00
1.603477126859162549e+00
1.540987150995321686e+00
1.501818031740062453e+00
1.499166581936737463e+00
1.533882605472466798e+00
1.594059040919191927e+00
1.663276912503092619e+00
1.728667756176342163e+00
1.783498721178281121e+00
1.825772292993205204e+00
1.855931084262700370e+00
1.875192464529813252e+00
1.884676885737682328e+00
1.885046230196286476e+00
1.876389124019573140e+00
1.858216465340870149e+00
1.829548757328031350e+00
1.789194321559514744e+00
1.736461188573778625e+00
1.672658400417992297e+00
1.603477126859158997e+00
1.540987150995267729e+00
1.501818031740054682e+00
1.499166581936747455e+00
1.533882605472475902e+00
1.594059040919211689e+00
1.663276912503066862e+00
1.728667756176347936e+00
1.783498721178283342e+00
1.825772292993191437e+00
1.855931084262684605e+00
1.875192464529826131e+00
1.884676885737695651e+00
1.885046230196285366e+00
1.876389124019561594e+00
1.858216465340859047e+00
1.829548757328045117e+00
1.789194321559472334e+00
1.736461188573786840e+00
1.672658400418027158e+00
1.603477126859196966e+00
1.540987150995329902e+00
1.501818031740125070e+00
1.499166581936762555e+00
1.533882605472482119e+00
1.594059040919211023e+00
1.663276912503047100e+00
1.728667756176352377e+00
1.783498721178289115e+00
1.825772292993172119e+00
1.855931084262695485e+00
1.875192464529831238e+00
1.884676885737673890e+00
1.885046230196281147e+00
1.876389124019580912e+00
1.858216465340887025e+00
1.829548757328048891e+00
1.789194321559511414e+00
1.736461188573783732e+00
1.672658400418034486e+00
1.603477126859183644e+00
1.540987150995320354e+00
1.501818031740120851e+00
1.499166581936730802e+00
1.533882605472456140e+00
1.594059040919203030e+00
1.663276912503068194e+00
1.728667756176329506e+00
1.783498721178239821e+00
1.825772292993150581e+00
1.855931084262684827e+00
1.875192464529816805e+00
1.884676885737690544e+00
1.885046230196275596e+00
1.876389124019555821e+00
1.858216465340859269e+00
1.829548757328040676e+00
1.789194321559513412e+00
1.736461188573799719e+00
1.672658400418000291e+00
1.603477126859174540e+00
1.540987150995303034e+00
1.501818031740088655e+00
1.499166581936731024e+00
1.533882605472453919e+00
1.594059040919176384e+00
1.663276912503041105e+00
1.728667756176323289e+00
