1.780419464537355667e+00
1.813350799663722368e+00
1.837854609502711067e+00
1.853988819607149230e+00
1.862082959970597695e+00
1.862397343103863623e+00
1.854977492444771059e+00
1.839643206173045886e+00
1.816104556165383466e+00
1.784254657821086720e+00
1.744727946255693718e+00
1.699765061663603305e+00
1.654152268720365360e+00
1.615442430407525443e+00
1.592314822122404605e+00
1.590962168320010806e+00
1.611749014506418609e+00
1.649053446317795935e+00
1.694365283890767682e+00
1.739890498795580331e+00
1.780419464537336349e+00
1.813350799663698609e+00
1.837854609502704406e+00
1.853988819607155225e+00
1.862082959970597695e+00
1.862397343103837422e+00
1.854977492444753739e+00
1.839643206173007917e+00
1.816104556165410777e+00
1.784254657821100931e+00
1.744727946255704820e+00
1.699765061663623289e+00
1.654152268720398666e+00
1.615442430407534324e+00
1.592314822122387730e+00
1.590962168319989045e+00
1.611749014506392186e+00
1.649053446317767735e+00
1.694365283890788554e+00
1.739890498795534368e+00
1.780419464537330798e+00
1.813350799663708823e+00
1.837854609502711289e+00
1.853988819607118144e+00
1.862082959970603246e+00
1.862397343103861180e+00
1.854977492444788822e+00
1.839643206173045220e+00
1.816104556165433426e+00
1.784254657821140233e+00
1.744727946255736573e+00
1.699765061663652155e+00
1.654152268720384900e+00
1.615442430407500796e+00
1.592314822122359752e+00
1.590962168320012804e+00
1.611749014506385302e+00
1.649053446317769955e+00
1.694365283890783891e+00
1.739890498795507279e+00
1.780419464537337459e+00
1.813350799663673518e+00
1.837854609502680203e+00
1.853988819607142347e+00
1.862082959970604357e+00
1.862397343103872061e+00
1.854977492444803033e+00
1.839643206173031231e+00
1.816104556165420769e+00
1.784254657821118251e+00
1.744727946255723916e+00
1.699765061663638166e+00
1.654152268720354479e+00
1.615442430407504348e+00
1.592314822122433915e+00
1.590962168320024794e+00
1.611749014506388411e+00
1.649053446317756855e+00
1.694365283890772567e+00
1.739890498795499507e+00
1.780419464537320584e+00
1.813350799663723478e+00
1.837854609502707959e+00
1.853988819607146343e+00
1.862082959970597251e+00
1.862397343103868508e+00
1.854977492444787712e+00
1.839643206173048107e+00
1.816104556165422768e+00
1.784254657821113810e+00
1.744727946255714368e+00
1.699765061663629284e+00
1.654152268720386232e+00
1.615442430407559193e+00
1.592314822122394169e+00
1.590962168320010806e+00
1.611749014506394184e+00
1.649053446317753524e+00
1.694365283890765239e+00
1.739890498795511498e+00
