1.775836462125617299e+00
1.791757746689209840e+00
1.804291355320718937e+00
1.812789265653049542e+00
1.816912070385775069e+00
1.816526853929489427e+00
1.811653421400141850e+00
1.802466721937932448e+00
1.789354913889017018e+00
1.773023882491606695e+00
1.754620988932089398e+00
1.735819272762770593e+00
1.718769507424794840e+00
1.705828363279799920e+00
1.699054097750166026e+00
1.699622305854589843e+00
1.707439677728935346e+00
1.721174755730185302e+00
1.738686205570702192e+00
1.757609532207344616e+00
1.775836462125595094e+00
1.791757746689179642e+00
1.804291355320730261e+00
1.812789265652997583e+00
1.816912070385763300e+00
1.816526853929510743e+00
1.811653421400135855e+00
1.802466721937907357e+00
1.789354913889045218e+00
1.773023882491586933e+00
1.754620988932056536e+00
1.735819272762777699e+00
1.718769507424839249e+00
1.705828363279815241e+00
1.699054097750223313e+00
1.699622305854623816e+00
1.707439677728956440e+00
1.721174755730163985e+00
1.738686205570690202e+00
1.757609532207366598e+00
1.775836462125637061e+00
1.791757746689204067e+00
1.804291355320718937e+00
1.812789265653039106e+00
1.816912070385762634e+00
1.816526853929496976e+00
1.811653421400131414e+00
1.802466721937903360e+00
1.789354913889019238e+00
1.773023882491550074e+00
1.754620988932080738e+00
1.735819272762777921e+00
1.718769507424825704e+00
1.705828363279825011e+00
1.699054097750200887e+00
1.699622305854615600e+00
1.707439677728916694e+00
1.721174755730201511e+00
1.738686205570741050e+00
1.757609532207335290e+00
1.775836462125639725e+00
1.791757746689151221e+00
1.804291355320709389e+00
1.812789265653033333e+00
1.816912070385765077e+00
1.816526853929502971e+00
1.811653421400131858e+00
1.802466721937917571e+00
1.789354913889017018e+00
1.773023882491616909e+00
1.754620988932064751e+00
1.735819272762796128e+00
1.718769507424825704e+00
1.705828363279832560e+00
1.699054097750201997e+00
1.699622305854638027e+00
1.707439677728949112e+00
1.721174755730194184e+00
1.738686205570738386e+00
1.757609532207380587e+00
1.775836462125633286e+00
1.791757746689171205e+00
1.804291355320727153e+00
1.812789265653007797e+00
1.816912070385763744e+00
1.816526853929499863e+00
1.811653421400141406e+00
1.802466721937944660e+00
1.789354913889045440e+00
1.773023882491595149e+00
1.754620988932075853e+00
1.735819272762808563e+00
1.718769507424818821e+00
1.705828363279820348e+00
1.699054097750215542e+00
1.699622305854644022e+00
1.707439677728973759e+00
1.721174755730166206e+00
1.738686205570727505e+00
1.757609532207384806e+00
