1.729035987663605667e+00
1.757451491332658211e+00
1.783439376406309451e+00
1.805223953814487192e+00
1.821688754855552483e+00
1.832170703821836666e+00
1.836276035148453056e+00
1.833758995110048584e+00
1.824486109769891673e+00
1.808506431110699531e+00
1.786246880346108679e+00
1.758826906794429767e+00
1.728407649543932889e+00
1.698357206893347238e+00
1.672926850200520787e+00
1.656292754401508249e+00
1.651274562593614936e+00
1.658423649536716837e+00
1.676003780113413111e+00
1.700773893846056373e+00
1.729035987663642748e+00
1.757451491332685745e+00
1.783439376406339649e+00
1.805223953814521387e+00
1.821688754855562031e+00
1.832170703821839775e+00
1.836276035148452834e+00
1.833758995110040813e+00
1.824486109769874576e+00
1.808506431110683321e+00
1.786246880346095134e+00
1.758826906794410450e+00
1.728407649543910019e+00
1.698357206893319926e+00
1.672926850200497251e+00
1.656292754401498035e+00
1.651274562593606499e+00
1.658423649536722833e+00
1.676003780113420660e+00
1.700773893846050822e+00
1.729035987663630536e+00
1.757451491332658211e+00
1.783439376406320109e+00
1.805223953814502291e+00
1.821688754855547154e+00
1.832170703821819346e+00
1.836276035148449726e+00
1.833758995110046808e+00
1.824486109769892117e+00
1.808506431110707968e+00
1.786246880346097132e+00
1.758826906794420664e+00
1.728407649543915792e+00
1.698357206893339910e+00
1.672926850200516125e+00
1.656292754401527345e+00
1.651274562593610495e+00
1.658423649536733269e+00
1.676003780113429098e+00
1.700773893846049933e+00
1.729035987663621654e+00
1.757451491332674198e+00
1.783439376406332322e+00
1.805223953814513616e+00
1.821688754855544268e+00
1.832170703821816460e+00
1.836276035148437291e+00
1.833758995110035483e+00
1.824486109769861919e+00
1.808506431110688428e+00
1.786246880346091581e+00
1.758826906794409561e+00
1.728407649543928892e+00
1.698357206893338356e+00
1.672926850200504578e+00
1.656292754401502032e+00
1.651274562593576745e+00
1.658423649536680644e+00
1.676003780113386465e+00
1.700773893846019735e+00
1.729035987663589902e+00
1.757451491332637339e+00
1.783439376406293686e+00
1.805223953814482307e+00
1.821688754855543158e+00
1.832170703821828894e+00
1.836276035148443952e+00
1.833758995110044365e+00
1.824486109769885456e+00
1.808506431110726176e+00
1.786246880346126886e+00
1.758826906794425327e+00
1.728407649543926006e+00
1.698357206893360116e+00
1.672926850200520343e+00
1.656292754401496703e+00
1.651274562593575412e+00
1.658423649536664657e+00
1.676003780113355601e+00
1.700773893845975104e+00
