1.766739150728501295e+00
1.767715024592773965e+00
1.768507032476342555e+00
1.769039955156232580e+00
1.769263642120812774e+00
1.769157165325444092e+00
1.768730506886401876e+00
1.768023746178956968e+00
1.767103766481648242e+00
1.766058574077193466e+00
1.764989465079013220e+00
1.764001508931223317e+00
1.763193118314359431e+00
1.762645769990444533e+00
1.762415124955283741e+00
1.762524769342078912e+00
1.762963510955261270e+00
1.763686654612388827e+00
1.764621059196763042e+00
1.765673208987655451e+00
1.766739150728512842e+00
1.767715024592773077e+00
1.768507032476341667e+00
1.769039955156232580e+00
1.769263642120812774e+00
1.769157165325484504e+00
1.768730506886440956e+00
1.768023746178962741e+00
1.767103766481624039e+00
1.766058574077169485e+00
1.764989465079022768e+00
1.764001508931228646e+00
1.763193118314352992e+00
1.762645769990449640e+00
1.762415124955307721e+00
1.762524769342126207e+00
1.762963510955313007e+00
1.763686654612347526e+00
1.764621059196800346e+00
1.765673208987659448e+00
1.766739150728528385e+00
1.767715024592767525e+00
1.768507032476320795e+00
1.769039955156233246e+00
1.769263642120813440e+00
1.769157165325484726e+00
1.768730506886430298e+00
1.768023746178935873e+00
1.767103766481613381e+00
1.766058574077163490e+00
1.764989465079026987e+00
1.764001508931233086e+00
1.763193118314382524e+00
1.762645769990482947e+00
1.762415124955335477e+00
1.762524769342121100e+00
1.762963510955241508e+00
1.763686654612391935e+00
1.764621059196773478e+00
1.765673208987652787e+00
1.766739150728527719e+00
1.767715024592785955e+00
1.768507032476313912e+00
1.769039955156230803e+00
1.769263642120813440e+00
1.769157165325466297e+00
1.768730506886436959e+00
1.768023746178950972e+00
1.767103766481651572e+00
1.766058574077193688e+00
1.764989465079019659e+00
1.764001508931234863e+00
1.763193118314341890e+00
1.762645769990439648e+00
1.762415124955294177e+00
1.762524769342114883e+00
1.762963510955256607e+00
1.763686654612387272e+00
1.764621059196802566e+00
1.765673208987656118e+00
1.766739150728500407e+00
1.767715024592759310e+00
1.768507032476380303e+00
1.769039955156246346e+00
1.769263642120836089e+00
1.769157165325450531e+00
1.768730506886419196e+00
1.768023746178981614e+00
1.767103766481618043e+00
1.766058574077187693e+00
1.764989465079026099e+00
1.764001508931252848e+00
1.763193118314362540e+00
1.762645769990431877e+00
1.762415124955270196e+00
1.762524769342115993e+00
1.762963510955280366e+00
1.763686654612360627e+00
1.764621059196793462e+00
1.765673208987648124e+00
