1.716136701709453982e+00
1.752228191659972900e+00
1.784583054625854981e+00
1.811277091032745146e+00
1.831250558154987162e+00
1.843961351040529273e+00
1.849105341512054856e+00
1.846435738045714592e+00
1.835695481920039285e+00
1.816688001188775381e+00
1.789532824804709543e+00
1.755147273560177190e+00
1.715894927494193256e+00
1.676085814602457091e+00
1.641728378862457038e+00
1.619078808382995449e+00
1.612429488854810744e+00
1.622495234788551066e+00
1.646458301184192674e+00
1.679417554987036265e+00
1.716136701709459311e+00
1.752228191659974454e+00
1.784583054625861198e+00
1.811277091032752251e+00
1.831250558154994934e+00
1.843961351040519947e+00
1.849105341512039313e+00
1.846435738045703046e+00
1.835695481920023520e+00
1.816688001188768498e+00
1.789532824804704214e+00
1.755147273560176524e+00
1.715894927494185263e+00
1.676085814602465751e+00
1.641728378862476578e+00
1.619078808383019874e+00
1.612429488854850934e+00
1.622495234788589258e+00
1.646458301184204664e+00
1.679417554987046701e+00
1.716136701709494838e+00
1.752228191660009982e+00
1.784583054625900944e+00
1.811277091032773345e+00
1.831250558155015806e+00
1.843961351040540375e+00
1.849105341512066403e+00
1.846435738045695052e+00
1.835695481920013528e+00
1.816688001188762502e+00
1.789532824804728195e+00
1.755147273560186516e+00
1.715894927494187039e+00
1.676085814602445101e+00
1.641728378862453930e+00
1.619078808382971468e+00
1.612429488854798088e+00
1.622495234788557950e+00
1.646458301184162920e+00
1.679417554987020056e+00
1.716136701709430001e+00
1.752228191659926715e+00
1.784583054625829002e+00
1.811277091032725162e+00
1.831250558154983166e+00
1.843961351040522612e+00
1.849105341512051304e+00
1.846435738045704156e+00
1.835695481920033512e+00
1.816688001188778046e+00
1.789532824804737743e+00
1.755147273560187404e+00
1.715894927494208355e+00
1.676085814602465751e+00
1.641728378862453042e+00
1.619078808382973689e+00
1.612429488854789650e+00
1.622495234788535523e+00
1.646458301184166251e+00
1.679417554986989414e+00
1.716136701709415346e+00
1.752228191659949585e+00
1.784583054625854537e+00
1.811277091032736486e+00
1.831250558154973174e+00
1.843961351040506624e+00
1.849105341512039535e+00
1.846435738045670627e+00
1.835695481920011973e+00
1.816688001188781154e+00
1.789532824804749511e+00
1.755147273560209831e+00
1.715894927494224120e+00
1.676085814602502166e+00
1.641728378862500559e+00
1.619078808383023871e+00
1.612429488854823845e+00
1.622495234788543073e+00
1.646458301184174022e+00
1.679417554986987193e+00
