1.764762597450721282e+00
1.765325050852293298e+00
1.765938379757077570e+00
1.766542708494268199e+00
1.767079365211229103e+00
1.767496440577231098e+00
1.767753633083225751e+00
1.767825995313562437e+00
1.767706288983206697e+00
1.767405751237276723e+00
1.766953176302099138e+00
1.766392334596054159e+00
1.765777891853620662e+00
1.765170149162613944e+00
1.764629082377250580e+00
1.764208285347721006e+00
1.763949481159118760e+00
1.763878232828623993e+00
1.764001353138273442e+00
1.764306300906167690e+00
1.764762597450723502e+00
1.765325050852323274e+00
1.765938379757107324e+00
1.766542708494275971e+00
1.767079365211231323e+00
1.767496440577238204e+00
1.767753633083244624e+00
1.767825995313564880e+00
1.767706288983197815e+00
1.767405751237269618e+00
1.766953176302092032e+00
1.766392334596056157e+00
1.765777891853639536e+00
1.765170149162624380e+00
1.764629082377252800e+00
1.764208285347717897e+00
1.763949481159113208e+00
1.763878232828604675e+00
1.764001353138261674e+00
1.764306300906154368e+00
1.764762597450707515e+00
1.765325050852304845e+00
1.765938379757082455e+00
1.766542708494253544e+00
1.767079365211211117e+00
1.767496440577229766e+00
1.767753633083228415e+00
1.767825995313569321e+00
1.767706288983205143e+00
1.767405751237268285e+00
1.766953176302105355e+00
1.766392334596091018e+00
1.765777891853649750e+00
1.765170149162649249e+00
1.764629082377278557e+00
1.764208285347715011e+00
1.763949481159108768e+00
1.763878232828592907e+00
1.764001353138236583e+00
1.764306300906140157e+00
1.764762597450681092e+00
1.765325050852281752e+00
1.765938379757076904e+00
1.766542708494265979e+00
1.767079365211229547e+00
1.767496440577235095e+00
1.767753633083237741e+00
1.767825995313578646e+00
1.767706288983219132e+00
1.767405751237300704e+00
1.766953176302109130e+00
1.766392334596062152e+00
1.765777891853633319e+00
1.765170149162621938e+00
1.764629082377261238e+00
1.764208285347703020e+00
1.763949481159095889e+00
1.763878232828594905e+00
1.764001353138257677e+00
1.764306300906163472e+00
1.764762597450719506e+00
1.765325050852307953e+00
1.765938379757102883e+00
1.766542708494272862e+00
1.767079365211234876e+00
1.767496440577251304e+00
1.767753633083255949e+00
1.767825995313609067e+00
1.767706288983232232e+00
1.767405751237298484e+00
1.766953176302105577e+00
1.766392334596064151e+00
1.765777891853629544e+00
1.765170149162614388e+00
1.764629082377254576e+00
1.764208285347703464e+00
1.763949481159089672e+00
1.763878232828593795e+00
1.764001353138240136e+00
1.764306300906137714e+00
