1.760069780767247405e+00
1.761237083969518169e+00
1.762771210931201482e+00
1.764522545089557637e+00
1.766326358586297385e+00
1.768016385949912506e+00
1.769437359610492422e+00
1.770456552353097512e+00
1.770974415956737547e+00
1.770934109363315745e+00
1.770329167387179492e+00
1.769207950124545459e+00
1.767673116537064049e+00
1.765874526410566192e+00
1.763994940416143686e+00
1.762229582479333256e+00
1.760762521064494157e+00
1.759744088153571084e+00
1.759273515045463032e+00
1.759389562113029548e+00
1.760069780199021494e+00
1.761237083446466123e+00
1.762771210449785020e+00
1.764522544646494717e+00
1.766326358178554878e+00
1.768016385574676885e+00
1.769437359265156662e+00
1.770456552035266418e+00
1.770974415664196222e+00
1.770934109094032483e+00
1.770329167139279347e+00
1.769207949896298260e+00
1.767673116326887062e+00
1.765874526217021900e+00
1.763994940237891385e+00
1.762229582315180343e+00
1.760762520913314422e+00
1.759744088014350005e+00
1.759273514917264247e+00
1.759389561994998630e+00
1.760069780090351088e+00
1.761237083346426813e+00
1.762771210357697571e+00
1.764522544561729855e+00
1.766326358100540617e+00
1.768016385502889865e+00
1.769437359199089510e+00
1.770456551974462167e+00
1.770974415608233876e+00
1.770934109042515248e+00
1.770329167091857725e+00
1.769207949852644735e+00
1.767673116286691881e+00
1.765874526180008841e+00
1.763994940203803097e+00
1.762229582283789231e+00
1.760762520884406435e+00
1.759744087987731964e+00
1.759273514892757628e+00
1.759389561972441340e+00
1.760069780069590362e+00
1.761237083327319652e+00
1.762771210340113193e+00
1.764522544545551908e+00
1.766326358085653636e+00
1.768016385489176390e+00
1.769437359186469383e+00
1.770456551962845904e+00
1.770974415597541318e+00
1.770934109032674453e+00
1.770329167082790089e+00
1.769207949844293193e+00
1.767673116278996481e+00
1.765874526172920511e+00
1.763994940197280092e+00
1.762229582277777595e+00
1.760762520878868864e+00
1.759744087982628047e+00
1.759273514888051837e+00
1.759389561968102367e+00
1.760069780065592893e+00
1.761237083323643038e+00
1.762771210336729011e+00
1.764522544542436400e+00
1.766326358082787706e+00
1.768016385486544939e+00
1.769437359184049097e+00
1.770456551960622349e+00
1.770974415595499174e+00
1.770934109030786630e+00
1.770329167081054145e+00
1.769207949842689809e+00
1.767673116277519663e+00
1.765874526171553827e+00
1.763994940196023320e+00
1.762229582276617190e+00
1.760762520877806825e+00
1.759744087981647942e+00
1.759273514887156331e+00
1.759389561967281468e+00
