1.748224960954747331e+00
1.750293021772809876e+00
1.752838161607886747e+00
1.755624522960140377e+00
1.758426439996783053e+00
1.761032805192098705e+00
1.763247363480905383e+00
1.764889846880174584e+00
1.765801632974026258e+00
1.765858465019696233e+00
1.764991225450665446e+00
1.763212836275602546e+00
1.760644482568699765e+00
1.757528763690882068e+00
1.754215274937592328e+00
1.751110936917489314e+00
1.748603798042779767e+00
1.746985913342297803e+00
1.746404441562616761e+00
1.746855683119572733e+00
1.748215172210301871e+00
1.750283595083400145e+00
1.752829084756475364e+00
1.755615783646646166e+00
1.758418025906405280e+00
1.761024704062868595e+00
1.763239563161539181e+00
1.764882335380613343e+00
1.765794398517257502e+00
1.765851496105869556e+00
1.764984510943647722e+00
1.763206365516694740e+00
1.760638245511022104e+00
1.757522751031316277e+00
1.754209478208005990e+00
1.751105348494533809e+00
1.748598411055468871e+00
1.746980721493486710e+00
1.746399438913628810e+00
1.746850863895740291e+00
1.748210530666419960e+00
1.750279125437824934e+00
1.752824781179280311e+00
1.755611640278921470e+00
1.758414036890961318e+00
1.761020863574670026e+00
1.763235865433777860e+00
1.764878774727490329e+00
1.765790969357417639e+00
1.765848192991556598e+00
1.764981328600238264e+00
1.763203298894813642e+00
1.760635289848231588e+00
1.757519901912798277e+00
1.754206731608551229e+00
1.751102700783062183e+00
1.748595858952463722e+00
1.746978261988674230e+00
1.746397069166586880e+00
1.746848581146051460e+00
1.748208332171377277e+00
1.750277008441732507e+00
1.752822742907734765e+00
1.755609677947452152e+00
1.758412147718981133e+00
1.761019044799329025e+00
1.763234114321825308e+00
1.764877088585656173e+00
1.765789345543106181e+00
1.765846628926222683e+00
1.764979821787574066e+00
1.763201846944802753e+00
1.760633890505650889e+00
1.757518553085296809e+00
1.754205431386083980e+00
1.751101447439996406e+00
1.748594650927858263e+00
1.746977097848112725e+00
1.746395947556062644e+00
1.746847500750236870e+00
1.748207291684645392e+00
1.750276006553823871e+00
1.752821778301009381e+00
1.755608749300790583e+00
1.758411253714187383e+00
1.761018184127482122e+00
1.763233285688732055e+00
1.764876290716609342e+00
1.765788577187815456e+00
1.765845888864967739e+00
1.764979108839652255e+00
1.763201159979663979e+00
1.760633228456151445e+00
1.757517914960738281e+00
1.754204816281273338e+00
1.751100854536207230e+00
1.748594079483669406e+00
1.746976547181620321e+00
1.746395417023410168e+00
1.746846989726150268e+00
