1.771760677819356422e+00
1.784281947544005265e+00
1.794456473107064909e+00
1.801617268887369283e+00
1.805365998002960604e+00
1.805518859218026462e+00
1.802072495044259925e+00
1.795200929735828232e+00
1.785284345421555452e+00
1.772960567078338379e+00
1.759177274185172557e+00
1.745207514636892387e+00
1.732581048263120316e+00
1.722895640652874594e+00
1.717519478911621711e+00
1.717267216094674476e+00
1.722180283342668705e+00
1.731515273049953674e+00
1.743945353339891646e+00
1.757878210540075870e+00
1.771760677819311125e+00
1.784281947543976177e+00
1.794456473107062466e+00
1.801617268887337087e+00
1.805365998002978145e+00
1.805518859218019356e+00
1.802072495044263256e+00
1.795200929735840667e+00
1.785284345421533692e+00
1.772960567078353700e+00
1.759177274185173001e+00
1.745207514636909263e+00
1.732581048263122092e+00
1.722895640652830185e+00
1.717519478911580189e+00
1.717267216094699345e+00
1.722180283342679585e+00
1.731515273049908155e+00
1.743945353339895421e+00
1.757878210540062769e+00
1.771760677819314900e+00
1.784281947543973068e+00
1.794456473107070682e+00
1.801617268887342860e+00
1.805365998002950612e+00
1.805518859218006256e+00
1.802072495044276579e+00
1.795200929735826678e+00
1.785284345421537466e+00
1.772960567078372573e+00
1.759177274185162787e+00
1.745207514636864854e+00
1.732581048263121426e+00
1.722895640652879701e+00
1.717519478911643027e+00
1.717267216094697124e+00
1.722180283342643392e+00
1.731515273049893722e+00
1.743945353339907856e+00
1.757878210540074759e+00
1.771760677819314678e+00
1.784281947544016811e+00
1.794456473107084449e+00
1.801617268887357515e+00
1.805365998002945060e+00
1.805518859217994265e+00
1.802072495044263256e+00
1.795200929735852435e+00
1.785284345421553898e+00
1.772960567078373018e+00
1.759177274185172335e+00
1.745207514636893054e+00
1.732581048263147183e+00
1.722895640652878813e+00
1.717519478911625486e+00
1.717267216094698679e+00
1.722180283342670259e+00
1.731515273049925696e+00
1.743945353339887872e+00
1.757878210540086750e+00
1.771760677819337992e+00
1.784281947543981284e+00
1.794456473107050698e+00
1.801617268887369949e+00
1.805365998002987915e+00
1.805518859218012473e+00
1.802072495044265255e+00
1.795200929735846884e+00
1.785284345421550123e+00
1.772960567078350591e+00
1.759177274185164563e+00
1.745207514636917479e+00
1.732581048263137413e+00
1.722895640652869043e+00
1.717519478911620601e+00
1.717267216094644944e+00
1.722180283342628293e+00
1.731515273049891723e+00
1.743945353339901860e+00
1.757878210540084973e+00
