1.766711035713468325e+00
1.767688835004923575e+00
1.768485285501661730e+00
1.769024713290823003e+00
1.769256336632456739e+00
1.769158479164544273e+00
1.768740320096155783e+00
1.768041144716238300e+00
1.767127114624178041e+00
1.766085649503638777e+00
1.765017652627045353e+00
1.764028043097619403e+00
1.763215356191883743e+00
1.762661467460027165e+00
1.762422682592023060e+00
1.762523413751929446e+00
1.762953383927994722e+00
1.763668795954729474e+00
1.764597286266675891e+00
1.765645912229073078e+00
1.766711035713465661e+00
1.767688835004912695e+00
1.768485285501645077e+00
1.769024713290829443e+00
1.769256336632488269e+00
1.769158479164560926e+00
1.768740320096194640e+00
1.768041144716225643e+00
1.767127114624186479e+00
1.766085649503629229e+00
1.765017652627062228e+00
1.764028043097597864e+00
1.763215356191841776e+00
1.762661467460000964e+00
1.762422682592017509e+00
1.762523413751926782e+00
1.762953383927990503e+00
1.763668795954727919e+00
1.764597286266695875e+00
1.765645912229107717e+00
1.766711035713478095e+00
1.767688835004930903e+00
1.768485285501671278e+00
1.769024713290811457e+00
1.769256336632449411e+00
1.769158479164554043e+00
1.768740320096164886e+00
1.768041144716260060e+00
1.767127114624195361e+00
1.766085649503646104e+00
1.765017652627031808e+00
1.764028043097588538e+00
1.763215356191827787e+00
1.762661467459973652e+00
1.762422682592068357e+00
1.762523413751911017e+00
1.762953383927984286e+00
1.763668795954747459e+00
1.764597286266652132e+00
1.765645912229061976e+00
1.766711035713475653e+00
1.767688835004958658e+00
1.768485285501663729e+00
1.769024713290839879e+00
1.769256336632482274e+00
1.769158479164551379e+00
1.768740320096175545e+00
1.768041144716231416e+00
1.767127114624186479e+00
1.766085649503630783e+00
1.765017652627039135e+00
1.764028043097640719e+00
1.763215356191832228e+00
1.762661467459979203e+00
1.762422682592065248e+00
1.762523413751923451e+00
1.762953383927980733e+00
1.763668795954723034e+00
1.764597286266675225e+00
1.765645912229081738e+00
1.766711035713512290e+00
1.767688835004947556e+00
1.768485285501680382e+00
1.769024713290799244e+00
1.769256336632458959e+00
1.769158479164544495e+00
1.768740320096187757e+00
1.768041144716229640e+00
1.767127114624166495e+00
1.766085649503631672e+00
1.765017652627049793e+00
1.764028043097623177e+00
1.763215356191834449e+00
1.762661467460005182e+00
1.762422682592028833e+00
1.762523413751929668e+00
1.762953383927984508e+00
1.763668795954721702e+00
1.764597286266663234e+00
1.765645912229075076e+00
