1.766852010614676782e+00
1.767818865729099631e+00
1.768591895370756228e+00
1.769097808191139709e+00
1.769289062718639283e+00
1.769147779833864620e+00
1.768687179243413121e+00
1.767950512638626126e+00
1.767007515901638959e+00
1.765948477787472326e+00
1.764876173673853188e+00
1.763896158553124316e+00
1.763106223752184176e+00
1.762586117762497073e+00
1.762388803813583982e+00
1.762534475849317550e+00
1.763008237411565871e+00
1.763761809282329951e+00
1.764718998289067420e+00
1.765784095162001188e+00
1.766852010614676782e+00
1.767818865729106514e+00
1.768591895370768663e+00
1.769097808191139709e+00
1.769289062718639283e+00
1.769147779833864620e+00
1.768687179243413121e+00
1.767950512638638116e+00
1.767007515901641623e+00
1.765948477787484316e+00
1.764876173673844084e+00
1.763896158553123428e+00
1.763106223752184176e+00
1.762586117762497073e+00
1.762388803813583982e+00
1.762534475849317550e+00
1.763008237411521906e+00
1.763761809282317738e+00
1.764718998289087182e+00
1.765784095161978984e+00
1.766852010614688107e+00
1.767818865729109845e+00
1.768591895370767997e+00
1.769097808191139709e+00
1.769289062718639283e+00
1.769147779833864620e+00
1.768687179243413121e+00
1.767950512638626126e+00
1.767007515901649395e+00
1.765948477787485205e+00
1.764876173673844084e+00
1.763896158553123428e+00
1.763106223752187063e+00
1.762586117762495963e+00
1.762388803813586868e+00
1.762534475849312221e+00
1.763008237411520795e+00
1.763761809282317738e+00
1.764718998289045437e+00
1.765784095161978984e+00
1.766852010614687885e+00
1.767818865729094080e+00
1.768591895370757117e+00
1.769097808191139709e+00
1.769289062718639283e+00
1.769147779833866174e+00
1.768687179243413121e+00
1.767950512638638116e+00
1.767007515901653836e+00
1.765948477787485427e+00
1.764876173673844084e+00
1.763896158553123428e+00
1.763106223752184176e+00
1.762586117762497073e+00
1.762388803813583982e+00
1.762534475849317550e+00
1.763008237411521906e+00
1.763761809282321291e+00
1.764718998289045437e+00
1.765784095161980094e+00
1.766852010614688107e+00
1.767818865729109845e+00
1.768591895370767997e+00
1.769097808191139709e+00
1.769289062718639283e+00
1.769147779833864620e+00
1.768687179243413121e+00
1.767950512638626126e+00
1.767007515901638959e+00
1.765948477787472326e+00
1.764876173673853188e+00
1.763896158553124316e+00
1.763106223752184176e+00
1.762586117762497073e+00
1.762388803813583982e+00
1.762534475849317550e+00
1.763008237411565871e+00
1.763761809282319071e+00
1.764718998289045437e+00
1.765784095161980094e+00
