2.073229111068830122e+00
2.126227925268001862e+00
2.173026059185726666e+00
2.211638424160100147e+00
2.240968236138837444e+00
2.260309302069614112e+00
2.269018848577718739e+00
2.266332561763084286e+00
2.251319687564006689e+00
2.223033990464436283e+00
2.180988641924664684e+00
2.126112089776086123e+00
2.062157715208649211e+00
1.996909741892773260e+00
1.941677808216747847e+00
1.907881428571666094e+00
1.902117075198696661e+00
1.923452893510687822e+00
1.964958061369922682e+00
2.017562892732633006e+00
2.073229111068834118e+00
2.126227925267996088e+00
2.173026059185729775e+00
2.211638424160100147e+00
2.240968236138846770e+00
2.260309302069614557e+00
2.269018848577716518e+00
2.266332561763078512e+00
2.251319687563993366e+00
2.223033990464425180e+00
2.180988641924643368e+00
2.126112089776057257e+00
2.062157715208618125e+00
1.996909741892745505e+00
1.941677808216726531e+00
1.907881428571653437e+00
1.902117075198694884e+00
1.923452893510700035e+00
1.964958061369955544e+00
2.017562892732672530e+00
2.073229111068879416e+00
2.126227925268040941e+00
2.173026059185759085e+00
2.211638424160127681e+00
2.240968236138853431e+00
2.260309302069630988e+00
2.269018848577719183e+00
2.266332561763083397e+00
2.251319687563995586e+00
2.223033990464406529e+00
2.180988641924622939e+00
2.126112089776027503e+00
2.062157715208585707e+00
1.996909741892709533e+00
1.941677808216696111e+00
1.907881428571637894e+00
1.902117075198692664e+00
1.923452893510715356e+00
1.964958061369960873e+00
2.017562892732678304e+00
2.073229111068886077e+00
2.126227925268049379e+00
2.173026059185771519e+00
2.211638424160127236e+00
2.240968236138852099e+00
2.260309302069624771e+00
2.269018848577724512e+00
2.266332561763085618e+00
2.251319687563996919e+00
2.223033990464400755e+00
2.180988641924590965e+00
2.126112089775996861e+00
2.062157715208547959e+00
1.996909741892680223e+00
1.941677808216677237e+00
1.907881428571635674e+00
1.902117075198700658e+00
1.923452893510738004e+00
1.964958061370004172e+00
2.017562892732728486e+00
2.073229111068924713e+00
2.126227925268087127e+00
2.173026059185799497e+00
2.211638424160159211e+00
2.240968236138872971e+00
2.260309302069638537e+00
2.269018848577719183e+00
2.266332561763071407e+00
2.251319687563976935e+00
2.223033990464377663e+00
2.180988641924568316e+00
2.126112089775970215e+00
2.062157715208517317e+00
1.996909741892654466e+00
1.941677808216641710e+00
1.907881428571618576e+00
1.902117075198696883e+00
1.923452893510738226e+00
1.964958061370008613e+00
2.017562892732739144e+00
