2.109062142945684837e+00
2.126050381075661910e+00
2.143273183897688838e+00
2.159359488393952198e+00
2.173222040103326425e+00
2.184003447521821961e+00
2.191017600182157299e+00
2.193713930639159759e+00
2.191682614067663071e+00
2.184714651283342413e+00
2.172924339574390018e+00
2.156921882491023901e+00
2.137981885395090487e+00
2.118098597633730762e+00
2.099798124717860315e+00
2.085659069424056433e+00
2.077677494509756695e+00
2.076764013873296122e+00
2.082614521557031306e+00
2.093968461406237935e+00
2.109062098035310751e+00
2.126050339071511530e+00
2.143273144615595704e+00
2.159359451656228668e+00
2.173222005740141682e+00
2.184003415371976509e+00
2.191017570093487077e+00
2.193713902468602761e+00
2.191682587681228700e+00
2.184714626556091943e+00
2.172924316390569821e+00
2.156921860744388297e+00
2.137981864989369374e+00
2.118098578482852545e+00
2.099798106745751625e+00
2.085659052563468396e+00
2.077677478700279412e+00
2.076763999058970356e+00
2.082614507684255489e+00
2.093968448422481643e+00
2.109062085888675497e+00
2.126050327710904853e+00
2.143273133991207668e+00
2.159359441720002160e+00
2.173221996446130788e+00
2.184003406676596537e+00
2.191017561955577619e+00
2.193713894849476986e+00
2.191682580544644043e+00
2.184714619868259877e+00
2.172924310120182945e+00
2.156921854862714927e+00
2.137981859470359236e+00
2.118098573303237586e+00
2.099798101884951418e+00
2.085659048003288607e+00
2.077677474424385107e+00
2.076763995052224754e+00
2.082614503932166183e+00
2.093968444910843107e+00
2.109062082603446076e+00
2.126050324638268929e+00
2.143273131117691577e+00
2.159359439032611405e+00
2.173221993932436202e+00
2.184003404324808439e+00
2.191017559754571575e+00
2.193713892788779152e+00
2.191682578614460919e+00
2.184714618059445890e+00
2.172924308424264428e+00
2.156921853271932754e+00
2.137981857977660383e+00
2.118098571902333749e+00
2.099798100570272386e+00
2.085659046769920977e+00
2.077677473267908859e+00
2.076763993968546274e+00
2.082614502917362831e+00
2.093968443961069514e+00
2.109062081714907055e+00
2.126050323807232800e+00
2.143273130340513255e+00
2.159359438305772816e+00
2.173221993252576478e+00
2.184003403688739020e+00
2.191017559159277095e+00
2.193713892231437868e+00
2.191682578092415401e+00
2.184714617570222561e+00
2.172924307965582447e+00
2.156921852841685805e+00
2.137981857573945099e+00
2.118098571523445717e+00
2.099798100214706587e+00
2.085659046436350472e+00
2.077677472955135940e+00
2.076763993675460718e+00
2.082614502642908594e+00
2.093968443704206983e+00
