8.944433345559967691e-03
8.966951240516555371e-03
8.988905069928970759e-03
9.008145840013515732e-03
9.022790130135400002e-03
9.031404455144737692e-03
9.033145584890345595e-03
9.027843085461777217e-03
9.016016002447203859e-03
8.998822053136561194e-03
8.977944301085720447e-03
8.955426406129146644e-03
8.933472576716679214e-03
8.914231806632281693e-03
8.899587516510596916e-03
8.890973191501113509e-03
8.889232061755503872e-03
8.894534561184224905e-03
8.906361644198624791e-03
8.923555593509118269e-03
8.944433345560134224e-03
8.966951240516760069e-03
8.988905069929185865e-03
9.008145840013536548e-03
9.022790130135373982e-03
9.031404455144807081e-03
9.033145584890605803e-03
9.027843085461770278e-03
9.016016002447280187e-03
8.998822053136798851e-03
8.977944301085907797e-03
8.955426406129301034e-03
8.933472576716668806e-03
8.914231806632337204e-03
8.899587516510456403e-03
8.890973191500924425e-03
8.889232061755188152e-03
8.894534561183936941e-03
8.906361644198326419e-03
8.923555593508963879e-03
8.944433345560030141e-03
8.966951240516605678e-03
8.988905069929132088e-03
9.008145840013425526e-03
9.022790130135365308e-03
9.031404455144987492e-03
9.033145584890571109e-03
9.027843085461867423e-03
9.016016002447571620e-03
8.998822053136880383e-03
8.977944301085999737e-03
8.955426406129486649e-03
8.933472576716991465e-03
8.914231806632649455e-03
8.899587516510657631e-03
8.890973191501127387e-03
8.889232061755484790e-03
8.894534561184134699e-03
8.906361644198583158e-03
8.923555593509159903e-03
8.944433345560005855e-03
8.966951240516768742e-03
8.988905069929145966e-03
9.008145840013611141e-03
9.022790130135521433e-03
9.031404455145041268e-03
9.033145584890517332e-03
9.027843085461926403e-03
9.016016002447191716e-03
8.998822053136573337e-03
8.977944301085817591e-03
8.955426406129210828e-03
8.933472576716616764e-03
8.914231806632363225e-03
8.899587516510433852e-03
8.890973191500917486e-03
8.889232061755195091e-03
8.894534561183950819e-03
8.906361644198286520e-03
8.923555593508837244e-03
8.944433345559906975e-03
8.966951240516499860e-03
8.988905069929043617e-03
9.008145840013383893e-03
9.022790130135169284e-03
9.031404455144817489e-03
9.033145584890671723e-03
9.027843085461919465e-03
9.016016002447191716e-03
8.998822053136673951e-03
8.977944301085860959e-03
8.955426406129307973e-03
8.933472576716729521e-03
8.914231806632482921e-03
8.899587516510629875e-03
8.890973191501014630e-03
8.889232061755399789e-03
8.894534561184119087e-03
8.906361644198536320e-03
8.923555593509126943e-03
