8.842296979777937091e-03
8.869147872056027185e-03
8.904563351955309403e-03
8.945068329171898536e-03
8.986689635957223476e-03
9.025344946797349971e-03
9.057242383238231151e-03
9.079251687752183317e-03
9.089210633561087618e-03
9.086136676887568431e-03
9.070323133636900084e-03
9.043310466065644995e-03
9.007735490097333597e-03
8.967073263923978910e-03
8.925296923634541343e-03
8.886488763529544824e-03
8.854440631289355740e-03
8.832282754101626956e-03
8.822177328831932661e-03
8.825106869766523657e-03
8.840778031924477476e-03
8.867650324383346064e-03
8.903086902957548301e-03
8.943612681591241870e-03
8.985254496724168552e-03
9.023930026971587609e-03
9.055847397950490818e-03
9.077876356146860615e-03
9.087854678739650666e-03
9.084799825852809055e-03
9.069005117237988189e-03
9.042011018943836922e-03
9.006454350632651928e-03
8.965810174182379730e-03
8.924051629316144887e-03
8.885261013917294601e-03
8.853230179198626551e-03
8.831089355830368942e-03
8.821000744111635872e-03
8.823946861713855699e-03
8.839634366993547390e-03
8.866522772318696788e-03
8.901975236747797920e-03
8.942516677423382326e-03
8.984173933938445489e-03
9.022864688017169510e-03
9.054797068341571831e-03
9.076840824419533590e-03
9.086833736409274595e-03
9.083793267372105087e-03
9.068012739955604029e-03
9.041032623063547866e-03
9.005489739173153443e-03
8.964859152937602188e-03
8.923114006816147692e-03
8.884336601389776142e-03
8.852318790530845291e-03
8.830190807531706348e-03
8.820114855276664154e-03
8.823073453985849635e-03
8.838773264528688306e-03
8.865673801750557567e-03
8.901138227152494142e-03
8.941691460285141474e-03
8.983360343115677493e-03
9.022062559709057711e-03
9.054006241055040372e-03
9.076061138936733497e-03
9.086065035755590269e-03
9.083035396784474788e-03
9.067265546851398933e-03
9.040295957009903891e-03
9.004763451856532055e-03
8.964143098134116222e-03
8.922408040361992990e-03
8.883640581152225241e-03
8.851632576379681733e-03
8.829514261310969503e-03
8.819447840776846806e-03
8.822415836916484150e-03
8.838124912491283208e-03
8.865034584211967800e-03
8.900508015418587965e-03
8.941070127475006860e-03
8.982747764135986385e-03
9.021458611228874366e-03
9.053410801481023493e-03
9.075474088388638463e-03
9.085486256042139136e-03
9.082464771379590573e-03
9.066702960870707054e-03
9.039741297187561461e-03
9.004216606522541175e-03
8.963603957191763894e-03
8.921876495265662274e-03
8.883116524885610599e-03
8.851115903434177840e-03
8.829004867664493744e-03
8.818945623872826572e-03
8.821920695643276078e-03
