9.176757265232825950e-03
9.553842688608402828e-03
9.871875458915524079e-03
1.009972431273212928e-02
1.021508581673001743e-02
1.020666758312704057e-02
1.007529364728169258e-02
9.833823805370300181e-03
9.505894807938659527e-03
9.123606630070967005e-03
8.724380302175375329e-03
8.347294878799564263e-03
8.029262108492090863e-03
7.801413254675531629e-03
7.686051750677797868e-03
7.694469984281091315e-03
7.825843920126324821e-03
8.067313762037677319e-03
8.395242759469517466e-03
8.777530937337227335e-03
9.176757265232982075e-03
9.553842688608434053e-03
9.871875458915688878e-03
1.009972431273221775e-02
1.021508581673023081e-02
1.020666758312712384e-02
1.007529364728162145e-02
9.833823805370458040e-03
9.505894807938918001e-03
9.123606630070953127e-03
8.724380302175401350e-03
8.347294878799422016e-03
8.029262108492200151e-03
7.801413254675776225e-03
7.686051750677960932e-03
7.694469984281027998e-03
7.825843920126376863e-03
8.067313762037777933e-03
8.395242759469444607e-03
8.777530937337227335e-03
9.176757265232825950e-03
9.553842688608345582e-03
9.871875458915435608e-03
1.009972431273222990e-02
1.021508581673021866e-02
1.020666758312713945e-02
1.007529364728166309e-02
9.833823805370362631e-03
9.505894807938638710e-03
9.123606630071104048e-03
8.724380302175404819e-03
8.347294878799564263e-03
8.029262108492309438e-03
7.801413254675833471e-03
7.686051750677927105e-03
7.694469984280993304e-03
7.825843920126361250e-03
8.067313762037790076e-03
8.395242759469455016e-03
8.777530937337322745e-03
9.176757265232803398e-03
9.553842688608807018e-03
9.871875458916013271e-03
1.009972431273228888e-02
1.021508581673022907e-02
1.020666758312714466e-02
1.007529364728160237e-02
9.833823805370428550e-03
9.505894807938945756e-03
9.123606630071048537e-03
8.724380302175363186e-03
8.347294878799522630e-03
8.029262108492358010e-03
7.801413254675895054e-03
7.686051750677973943e-03
7.694469984281007181e-03
7.825843920126428904e-03
8.067313762037882016e-03
8.395242759469586855e-03
8.777530937337189171e-03
9.176757265232707989e-03
9.553842688608723752e-03
9.871875458915787757e-03
1.009972431273236868e-02
1.021508581673018223e-02
1.020666758312696078e-02
1.007529364728165615e-02
9.833823805370298446e-03
9.505894807938668201e-03
9.123606630071060680e-03
8.724380302175387472e-03
8.347294878799649265e-03
8.029262108492297295e-03
7.801413254675871635e-03
7.686051750677915829e-03
7.694469984281048815e-03
7.825843920126415026e-03
8.067313762037710279e-03
8.395242759469342259e-03
8.777530937337230804e-03
