7.915029642320584383e-03
8.434440926992069557e-03
9.004374402352854911e-03
9.569041008874434526e-03
1.007316724484705328e-02
1.046740572183962534e-02
1.071316563090317017e-02
1.078639027982867225e-02
1.067991192979299286e-02
1.040415342357595141e-02
9.986107925088605689e-03
9.466696640417181230e-03
8.896763165056538122e-03
8.332096558534731259e-03
7.827970322562098626e-03
7.433731845569448507e-03
7.187971936505817803e-03
7.114747287580446694e-03
7.221225637616124349e-03
7.496984143833148456e-03
7.915029642320598260e-03
8.434440926992057413e-03
9.004374402352844503e-03
9.569041008874581977e-03
1.007316724484724237e-02
1.046740572183995840e-02
1.071316563090349804e-02
1.078639027982897756e-02
1.067991192979320277e-02
1.040415342357615264e-02
9.986107925088751405e-03
9.466696640417236741e-03
8.896763165056420161e-03
8.332096558534785036e-03
7.827970322562091687e-03
7.433731845569423353e-03
7.187971936505849029e-03
7.114747287580474450e-03
7.221225637616242310e-03
7.496984143833301112e-03
7.915029642320631220e-03
8.434440926992121598e-03
9.004374402352908688e-03
9.569041008874561161e-03
1.007316724484730829e-02
1.046740572183999310e-02
1.071316563090340956e-02
1.078639027982881797e-02
1.067991192979311429e-02
1.040415342357599825e-02
9.986107925088546708e-03
9.466696640416995615e-03
8.896763165056281383e-03
8.332096558534594216e-03
7.827970322561944236e-03
7.433731845569337485e-03
7.187971936505747547e-03
7.114747287580270620e-03
7.221225637616010724e-03
7.496984143833153660e-03
7.915029642320617342e-03
8.434440926992076495e-03
9.004374402352811543e-03
9.569041008874545548e-03
1.007316724484715563e-02
1.046740572183986646e-02
1.071316563090336793e-02
1.078639027982883879e-02
1.067991192979300327e-02
1.040415342357587855e-02
9.986107925088501605e-03
9.466696640416966124e-03
8.896763165056203321e-03
8.332096558534533501e-03
7.827970322561913011e-03
7.433731845569274167e-03
7.187971936505703312e-03
7.114747287580392918e-03
7.221225637616114808e-03
7.496984143833238662e-03
7.915029642320672854e-03
8.434440926992189252e-03
9.004374402352986750e-03
9.569041008874746776e-03
1.007316724484748176e-02
1.046740572184010759e-02
1.071316563090356916e-02
1.078639027982898624e-02
1.067991192979316113e-02
1.040415342357611794e-02
9.986107925088682016e-03
9.466696640417174291e-03
8.896763165056376793e-03
8.332096558534628911e-03
7.827970322561893929e-03
7.433731845569327944e-03
7.187971936505790048e-03
7.114747287580434551e-03
7.221225637616248381e-03
7.496984143833405195e-03
