8.782732306291837071e-03
8.826004610359575522e-03
8.883047941362210223e-03
8.948260034892161624e-03
9.015239227268307884e-03
9.077411092450157412e-03
9.128671990165215105e-03
9.163986530274339029e-03
9.179880469400424417e-03
9.174780791662985602e-03
9.149169684047544701e-03
9.105537334226527016e-03
9.048138171310312131e-03
8.982574410381262073e-03
8.915247666373251126e-03
8.852732317150705313e-03
8.801131955374429106e-03
8.765481924129596078e-03
8.749256420290641226e-03
8.754028413779958717e-03
8.779315672192374020e-03
8.822627962967694720e-03
8.879710812633501149e-03
8.944961962264918326e-03
9.011979753598974713e-03
9.074189765949579670e-03
9.125488364335672051e-03
9.160840163847380063e-03
9.176770926275288134e-03
9.171707640845964266e-03
9.146132499591903831e-03
9.102535695173283661e-03
9.045171661629635915e-03
8.979642618914608285e-03
8.912350186776198113e-03
8.849868747836393823e-03
8.798301899457804803e-03
8.762684989372210645e-03
8.746492219046130001e-03
8.751296562940220902e-03
8.776615793134330545e-03
8.819959681500668877e-03
8.877073758947279236e-03
8.942355770878394894e-03
9.009404063309422311e-03
9.071644219782482380e-03
9.122972609495157495e-03
9.158353851667251633e-03
9.174313712170664367e-03
9.169279184265473337e-03
9.143732463970353358e-03
9.100163747885040011e-03
9.042827473942428515e-03
8.977325865943923747e-03
8.910060547440260686e-03
8.847605904811537900e-03
8.796065539134529168e-03
8.760474801811636916e-03
8.744307897937063020e-03
8.749137805556630662e-03
8.774482300293380554e-03
8.817851157521204228e-03
8.874989911608878457e-03
8.940296311380810379e-03
9.007368706232529026e-03
9.069632683046720961e-03
9.120984614322388481e-03
9.156389122542196030e-03
9.172371976802620036e-03
9.167360173550550065e-03
9.141835911954226609e-03
9.098289391726055095e-03
9.040975053875141901e-03
8.975495125243142247e-03
8.908251232385351256e-03
8.845817764651401835e-03
8.794298326052737633e-03
8.758728270892104234e-03
8.742581807130112015e-03
8.747431915645427492e-03
8.772796374860752922e-03
8.816184962916924495e-03
8.873343216917253806e-03
8.938668888388633799e-03
9.005760329397496933e-03
9.068043129466173483e-03
9.119413663702389747e-03
9.154836557166994362e-03
9.170837581504484581e-03
9.165843735679954363e-03
9.140337221350379113e-03
9.096808240687715916e-03
9.039511237131935689e-03
8.974048439927030663e-03
8.906821478002577286e-03
8.844404743054602377e-03
8.792901841413545277e-03
8.757348129674019654e-03
8.741217818061671266e-03
8.746083889693648597e-03
