8.948175482067242947e-03
8.975464928774407047e-03
9.000317367340755770e-03
9.020300067921984202e-03
9.033456984557791669e-03
9.038500226578143060e-03
9.034936126316032642e-03
9.023113562737189453e-03
9.004189810737453850e-03
8.980017259012366970e-03
8.952962085344670640e-03
8.925672638637612358e-03
8.900820200071423230e-03
8.880837499490210410e-03
8.867680582854252022e-03
8.862637340833931857e-03
8.866201441096292074e-03
8.878024004675019037e-03
8.896947756674655761e-03
8.921120308399694068e-03
8.948175482067291520e-03
8.975464928774453885e-03
9.000317367340658625e-03
9.020300067921878384e-03
9.033456984557828098e-03
9.038500226578231531e-03
9.034936126315951110e-03
9.023113562737127002e-03
9.004189810737545790e-03
8.980017259012460645e-03
8.952962085344892684e-03
8.925672638637773687e-03
8.900820200071525579e-03
8.880837499490160103e-03
8.867680582854170490e-03
8.862637340833944000e-03
8.866201441096307687e-03
8.878024004675015568e-03
8.896947756674614127e-03
8.921120308399673252e-03
8.948175482067203049e-03
8.975464928774459089e-03
9.000317367340714136e-03
9.020300067921996345e-03
9.033456984557751770e-03
9.038500226578174285e-03
9.034936126315992744e-03
9.023113562737179044e-03
9.004189810737433033e-03
8.980017259012342684e-03
8.952962085344731355e-03
8.925672638637482253e-03
8.900820200071378127e-03
8.880837499490109796e-03
8.867680582854253757e-03
8.862637340833864202e-03
8.866201441096267788e-03
8.878024004674994751e-03
8.896947756674688720e-03
8.921120308399787743e-03
8.948175482067532646e-03
8.975464928774632561e-03
9.000317367340894548e-03
9.020300067922157675e-03
9.033456984557857589e-03
9.038500226578210714e-03
9.034936126316053459e-03
9.023113562737104451e-03
9.004189810737689773e-03
8.980017259012696568e-03
8.952962085344949930e-03
8.925672638637697359e-03
8.900820200071444047e-03
8.880837499490212145e-03
8.867680582854319676e-03
8.862637340833990837e-03
8.866201441096229624e-03
8.878024004674968730e-03
8.896947756674673108e-03
8.921120308399782539e-03
8.948175482067334888e-03
8.975464928774519804e-03
9.000317367340734953e-03
9.020300067921977263e-03
9.033456984557838507e-03
9.038500226578200306e-03
9.034936126315935498e-03
9.023113562737196391e-03
9.004189810737492014e-03
8.980017259012403399e-03
8.952962085344884011e-03
8.925672638637638379e-03
8.900820200071433638e-03
8.880837499490094183e-03
8.867680582854276308e-03
8.862637340833930122e-03
8.866201441096243502e-03
8.878024004675036385e-03
8.896947756674674843e-03
8.921120308399798152e-03
