9.594992570700792284e-03
1.066933028635645361e-02
1.157542365081674907e-02
1.222457793244509545e-02
1.255324938723144032e-02
1.252926536319243223e-02
1.215497358370818543e-02
1.146701233599821401e-02
1.053272406029691875e-02
9.443563402598333448e-03
8.306144996707062050e-03
7.231807281051274086e-03
6.325713916591224097e-03
5.676559634963189958e-03
5.347888180176901471e-03
5.371872204215488895e-03
5.746163983699775595e-03
6.434125231409680221e-03
7.368413507111048338e-03
8.457574164809444558e-03
9.594992570701026471e-03
1.066933028635650045e-02
1.157542365081687223e-02
1.222457793244460279e-02
1.255324938723084531e-02
1.252926536319245131e-02
1.215497358370848380e-02
1.146701233599879514e-02
1.053272406029717029e-02
9.443563402598468756e-03
8.306144996707133174e-03
7.231807281051758074e-03
6.325713916591344660e-03
5.676559634963137049e-03
5.347888180176884991e-03
5.371872204215586907e-03
5.746163983699792942e-03
6.434125231409621240e-03
7.368413507111204463e-03
8.457574164809553846e-03
9.594992570700800957e-03
1.066933028635637555e-02
1.157542365081664845e-02
1.222457793244507811e-02
1.255324938723169879e-02
1.252926536319266121e-02
1.215497358370850808e-02
1.146701233599847422e-02
1.053272406029686671e-02
9.443563402598442735e-03
8.306144996707074193e-03
7.231807281051362557e-03
6.325713916591148636e-03
5.676559634963111028e-03
5.347888180176799990e-03
5.371872204215540937e-03
5.746163983699811156e-03
6.434125231409492003e-03
7.368413507111161963e-03
8.457574164809534764e-03
9.594992570701073309e-03
1.066933028635629749e-02
1.157542365081670570e-02
1.222457793244523597e-02
1.255324938723103613e-02
1.252926536319241141e-02
1.215497358370848206e-02
1.146701233599840310e-02
1.053272406029684069e-02
9.443563402598352530e-03
8.306144996707105418e-03
7.231807281051652256e-03
6.325713916591386293e-03
5.676559634963262817e-03
5.347888180176982136e-03
5.371872204215442925e-03
5.746163983699758247e-03
6.434125231409468584e-03
7.368413507110991960e-03
8.457574164809434150e-03
9.594992570700698609e-03
1.066933028635627494e-02
1.157542365081663978e-02
1.222457793244491331e-02
1.255324938723145593e-02
1.252926536319252070e-02
1.215497358370805879e-02
1.146701233599843953e-02
1.053272406029679732e-02
9.443563402598394163e-03
8.306144996707008274e-03
7.231807281051477049e-03
6.325713916591217158e-03
5.676559634963130110e-03
5.347888180176871981e-03
5.371872204215551345e-03
5.746163983699921311e-03
6.434125231409490268e-03
7.368413507110959000e-03
8.457574164809552111e-03
