8.929583970583132579e-03
8.942876846163998888e-03
8.958919490897927426e-03
8.976139102593745298e-03
8.992847683045484750e-03
9.007407270868459867e-03
9.018390276386095694e-03
9.024719223871564139e-03
9.025772222200013212e-03
9.021443839708799539e-03
9.012155424410554436e-03
8.998813859344255081e-03
8.982722790378183317e-03
8.965455016105733713e-03
8.948698531199957007e-03
8.934091293576350637e-03
8.923060889504707757e-03
8.916684791366247947e-03
8.915584887000251729e-03
8.919866604842592930e-03
8.929108593711565858e-03
8.942403967455722982e-03
8.958449077149726117e-03
8.975671121197582522e-03
8.992382101976953077e-03
9.006944058675371220e-03
9.017929402177434633e-03
9.024260657306625022e-03
9.025315933477702154e-03
9.020989799557342301e-03
9.011703604077199101e-03
8.998364230585373727e-03
8.982275325449512460e-03
8.965009687752769144e-03
8.948255312648662613e-03
8.933650158523955692e-03
8.922621812110741873e-03
8.916247746243766842e-03
8.915149849207243404e-03
8.919433549873500081e-03
8.928677497489101444e-03
8.941974806322708358e-03
8.958021827861201505e-03
8.975245760913070150e-03
8.991958608252779289e-03
9.006522409457283496e-03
9.017509575793267174e-03
9.023842632459101384e-03
9.024899689237499828e-03
9.020575315356138199e-03
9.011290859700982203e-03
8.997953206167823639e-03
8.981866001465473384e-03
8.964602045011978854e-03
8.947849332289497040e-03
8.933245822007289741e-03
8.922219101214032277e-03
8.915846643055140228e-03
8.914750336119726601e-03
8.919035609579448187e-03
8.928281112974606817e-03
8.941579960862184803e-03
8.957628505012108985e-03
8.974853944510615203e-03
8.991568282404887799e-03
9.006133558539535303e-03
9.017122184443959049e-03
9.023456685574476541e-03
9.024515171966954880e-03
9.020192213097610531e-03
9.010909158096365099e-03
8.997572891098527120e-03
8.981487059048063118e-03
8.964224461593794241e-03
8.947473094444489614e-03
8.932870916531897992e-03
8.921845515123056486e-03
8.915474363577809841e-03
8.914379350695790169e-03
8.918665905855294521e-03
8.927912678799549209e-03
8.941212784284746987e-03
8.957262574276389153e-03
8.974489248052766252e-03
8.991204808849592375e-03
9.005771296696593597e-03
9.016761123304921702e-03
9.023096814309386829e-03
9.024156479921068355e-03
9.019834689788223947e-03
9.010552793209744213e-03
8.997217674486784195e-03
8.981132980726207887e-03
8.963871511736777944e-03
8.947121263384302803e-03
8.932520194754718645e-03
8.921495893266503940e-03
8.915125832428198727e-03
8.914031901185438117e-03
8.918319529059911405e-03
