8.405074144547049902e-03
8.592720036414539658e-03
8.815394792005460181e-03
9.051301446343923071e-03
9.277347804539270298e-03
9.471406866681434875e-03
9.614482772729330759e-03
9.692570249615018937e-03
9.698025544924647814e-03
9.630314650616724620e-03
9.496065575425642613e-03
9.308419549164928877e-03
9.085744667571513458e-03
8.849837895097304591e-03
8.623791426142026623e-03
8.429732260155161847e-03
8.286656256745923016e-03
8.208568688577553771e-03
8.203113307684407191e-03
8.270824121752222424e-03
8.405073121712838477e-03
8.592719077439950684e-03
8.815393892903568285e-03
9.051300603376683657e-03
9.277347014201854994e-03
9.471406125687902716e-03
9.614482077998977652e-03
9.692569598259499070e-03
9.698024934235825387e-03
9.630314078055568147e-03
9.496065038611780154e-03
9.308419045866486025e-03
9.085744195695959202e-03
8.849837452682801989e-03
8.623791011349250107e-03
8.429731871259536075e-03
8.286655892130595502e-03
8.208568346726671100e-03
8.203112987176656642e-03
8.270823821255067487e-03
8.405072839976920895e-03
8.592718813293931390e-03
8.815393645249242419e-03
9.051300371184381813e-03
9.277346796506246926e-03
9.471405921583905124e-03
9.614481886638090447e-03
9.692569418845987245e-03
9.698024766023915708e-03
9.630313920345754189e-03
9.496064890748388485e-03
9.308418907234852074e-03
9.085744065719689871e-03
8.849837330821504894e-03
8.623790897096203847e-03
8.429731764139745606e-03
8.286655791698778126e-03
8.208568252565193873e-03
8.203112898894046254e-03
8.270823738484310225e-03
8.405072762373840684e-03
8.592718740535984154e-03
8.815393577033840342e-03
9.051300307227909750e-03
9.277346736542780442e-03
9.471405865364185273e-03
9.614481833928434362e-03
9.692569369427190065e-03
9.698024719690532397e-03
9.630313876905180134e-03
9.496064850020085810e-03
9.308418869049392072e-03
9.085744029918345344e-03
8.849837297255407076e-03
8.623790865625809848e-03
8.429731734634172274e-03
8.286655764035281632e-03
8.208568226628775930e-03
8.203112874576879918e-03
8.270823715685287139e-03
8.405072740998208516e-03
8.592718720494902512e-03
8.815393558243986988e-03
9.051300289611182229e-03
9.277346720025997709e-03
9.471405849878574215e-03
9.614481819409576024e-03
9.692569355814849644e-03
9.698024706928102395e-03
9.630313864939581484e-03
9.496064838801563171e-03
9.308418858531309140e-03
9.085744020056912493e-03
8.849837288009688302e-03
8.623790856957309903e-03
8.429731726506918196e-03
8.286655756415401211e-03
8.208568219484631279e-03
8.203112867878770836e-03
8.270823709405291518e-03
