8.950259452041193012e-03
8.950481561507944023e-03
8.950753951698154839e-03
8.951049850856301199e-03
8.951340186507091359e-03
8.951596431267361265e-03
8.951793395300640735e-03
8.951911692069412091e-03
8.951939636020108879e-03
8.951874386442138995e-03
8.951722225532181970e-03
8.951497943444708741e-03
8.951223390524454260e-03
8.950925338438263726e-03
8.950632859573679628e-03
8.950374481227027501e-03
8.950175393148870548e-03
8.950054981791740610e-03
8.950024932625132504e-03
8.950088086276442728e-03
8.950238160466729431e-03
8.950460364960109369e-03
8.950732849331351215e-03
8.951028841833987698e-03
8.951319270001706005e-03
8.951575606460298457e-03
8.951772661382140228e-03
8.951891048238531240e-03
8.951919081484632432e-03
8.951853920418525318e-03
8.951701847245483248e-03
8.951477652128513735e-03
8.951203185420827588e-03
8.950905218797633109e-03
8.950612824654809868e-03
8.950354530296928540e-03
8.950155525482726346e-03
8.950035196672843224e-03
8.950005229344802291e-03
8.950068464133957222e-03
8.950218618769250484e-03
8.950440903022599884e-03
8.950713466476521371e-03
8.951009537392183926e-03
8.951300043310891907e-03
8.951556456865926437e-03
8.951753588237123735e-03
8.951872050903128541e-03
8.951900159326391104e-03
8.951835072812218061e-03
8.951683073573005536e-03
8.951458951778859530e-03
8.951184557789947094e-03
8.950886663288427567e-03
8.950594340677011859e-03
8.950336117267046476e-03
8.950137182823971610e-03
8.950016923815053843e-03
8.949987025724371811e-03
8.950050329193770526e-03
8.950200551958591849e-03
8.950422903797123492e-03
8.950695534298112530e-03
8.950991671728985091e-03
8.951282243637139618e-03
8.951538722661932235e-03
8.951735918989185692e-03
8.951854446103484422e-03
8.951882618473131631e-03
8.951817595409227932e-03
8.951665659129892302e-03
8.951441599810899818e-03
8.951167267817999873e-03
8.950869434838882102e-03
8.950577173281721796e-03
8.950319010463256980e-03
8.950120136154289877e-03
8.949999936827327668e-03
8.949970097971675712e-03
8.950033460234320740e-03
8.950183741355713374e-03
8.950406151119126921e-03
8.950678839118318339e-03
8.950975033625595267e-03
8.951265662193197761e-03
8.951522197465287128e-03
8.951719449632418446e-03
8.951838032183835614e-03
8.951866259592470079e-03
8.951801291173965697e-03
8.951649409150979481e-03
8.951425403703694439e-03
8.951151125202276571e-03
8.950853345338760994e-03
8.950561136525600828e-03
8.950303026083785904e-03
8.950104203788257495e-03
8.949984056115710407e-03
8.949954268559497106e-03
8.950017681770639291e-03
