8.998241165679618167e-03
1.038368553795340418e-02
1.162884645720977002e-02
1.261183889712571594e-02
1.323644070877109773e-02
1.344151151496559247e-02
1.320697755638644208e-02
1.255579665099374083e-02
1.155171092285100370e-02
1.029300727890565363e-02
8.902896401731344792e-03
7.517452029457628165e-03
6.272291110201153909e-03
5.289298670285155941e-03
4.664696858639592013e-03
4.459626052444928997e-03
4.694160011024028217e-03
5.345340916416871715e-03
6.349426644559551594e-03
7.608130288504819268e-03
8.998241165679007544e-03
1.038368553795297744e-02
1.162884645720959134e-02
1.261183889712548523e-02
1.323644070877091732e-02
1.344151151496554911e-02
1.320697755638666933e-02
1.255579665099351705e-02
1.155171092285094472e-02
1.029300727890613415e-02
8.902896401731771533e-03
7.517452029457886639e-03
6.272291110201550293e-03
5.289298670285370180e-03
4.664696858639700433e-03
4.459626052445148439e-03
4.694160011024159189e-03
5.345340916416928094e-03
6.349426644559420622e-03
7.608130288504674418e-03
8.998241165678993667e-03
1.038368553795261141e-02
1.162884645720906919e-02
1.261183889712534992e-02
1.323644070877109599e-02
1.344151151496567401e-02
1.320697755638692086e-02
1.255579665099385532e-02
1.155171092285136800e-02
1.029300727890593119e-02
8.902896401731665715e-03
7.517452029458105214e-03
6.272291110201713357e-03
5.289298670285434364e-03
4.664696858639728189e-03
4.459626052445074713e-03
4.694160011024055106e-03
5.345340916416752020e-03
6.349426644559254956e-03
7.608130288504301453e-03
8.998241165678780296e-03
1.038368553795259407e-02
1.162884645720896858e-02
1.261183889712505675e-02
1.323644070877070568e-02
1.344151151496565492e-02
1.320697755638688270e-02
1.255579665099399583e-02
1.155171092285178780e-02
1.029300727890651926e-02
8.902896401731946741e-03
7.517452029458273483e-03
6.272291110201777542e-03
5.289298670285762227e-03
4.664696858639992734e-03
4.459626052445026141e-03
4.694160011023886837e-03
5.345340916416637528e-03
6.349426644559077147e-03
7.608130288504225125e-03
8.998241165678530495e-03
1.038368553795238937e-02
1.162884645720867888e-02
1.261183889712499083e-02
1.323644070877090170e-02
1.344151151496563237e-02
1.320697755638685321e-02
1.255579665099428033e-02
1.155171092285188668e-02
1.029300727890688702e-02
8.902896401732559098e-03
7.517452029458839870e-03
6.272291110202185202e-03
5.289298670285978200e-03
4.664696858640173145e-03
4.459626052445166654e-03
4.694160011023973574e-03
5.345340916416471862e-03
6.349426644558761428e-03
7.608130288503780168e-03
