8.319343729394808318e-03
8.635956982600931364e-03
8.983366630928387234e-03
9.327565797453564456e-03
9.634861869580178470e-03
9.875174566711221805e-03
1.002498040769437930e-02
1.006961535305527476e-02
1.000471022335223253e-02
9.836618384901196083e-03
9.581793838014459816e-03
9.265180584808276054e-03
8.917770936480860083e-03
8.573571769955689800e-03
8.266275697828935273e-03
8.025963000697893673e-03
7.876157159714814240e-03
7.831522214353910105e-03
7.896427344056947129e-03
8.064519182507981845e-03
8.319343729394655662e-03
8.635956982600731871e-03
8.983366630928269272e-03
9.327565797453481189e-03
9.634861869580218369e-03
9.875174566711185375e-03
1.002498040769419368e-02
1.006961535305514639e-02
1.000471022335212498e-02
9.836618384901203022e-03
9.581793838014412978e-03
9.265180584808227482e-03
8.917770936480717836e-03
8.573571769955608268e-03
8.266275697828787822e-03
8.025963000697850305e-03
7.876157159714835057e-03
7.831522214353989902e-03
7.896427344057013048e-03
8.064519182508087664e-03
8.319343729394844747e-03
8.635956982601012896e-03
8.983366630928454888e-03
9.327565797453678947e-03
9.634861869580487251e-03
9.875174566711475074e-03
1.002498040769446430e-02
1.006961535305535456e-02
1.000471022335223253e-02
9.836618384901149245e-03
9.581793838014491041e-03
9.265180584808348913e-03
8.917770936480868757e-03
8.573571769955748781e-03
8.266275697828947416e-03
8.025963000697923164e-03
7.876157159714965161e-03
7.831522214354050618e-03
7.896427344057108458e-03
8.064519182508165726e-03
8.319343729394856890e-03
8.635956982600960855e-03
8.983366630928484378e-03
9.327565797453724050e-03
9.634861869580442148e-03
9.875174566711417828e-03
1.002498040769437410e-02
1.006961535305518109e-02
1.000471022335199488e-02
9.836618384900977508e-03
9.581793838014138892e-03
9.265180584808047071e-03
8.917770936480573854e-03
8.573571769955391428e-03
8.266275697828593533e-03
8.025963000697654282e-03
7.876157159714644238e-03
7.831522214353741837e-03
7.896427344056785799e-03
8.064519182507844802e-03
8.319343729394692091e-03
8.635956982600775239e-03
8.983366630928262334e-03
9.327565797453430882e-03
9.634861869580161123e-03
9.875174566711154150e-03
1.002498040769412256e-02
1.006961535305509955e-02
1.000471022335204345e-02
9.836618384900984446e-03
9.581793838014192669e-03
9.265180584808080030e-03
8.917770936480613753e-03
8.573571769955450408e-03
8.266275697828652513e-03
8.025963000697725405e-03
7.876157159714826383e-03
7.831522214353989902e-03
7.896427344057084172e-03
8.064519182508200421e-03
