9.414868757331723223e-03
1.014014892308230317e-02
1.075002425997254388e-02
1.118479592077592510e-02
1.140190542610058401e-02
1.138010058487517323e-02
1.112151580688151321e-02
1.065146317185584370e-02
1.001595470676390313e-02
9.277198408016546285e-03
8.507508889352940681e-03
7.782228723602380681e-03
7.172353386712063648e-03
6.737581725908942630e-03
6.520472220583919433e-03
6.542277061809419550e-03
6.800861839803171507e-03
7.270914474828841026e-03
7.906422939920970672e-03
8.645179238668202620e-03
9.414868757331775265e-03
1.014014892308235868e-02
1.075002425997250918e-02
1.118479592077582449e-02
1.140190542610073667e-02
1.138010058487519578e-02
1.112151580688142995e-02
1.065146317185594951e-02
1.001595470676374354e-02
9.277198408016390160e-03
8.507508889352836598e-03
7.782228723602283536e-03
7.172353386712092271e-03
6.737581725908959977e-03
6.520472220583916831e-03
6.542277061809531440e-03
6.800861839803214876e-03
7.270914474828910415e-03
7.906422939921015774e-03
8.645179238668357011e-03
9.414868757331778734e-03
1.014014892308244715e-02
1.075002425997247622e-02
1.118479592077579847e-02
1.140190542610071238e-02
1.138010058487523395e-02
1.112151580688143168e-02
1.065146317185577604e-02
1.001595470676380079e-02
9.277198408016378017e-03
8.507508889352800169e-03
7.782228723602295679e-03
7.172353386712166864e-03
6.737581725908739667e-03
6.520472220583765910e-03
6.542277061809462051e-03
6.800861839803149823e-03
7.270914474828868782e-03
7.906422939920915161e-03
8.645179238668213029e-03
9.414868757331846388e-03
1.014014892308246971e-02
1.075002425997264449e-02
1.118479592077578112e-02
1.140190542610074534e-02
1.138010058487498415e-02
1.112151580688142301e-02
1.065146317185586798e-02
1.001595470676391701e-02
9.277198408016728431e-03
8.507508889353081194e-03
7.782228723602313894e-03
7.172353386712248396e-03
6.737581725908606094e-03
6.520472220583775451e-03
6.542277061809470724e-03
6.800861839803109057e-03
7.270914474828866179e-03
7.906422939920771178e-03
8.645179238668150579e-03
9.414868757331679855e-03
1.014014892308240205e-02
1.075002425997219867e-02
1.118479592077548969e-02
1.140190542610071932e-02
1.138010058487515241e-02
1.112151580688157740e-02
1.065146317185584196e-02
1.001595470676385456e-02
9.277198408016499448e-03
8.507508889352977111e-03
7.782228723602403232e-03
7.172353386712135639e-03
6.737581725908630380e-03
6.520472220583874330e-03
6.542277061809484602e-03
6.800861839803194059e-03
7.270914474828763831e-03
7.906422939920771178e-03
8.645179238668261601e-03
