8.830903701769286102e-03
1.019537603712754315e-02
1.143799796543874987e-02
1.243713299450406075e-02
1.309497882629493543e-02
1.334714092731452417e-02
1.316893591419831915e-02
1.257780773525790652e-02
1.163162013527977399e-02
1.042299254902611001e-02
9.070233865643298823e-03
7.705761530284968922e-03
6.463139601973753520e-03
5.464004572908664689e-03
4.806158741117663377e-03
4.553996640097766717e-03
4.732201653213783527e-03
5.323329832154550037e-03
6.269517432132880319e-03
7.478145018386497464e-03
8.830903701769048444e-03
1.019537603712723263e-02
1.143799796543851048e-02
1.243713299450371554e-02
1.309497882629454338e-02
1.334714092731444958e-02
1.316893591419823588e-02
1.257780773525770356e-02
1.163162013527936980e-02
1.042299254902557745e-02
9.070233865643123616e-03
7.705761530284780704e-03
6.463139601973416117e-03
5.464004572908528513e-03
4.806158741117606999e-03
4.553996640097892484e-03
4.732201653213956132e-03
5.323329832154461566e-03
6.269517432132675622e-03
7.478145018386231184e-03
8.830903701768989464e-03
1.019537603712720487e-02
1.143799796543865620e-02
1.243713299450374850e-02
1.309497882629453470e-02
1.334714092731438193e-02
1.316893591419866089e-02
1.257780773525803315e-02
1.163162013527959879e-02
1.042299254902625226e-02
9.070233865643545154e-03
7.705761530285313264e-03
6.463139601973754388e-03
5.464004572908575351e-03
4.806158741117562763e-03
4.553996640097784931e-03
4.732201653213778322e-03
5.323329832154367891e-03
6.269517432132611437e-03
7.478145018386056844e-03
8.830903701768595682e-03
1.019537603712702273e-02
1.143799796543828150e-02
1.243713299450365135e-02
1.309497882629451562e-02
1.334714092731432988e-02
1.316893591419844751e-02
1.257780773525778335e-02
1.163162013527964736e-02
1.042299254902649339e-02
9.070233865643755056e-03
7.705761530285421684e-03
6.463139601973949544e-03
5.464004572908803467e-03
4.806158741117613070e-03
4.553996640097731155e-03
4.732201653213717607e-03
5.323329832154142377e-03
6.269517432132449240e-03
7.478145018385924138e-03
8.830903701768587008e-03
1.019537603712687875e-02
1.143799796543839772e-02
1.243713299450343972e-02
1.309497882629462318e-02
1.334714092731431427e-02
1.316893591419838506e-02
1.257780773525785795e-02
1.163162013527978093e-02
1.042299254902630777e-02
9.070233865643659646e-03
7.705761530285475461e-03
6.463139601974182864e-03
5.464004572909034185e-03
4.806158741117787410e-03
4.553996640097843912e-03
4.732201653213547604e-03
5.323329832154219572e-03
6.269517432132306126e-03
7.478145018385879902e-03
