8.933976002777632014e-03
8.941243656454309074e-03
8.950341357603490769e-03
8.960373956569164799e-03
8.970354813711868547e-03
8.979302378403700505e-03
8.986336269877596983e-03
8.990763454868089949e-03
8.992146086375392422e-03
8.990344363022080218e-03
8.985530213629600374e-03
8.978170467473060856e-03
8.968981157626929740e-03
8.958857430508424674e-03
8.948785922560896500e-03
8.939748181257825554e-03
8.932624584252455563e-03
8.928108161736064349e-03
8.926636757672870570e-03
8.928350170442495015e-03
8.933076468262480738e-03
8.940348818932632516e-03
8.949451186488488474e-03
8.959488421657064994e-03
8.969473885172673383e-03
8.978426026772212340e-03
8.985464466044668433e-03
8.989896170072198336e-03
8.991283292194446677e-03
8.989486031365446356e-03
8.984676316730416668e-03
8.977320977880764649e-03
8.968136048199954261e-03
8.958016674407218508e-03
8.947949493241059288e-03
8.938916052463502168e-03
8.931796730009902013e-03
8.927284556347416661e-03
8.925817375710080187e-03
8.927534986741491457e-03
8.932265457917438339e-03
8.939541957290433188e-03
8.948648449143413453e-03
8.958689784445510867e-03
8.968679324168159564e-03
8.977635518280421487e-03
8.984677986598708921e-03
8.989113696427955200e-03
8.990504801326132042e-03
8.988711500461208856e-03
8.983905723188082698e-03
8.976554299303753093e-03
8.967373262393309175e-03
8.957257759373657424e-03
8.947194427177253967e-03
8.938164813756413127e-03
8.931049297233204995e-03
8.926540908258060944e-03
8.925077491244921488e-03
8.926798845014004627e-03
8.931533038214579251e-03
8.938813239069573480e-03
8.947923412029261392e-03
8.957968408227280285e-03
8.967961588796691946e-03
8.976921403865443377e-03
8.983967473406156978e-03
8.988406764877375846e-03
8.989801431988121011e-03
8.988011674054970437e-03
8.983209420579028881e-03
8.975861501501175566e-03
8.966683950548065204e-03
8.956571914776025739e-03
8.946512031254738595e-03
8.937485848071661729e-03
8.930373743481984442e-03
8.925868748267246772e-03
8.924408706970591437e-03
8.926133418539540856e-03
8.930870951748836467e-03
8.938154474945093908e-03
8.947267952700531379e-03
8.957316236269059762e-03
8.967312686902343885e-03
8.976275754845304891e-03
8.983325060185998884e-03
8.987767570496855291e-03
8.989165439599303489e-03
8.987378866920858744e-03
8.982579782072159721e-03
8.975235015102202285e-03
8.966060599844472359e-03
8.955951683460736112e-03
8.945894903124872871e-03
8.936871807027270409e-03
8.929762773524798844e-03
8.925260833499523705e-03
8.923803831593919711e-03
8.925531566853701568e-03
