8.431107332513705990e-03
8.773257216774436526e-03
9.133803156081723301e-03
9.477452401824983802e-03
9.770566171485662102e-03
9.984452447045858228e-03
1.009817454962027433e-02
1.010060056746044273e-02
9.991493025037163911e-03
9.781532128799957579e-03
9.491270314155504997e-03
9.149120429894724155e-03
8.788574490587335031e-03
8.444925244843996467e-03
8.151811475183238370e-03
7.937925199623118572e-03
7.824203097048676447e-03
7.821777079208521929e-03
7.930884621631800746e-03
8.140845517869248205e-03
8.431107332513563743e-03
8.773257216774252645e-03
9.133803156081612279e-03
9.477452401824904005e-03
9.770566171485728021e-03
9.984452447045953638e-03
1.009817454962023964e-02
1.010060056746038722e-02
9.991493025036993908e-03
9.781532128799497877e-03
9.491270314155355811e-03
9.149120429894613132e-03
8.788574490587272581e-03
8.444925244844045040e-03
8.151811475183257452e-03
7.937925199623184491e-03
7.824203097048842981e-03
7.821777079208655503e-03
7.930884621631949932e-03
8.140845517869367901e-03
8.431107332513664357e-03
8.773257216774394893e-03
9.133803156081652178e-03
9.477452401824936964e-03
9.770566171485703735e-03
9.984452447045948434e-03
1.009817454962021535e-02
1.010060056746034558e-02
9.991493025037068501e-03
9.781532128799652268e-03
9.491270314155395710e-03
9.149120429894620071e-03
8.788574490587277785e-03
8.444925244843961773e-03
8.151811475183203676e-03
7.937925199623148062e-03
7.824203097048728489e-03
7.821777079208518460e-03
7.930884621631821563e-03
8.140845517869367901e-03
8.431107332513645275e-03
8.773257216774296013e-03
9.133803156081636565e-03
9.477452401824943903e-03
9.770566171485658633e-03
9.984452447045800982e-03
1.009817454962022056e-02
1.010060056746044446e-02
9.991493025037196871e-03
9.781532128799792780e-03
9.491270314155494589e-03
9.149120429894798748e-03
8.788574490587451257e-03
8.444925244844152593e-03
8.151811475183285208e-03
7.937925199623101224e-03
7.824203097048757979e-03
7.821777079208664177e-03
7.930884621632017586e-03
8.140845517869503209e-03
8.431107332513764971e-03
8.773257216774434791e-03
9.133803156081707689e-03
9.477452401824949108e-03
9.770566171485708939e-03
9.984452447045754145e-03
1.009817454961998810e-02
1.010060056746008364e-02
9.991493025036816966e-03
9.781532128799582879e-03
9.491270314155380097e-03
9.149120429894581907e-03
8.788574490587154620e-03
8.444925244843901058e-03
8.151811475183200206e-03
7.937925199623038774e-03
7.824203097048686856e-03
7.821777079208541011e-03
7.930884621631967279e-03
8.140845517869480658e-03
