8.967639612498553084e-03
8.996098889734337536e-03
9.020101362965033884e-03
9.037297502875933294e-03
9.046004031479744009e-03
9.045368693094328269e-03
9.035453679068265742e-03
9.017229540056240916e-03
8.992480181759588895e-03
8.963628243807138934e-03
8.933497954909478192e-03
8.905038677673593125e-03
8.881036204442959228e-03
8.863840064532179513e-03
8.855133535928460739e-03
8.855768874313550351e-03
8.865683888339781146e-03
8.883908027351885769e-03
8.908657385648595037e-03
8.937509323600942648e-03
8.967639612498839313e-03
8.996098889734453763e-03
9.020101362965193478e-03
9.037297502875759822e-03
9.046004031479521965e-03
9.045368693094463577e-03
9.035453679068213700e-03
9.017229540055963360e-03
8.992480181759484811e-03
8.963628243807090362e-03
8.933497954909424416e-03
8.905038677673469960e-03
8.881036204442699020e-03
8.863840064532089308e-03
8.855133535928505842e-03
8.855768874313590250e-03
8.865683888339784616e-03
8.883908027351887504e-03
8.908657385648595037e-03
8.937509323600942648e-03
8.967639612498811558e-03
8.996098889734360088e-03
9.020101362965106742e-03
9.037297502875771965e-03
9.046004031479495944e-03
9.045368693094512150e-03
9.035453679068185945e-03
9.017229540056168058e-03
8.992480181759436239e-03
8.963628243807055668e-03
8.933497954909474723e-03
8.905038677673556696e-03
8.881036204442659121e-03
8.863840064532054613e-03
8.855133535928502372e-03
8.855768874313623210e-03
8.865683888339775942e-03
8.883908027352028017e-03
8.908657385648794530e-03
8.937509323600923566e-03
8.967639612498804619e-03
8.996098889734356618e-03
9.020101362965030414e-03
9.037297502875933294e-03
9.046004031479744009e-03
9.045368693094480925e-03
9.035453679068237987e-03
9.017229540056239182e-03
8.992480181759588895e-03
8.963628243807138934e-03
8.933497954909478192e-03
8.905038677673593125e-03
8.881036204442959228e-03
8.863840064532179513e-03
8.855133535928460739e-03
8.855768874313550351e-03
8.865683888339779412e-03
8.883908027352028017e-03
8.908657385648794530e-03
8.937509323600989486e-03
8.967639612498780333e-03
8.996098889734599480e-03
9.020101362964910718e-03
9.037297502875919417e-03
9.046004031479665947e-03
9.045368693094590212e-03
9.035453679068460031e-03
9.017229540056017137e-03
8.992480181759660018e-03
8.963628243807180568e-03
8.933497954909469518e-03
8.905038677673410979e-03
8.881036204442714632e-03
8.863840064532188187e-03
8.855133535928434718e-03
8.855768874313430655e-03
8.865683888339744717e-03
8.883908027352140774e-03
8.908657385648615853e-03
8.937509323601067548e-03
