1.396442971845002212e+01;4.317704286350417670e-02
1.403390449316867894e+01;4.323158040708209582e-02
1.410337926788733576e+01;4.330448083405669807e-02
1.417285404260599257e+01;4.338858411743169025e-02
1.424232881732464939e+01;4.347563393421759875e-02
1.431180359204330621e+01;4.355708584765186769e-02
1.438127836676196303e+01;4.362494369205778544e-02
1.445075314148061985e+01;4.367254228916243874e-02
1.452022791619927666e+01;4.369519987815256856e-02
1.458970269091793348e+01;4.369067639505776202e-02
1.465917746563659030e+01;4.365939274189296893e-02
1.472865224035524712e+01;4.360438958195508863e-02
1.479812701507390393e+01;4.353102969469278133e-02
1.486760178979256075e+01;4.344647302571009312e-02
1.493707656451121757e+01;4.335897581768097253e-02
1.500655133922987439e+01;4.327708242811477424e-02
1.507602611394853120e+01;4.320878894448301755e-02
1.514550088866718802e+01;4.316076046788562548e-02
1.521497566338584484e+01;4.313767868298538227e-02
1.528445043810450166e+01;4.314178357860821988e-02
1.535392521282315847e+01;4.317265417858778126e-02
1.542339998754181529e+01;4.322724974645646839e-02
1.549287476226047211e+01;4.330020743056257893e-02
1.556234953697912893e+01;4.338436721405334456e-02
1.563182431169778575e+01;4.347147278394784820e-02
1.570129908641644256e+01;4.355297971336057755e-02
1.577077386113509938e+01;4.362089184635980360e-02
1.584024863585375620e+01;4.366854401429040577e-02
1.590972341057241302e+01;4.369125446582776406e-02
1.597919818529106983e+01;4.368678314636746662e-02
1.604867296000972843e+01;4.365555096716241396e-02
1.611814773472838525e+01;4.360059860063066756e-02
1.618762250944704206e+01;4.352728883521695541e-02
1.625709728416569888e+01;4.344278162540560900e-02
1.632657205888435570e+01;4.335533322263156186e-02
1.639604683360301252e+01;4.327348799304912841e-02
1.646552160832166933e+01;4.320524203266132984e-02
1.653499638304032615e+01;4.315726045098656344e-02
1.660447115775898297e+01;4.313422494099604376e-02
1.667394593247763979e+01;4.313837549971245161e-02
1.674342070719629660e+01;4.316929115905907693e-02
1.681289548191495342e+01;4.322393119054877136e-02
1.688237025663361024e+01;4.329693275040786410e-02
1.695184503135226706e+01;4.338113582955485659e-02
1.702131980607092387e+01;4.346828412267962627e-02
1.709079458078958069e+01;4.354983321046369121e-02
1.716026935550823751e+01;4.361778694444432697e-02
1.722974413022689433e+01;4.366548016333535176e-02
1.729921890494555115e+01;4.368823112308520967e-02
1.736869367966420796e+01;4.368379977626333371e-02
1.743816845438286478e+01;4.365260704120578483e-02
1.750764322910152160e+01;4.359769359731676536e-02
1.757711800382017842e+01;4.352442223993707032e-02
1.764659277853883523e+01;4.343995293035337463e-02
1.771606755325749205e+01;4.335254192671510187e-02
1.778554232797614887e+01;4.327073360180193340e-02
1.785501710269480569e+01;4.320252405815442481e-02
1.792449187741346250e+01;4.315457841174263898e-02
1.799396665213211932e+01;4.313157836190185945e-02
1.806344142685077614e+01;4.313576391193686688e-02
1.813291620156943296e+01;4.316671409997066555e-02
1.820239097628808977e+01;4.322138820363297801e-02
1.827186575100674659e+01;4.329442338518386252e-02
1.834134052572540341e+01;4.337865964149908993e-02
1.841081530044406023e+01;4.346584067314495509e-02
1.848029007516271705e+01;4.354742206660338483e-02
1.854976484988137386e+01;4.361540767913436867e-02
1.861923962460003068e+01;4.366313235509891588e-02
1.868871439931868750e+01;4.368591435601752032e-02
1.875818917403734432e+01;4.368151363995821657e-02
1.882766394875600113e+01;4.365035113068464756e-02
1.889713872347465795e+01;4.359546751295399064e-02
1.896661349819331477e+01;4.352222558739007874e-02
1.903608827291197159e+01;4.343778532049413776e-02
1.910556304763062840e+01;4.335040297556128769e-02
1.917503782234928522e+01;4.326862293044714258e-02
1.924451259706794204e+01;4.320044129270164679e-02
1.931398737178659886e+01;4.315252318323840180e-02
1.938346214650525567e+01;4.312955030627033809e-02
1.945293692122391249e+01;4.313376266991683639e-02
1.952241169594256931e+01;4.316473931704974815e-02
1.959188647066122613e+01;4.321943952998585914e-02
1.966136124537988294e+01;4.329250047561181841e-02
1.973083602009853976e+01;4.337676215536601793e-02
1.980031079481719658e+01;4.346396827431960042e-02
1.986978556953585340e+01;4.354557442339778567e-02
1.993926034425451022e+01;4.361358446424550700e-02
2.000873511897316703e+01;4.366133324555223488e-02
2.007820989369182385e+01;4.368413903310756213e-02
2.014768466841048067e+01;4.367976178919556751e-02
2.021715944312913749e+01;4.364862244173412648e-02
2.028663421784779430e+01;4.359376167958534803e-02
2.035610899256645112e+01;4.352054230742220808e-02
2.042558376728510794e+01;4.343612429574179867e-02
2.049505854200376476e+01;4.334876391178014293e-02
2.056453331672242157e+01;4.326700553728313886e-02
2.063400809144107839e+01;4.319884528364088816e-02
2.070348286615973521e+01;4.315094827555379653e-02
2.077295764087839203e+01;4.312799622097392843e-02
2.084243241559704884e+01;4.313222913170849937e-02
2.091190719031570566e+01;4.316322605427015680e-02
2.098138196503436248e+01;4.321794627456661264e-02
2.105085673975301930e+01;4.329102696302798009e-02
2.112033151447167612e+01;4.337530812459188673e-02
2.118980628919033293e+01;4.346253346777928517e-02
2.125928106390898975e+01;4.354415858692074065e-02
2.132875583862764657e+01;4.361218734702246302e-02
2.139823061334630339e+01;4.365995460008914586e-02
2.146770538806496020e+01;4.368277861518356925e-02
2.153718016278361702e+01;4.367841935781720253e-02
2.160665493750227384e+01;4.364729775909632209e-02
2.167612971222093066e+01;4.359245451102522484e-02
2.174560448693958747e+01;4.351925242138111188e-02
2.181507926165824429e+01;4.343485146372114136e-02
2.188455403637690111e+01;4.334750790830292633e-02
2.195402881109555793e+01;4.326576613985393116e-02
2.202350358581421474e+01;4.319762227270547428e-02
2.209297836053287156e+01;4.314974143446109744e-02
2.216245313525152838e+01;4.312680533593690052e-02
2.223192790997018520e+01;4.313105399176660887e-02
2.230140268468884202e+01;4.316206645125159752e-02
2.237087745940749883e+01;4.321680200305241804e-02
2.244035223412615565e+01;4.328989782031601730e-02
2.250982700884481247e+01;4.337419391065858859e-02
2.257930178356346929e+01;4.346143398524528884e-02
2.264877655828212610e+01;4.354307364101830252e-02
2.271825133300078292e+01;4.361111674555757239e-02
2.278772610771943974e+01;4.365889815340927294e-02
2.285720088243809656e+01;4.368173613614334538e-02
2.292667565715675337e+01;4.367739066174556456e-02
2.299615043187541019e+01;4.364628266376399668e-02
2.306562520659406701e+01;4.359145283661294834e-02
2.313509998131272383e+01;4.351826399044531057e-02
2.320457475603138064e+01;4.343387610116546810e-02
2.327404953075003746e+01;4.334654544134628612e-02
2.334352430546869428e+01;4.326481639799960310e-02
2.341299908018735110e+01;4.319668508770917875e-02
2.348247385490600792e+01;4.314881664030459363e-02
2.355194862962466473e+01;4.312589276879751077e-02
2.362142340434332155e+01;4.313015348998679860e-02
2.369089817906197837e+01;4.316117785531049800e-02
2.376037295378063519e+01;4.321592515553933367e-02
2.382984772849929200e+01;4.328903256590056758e-02
2.389932250321794882e+01;4.337334009606495788e-02
2.396879727793660564e+01;4.346059145922519934e-02
2.403827205265526246e+01;4.354224225432062195e-02
2.410774682737391927e+01;4.361029635090574175e-02
2.417722160209257609e+01;4.365808860547285702e-02
2.424669637681123291e+01;4.368093729151507898e-02
2.431617115152988973e+01;4.367660237891315272e-02
2.438564592624854654e+01;4.364550480308639763e-02
2.445512070096720336e+01;4.359068526029507423e-02
2.452459547568586018e+01;4.351750656251412303e-02
2.459407025040451700e+01;4.343312868744616390e-02
2.466354502512317382e+01;4.334580790943676903e-02
2.473301979984183063e+01;4.326408861724880678e-02
2.480249457456048745e+01;4.319596692919499409e-02
2.487196934927914427e+01;4.314810797680798671e-02
2.494144412399780109e+01;4.312519347478126902e-02
2.501091889871645790e+01;4.312946344157349288e-02
2.508039367343511472e+01;4.316049693026104139e-02
2.514986844815377154e+01;4.321525323323088807e-02
2.521934322287242836e+01;4.328836952730518578e-02
2.528881799759108517e+01;4.337268582372760112e-02
2.535829277230974199e+01;4.345994583724347576e-02
2.542776754702839881e+01;4.354160516832628058e-02
2.549724232174705563e+01;4.360966768804103166e-02
2.556671709646571244e+01;4.365746825437336748e-02
2.563619187118436926e+01;4.368032514228772922e-02
2.570566664590302608e+01;4.367599832311835906e-02
2.577514142062168290e+01;4.364490873371808938e-02
2.584461619534033971e+01;4.359009707176186854e-02
2.591409097005899653e+01;4.351692615062140862e-02
2.598356574477765335e+01;4.343255594937619340e-02
2.605304051949631017e+01;4.334524274373182523e-02
2.612251529421496699e+01;4.326353092379176674e-02
2.619199006893362380e+01;4.319541660919223175e-02
2.626146484365228062e+01;4.314756493277247668e-02
2.633093961837093744e+01;4.312465761051538504e-02
2.640041439308959426e+01;4.312893466215082794e-02
2.646988916780825107e+01;4.315997514201161400e-02
2.653936394252690789e+01;4.321473834372038109e-02
2.660883871724556471e+01;4.328786144532356661e-02
2.667831349196422153e+01;4.337218445927070593e-02
2.674778826668287834e+01;4.345945110149636997e-02
2.681726304140153516e+01;4.354111697364771577e-02
2.688673781612019198e+01;4.360918594795078901e-02
2.695621259083884880e+01;4.365699288353211416e-02
2.702568736555750561e+01;4.367985605648565250e-02
2.709516214027616243e+01;4.367553543925861009e-02
2.716463691499481925e+01;4.364445196980160091e-02
2.723411168971347607e+01;4.358964634687623185e-02
2.730358646443213289e+01;4.351648138492239526e-02
2.737306123915078970e+01;4.343211706407416883e-02
2.744253601386944652e+01;4.334480966108011923e-02
2.751201078858810334e+01;4.326310356707280952e-02
2.758148556330676016e+01;4.319499490270101161e-02
2.765096033802541697e+01;4.314714880180573614e-02
2.772043511274407379e+01;4.312424698135680634e-02
2.778990988746273061e+01;4.312852946205970178e-02
