8.951565858679816357e-03
8.952693429265270314e-03
8.954102494283222233e-03
8.955654764675739787e-03
8.957197937862296580e-03
8.958580606123138501e-03
8.959667077388414405e-03
8.960350657670396179e-03
8.960564094962202020e-03
8.960286162281193290e-03
8.959543735462975611e-03
8.958409162317004099e-03
8.956993180669243354e-03
8.955434078523019648e-03
8.953884157417307116e-03
8.952494824043033539e-03
8.951401769453888949e-03
8.950711686633904332e-03
8.950491826598572231e-03
8.950763415351307636e-03
8.951499576089320259e-03
8.952627960047823685e-03
8.954037828457292111e-03
8.955590892382351426e-03
8.957134849363454845e-03
8.958518291800400199e-03
8.959605527741386008e-03
8.960289863315288802e-03
8.960504046630393335e-03
8.960226850817843217e-03
8.959485151825577823e-03
8.958351297574050284e-03
8.956936025998818093e-03
8.955377625211488959e-03
8.953828396858008742e-03
8.952439747734889167e-03
8.951347369000172555e-03
8.950657953740930733e-03
8.950438753074442880e-03
8.950710993104663352e-03
8.951447797128099168e-03
8.952576816478039975e-03
8.953987312481835603e-03
8.955540996299802756e-03
8.957085565566909324e-03
8.958469612776315955e-03
8.959557446068402639e-03
8.960242371663118890e-03
8.960457137758729568e-03
8.960180517575192655e-03
8.959439387148247086e-03
8.958306094485021451e-03
8.956891377606671437e-03
8.955333524709407217e-03
8.953784837522668627e-03
8.952396722925503800e-03
8.951304872157445428e-03
8.950615978386035690e-03
8.950397292808061345e-03
8.950670041606040642e-03
8.951407348154005392e-03
8.952536863861888794e-03
8.953947850132691968e-03
8.955502018201486059e-03
8.957047065777056644e-03
8.958431585425490409e-03
8.959519885359179189e-03
8.960205271869246466e-03
8.960420493224215133e-03
8.960144322713440787e-03
8.959403636441225574e-03
8.958270782482392197e-03
8.956856498925018506e-03
8.955299074031334780e-03
8.953750809596055030e-03
8.952363112562674100e-03
8.951271674234373421e-03
8.950583187841575430e-03
8.950364904643211619e-03
8.950638050883077609e-03
8.951375749995863287e-03
8.952505653451306444e-03
8.953917022711543189e-03
8.955471569070016374e-03
8.957016990293218892e-03
8.958401879004138091e-03
8.959490543471480134e-03
8.960176290041924757e-03
8.960391867038893648e-03
8.960116047805969861e-03
8.959375708501002983e-03
8.958243197251710907e-03
8.956829252198409211e-03
8.955272161654948340e-03
8.953724227467008481e-03
8.952336856628429623e-03
8.951245740492129455e-03
8.950557572337662984e-03
8.950339603472436817e-03
8.950613060188206474e-03
