8.806154990051117543e-03
8.861216453960497549e-03
8.925484503271553793e-03
8.992668132188718841e-03
9.056190937758659340e-03
9.109834864005976821e-03
9.148348868570313486e-03
9.167962931313777819e-03
9.166757090154803098e-03
9.144849380329403421e-03
9.104384280275603161e-03
9.049322795138758924e-03
8.985054725986384855e-03
8.917871078523587763e-03
8.854348255619037822e-03
8.800704313169184501e-03
8.762190293460330251e-03
8.742576216561262145e-03
8.743782044489003050e-03
8.765689741947231203e-03
8.806154830441429229e-03
8.861216304773471969e-03
8.925484363826513209e-03
8.992668001849602605e-03
9.056190815930915267e-03
9.109834750133721445e-03
9.148348762133998863e-03
9.167962831827913828e-03
9.166756997165487197e-03
9.144849293412353475e-03
9.104384199034309955e-03
9.049322719202642154e-03
8.985054655009056673e-03
8.917871012181131929e-03
8.854348193608833559e-03
8.800704255208211674e-03
8.762190239284279453e-03
8.742576165922989057e-03
8.743781997157440769e-03
8.765689697706450026e-03
8.806154789089665202e-03
8.861216266122108609e-03
8.925484327699134343e-03
8.992667968081400828e-03
9.056190784367786420e-03
9.109834720631680011e-03
9.148348734558497952e-03
9.167962806053076702e-03
9.166756973073746442e-03
9.144849270893894155e-03
9.104384177986288990e-03
9.049322699529065150e-03
8.985054636620212407e-03
8.917870994993099681e-03
8.854348177543151788e-03
8.800704240191664640e-03
8.762190225248350783e-03
8.742576152803573780e-03
8.743781984894749906e-03
8.765689686244519663e-03
8.806154778376136180e-03
8.861216256108132849e-03
8.925484318339111170e-03
8.992667959332602268e-03
9.056190776190289546e-03
9.109834712988151839e-03
9.148348727414074011e-03
9.167962799375232660e-03
9.166756966832041373e-03
9.144849265059776244e-03
9.104384172533234315e-03
9.049322694432071143e-03
8.985054631856014690e-03
8.917870990539965639e-03
8.854348173380866688e-03
8.800704236301215913e-03
8.762190221611934962e-03
8.742576149404599969e-03
8.743781981717765189e-03
8.765689683274959301e-03
8.806154775600566476e-03
8.861216253513819197e-03
8.925484315914264388e-03
8.992667957066127066e-03
9.056190774071815747e-03
9.109834711008041319e-03
9.148348725563266309e-03
9.167962797645336920e-03
9.166756965215105621e-03
9.144849263548462601e-03
9.104384171120543170e-03
9.049322693111592694e-03
8.985054630621791896e-03
8.917870989386388406e-03
8.854348172302572983e-03
8.800704235293336369e-03
8.762190220669853480e-03
8.742576148524045659e-03
8.743781980894644104e-03
8.765689682505585154e-03
