8.724034551088079986e-03
8.850657996206556105e-03
8.988101055582266297e-03
9.122909839653964639e-03
9.241888320403289156e-03
9.333390050499780141e-03
9.388458198692887363e-03
9.401702306843215395e-03
9.371825945506333244e-03
9.301753617464665613e-03
9.198344487004404477e-03
9.071720957110845571e-03
8.934277818125233375e-03
8.799468959294048237e-03
8.680490408340140254e-03
8.588988612316448071e-03
8.533920402212956044e-03
8.520676235924356037e-03
8.550552542665099814e-03
8.620624819437061950e-03
8.724033901751394871e-03
8.850657386432359691e-03
8.988100482960132559e-03
9.122909301920278935e-03
9.241887815432371645e-03
9.333389576295543499e-03
9.388457753380837975e-03
9.401701888662952408e-03
9.371825552804797024e-03
9.301753248689481612e-03
9.198344140697745780e-03
9.071720631903836679e-03
8.934277512732298476e-03
8.799468672508014080e-03
8.680490139027387600e-03
8.588988359412278242e-03
8.533920164717587187e-03
8.520676012898987031e-03
8.550552333228125107e-03
8.620624622760548333e-03
8.724033717057939896e-03
8.850657212991839065e-03
8.988100320086954073e-03
9.122909148970577420e-03
9.241887671801491885e-03
9.333389441415745197e-03
9.388457626718874072e-03
9.401701769718127932e-03
9.371825441107001914e-03
9.301753143797211396e-03
9.198344042196264503e-03
9.071720539403809944e-03
8.934277425867998002e-03
8.799468590936193602e-03
8.680490062425497838e-03
8.588988287477573522e-03
8.533920097165682145e-03
8.520675949462803642e-03
8.550552273656945521e-03
8.620624566818864756e-03
8.724033664524627127e-03
8.850657163659238560e-03
8.988100273760015260e-03
9.122909105466238400e-03
9.241887630947813806e-03
9.333389403051233976e-03
9.388457590691789978e-03
9.401701735886123026e-03
9.371825409336296056e-03
9.301753113962215810e-03
9.198344014179092587e-03
9.071720513093663174e-03
8.934277401160903992e-03
8.799468567734376398e-03
8.680490040637284244e-03
8.588988267016791148e-03
8.533920077951522368e-03
8.520675931419282104e-03
8.550552256712758148e-03
8.620624550907068570e-03
8.724033649582307176e-03
8.850657149627320572e-03
8.988100260583066145e-03
9.122909093092084615e-03
9.241887619327570844e-03
9.333389392138978502e-03
9.388457580444421052e-03
9.401701726263079345e-03
9.371825400299602787e-03
9.301753105476158467e-03
9.198344006210116414e-03
9.071720505610263857e-03
8.934277394133527048e-03
8.799468561135146555e-03
8.680490034440133812e-03
8.588988261197213689e-03
8.533920072486505040e-03
8.520675926287241478e-03
8.550552251893325101e-03
8.620624546381251349e-03
