8.082191994757561768e-03
8.834225428063105165e-03
9.598107495814354670e-03
1.029906409894050003e-02
1.086848072127579584e-02
1.125061889646715094e-02
1.140807227741355567e-02
1.132542823014575338e-02
1.101077652982538312e-02
1.049491747718706361e-02
9.828346950504284613e-03
9.076313517198843564e-03
8.312431449447569773e-03
7.611474846321372376e-03
7.042058223986086968e-03
6.659920048794704985e-03
6.502466667848278564e-03
6.585110715115890037e-03
6.899762415436237750e-03
7.415621468074668279e-03
8.082191994757480236e-03
8.834225428062917815e-03
9.598107495814120482e-03
1.029906409894030053e-02
1.086848072127565186e-02
1.125061889646696706e-02
1.140807227741360251e-02
1.132542823014582277e-02
1.101077652982545944e-02
1.049491747718723361e-02
9.828346950504388696e-03
9.076313517198853972e-03
8.312431449447505588e-03
7.611474846321350692e-03
7.042058223985946455e-03
6.659920048794580084e-03
6.502466667848111163e-03
6.585110715115855343e-03
6.899762415436194382e-03
7.415621468074487868e-03
8.082191994757220027e-03
8.834225428062744342e-03
9.598107495814136095e-03
1.029906409894025890e-02
1.086848072127562063e-02
1.125061889646701389e-02
1.140807227741347241e-02
1.132542823014593553e-02
1.101077652982553404e-02
1.049491747718699769e-02
9.828346950504406043e-03
9.076313517198824482e-03
8.312431449447552426e-03
7.611474846321289109e-03
7.042058223986012375e-03
6.659920048794613912e-03
6.502466667848278564e-03
6.585110715115868353e-03
6.899762415436108513e-03
7.415621468074450572e-03
8.082191994757181863e-03
8.834225428062820670e-03
9.598107495814019868e-03
1.029906409894022420e-02
1.086848072127555472e-02
1.125061889646701563e-02
1.140807227741343424e-02
1.132542823014578807e-02
1.101077652982557220e-02
1.049491747718713994e-02
9.828346950504565638e-03
9.076313517199145406e-03
8.312431449447835186e-03
7.611474846321642992e-03
7.042058223986285594e-03
6.659920048794772639e-03
6.502466667848211777e-03
6.585110715115877027e-03
6.899762415436111983e-03
7.415621468074506950e-03
8.082191994757249517e-03
8.834225428062726995e-03
9.598107495813993847e-03
1.029906409894022941e-02
1.086848072127554778e-02
1.125061889646699134e-02
1.140807227741347935e-02
1.132542823014594767e-02
1.101077652982552363e-02
1.049491747718708963e-02
9.828346950504440738e-03
9.076313517198916422e-03
8.312431449447701612e-03
7.611474846321508551e-03
7.042058223986145081e-03
6.659920048794626922e-03
6.502466667848142388e-03
6.585110715115709626e-03
6.899762415435984481e-03
7.415621468074249344e-03
