8.807024318472272961e-03
8.854718264007651815e-03
8.912259612891595614e-03
8.974015631219744993e-03
9.033941031141148881e-03
9.086169725469155078e-03
9.125589040893632153e-03
9.148340181804444360e-03
9.152195955839666219e-03
9.136778786749320119e-03
9.103597673957051356e-03
9.055900480958908524e-03
8.998356011600415830e-03
8.936596994820260667e-03
8.876668713697789120e-03
8.824437250834744548e-03
8.785015275135527393e-03
8.762261577976909743e-03
8.758403347652982465e-03
8.773818156504914131e-03
8.806997001353171484e-03
8.854692015092599858e-03
8.912234390409733836e-03
8.973991395033641821e-03
9.033917742682855134e-03
9.086147347678794756e-03
9.125567538160673370e-03
9.148319519910809092e-03
9.152176101905308558e-03
9.136759709179952116e-03
9.103579342393785731e-03
9.055882866230045500e-03
8.998339085675006316e-03
8.936580730763385091e-03
8.876653085627905782e-03
8.824422233882306052e-03
8.785000845403541717e-03
8.762247712502778049e-03
8.758390024372101137e-03
8.773805354215418253e-03
8.806984699682282938e-03
8.854680194464245244e-03
8.912223032013305568e-03
8.973980480794058537e-03
9.033907255231886715e-03
9.086137270327466348e-03
9.125557854872443087e-03
9.148310215276280952e-03
9.152167161117627167e-03
9.136751118011371756e-03
9.103571087172851808e-03
9.055874933819922645e-03
8.998331463452472617e-03
8.936573406599014613e-03
8.876646047866421085e-03
8.824415471324282070e-03
8.784994347287463506e-03
8.762241468487946827e-03
8.758384024522173489e-03
8.773799588982630557e-03
8.806979159892222228e-03
8.854674871301206410e-03
8.912217917006387546e-03
8.973975565803503363e-03
9.033902532436348387e-03
9.086132732211342142e-03
9.125553494214051417e-03
9.148306025136386174e-03
9.152163134828280103e-03
9.136747249165369511e-03
9.103567369613548010e-03
9.055871361631414110e-03
8.998328030950223169e-03
8.936570108320742584e-03
8.876642878563486411e-03
8.824412425953250330e-03
8.784991421002127931e-03
8.762238656631605310e-03
8.758381322620205703e-03
8.773796992735415079e-03
8.806976665168227136e-03
8.854672474130489274e-03
8.912215613574232462e-03
8.973973352444408400e-03
9.033900405628018243e-03
9.086130688569346928e-03
9.125551530486272073e-03
9.148304138197810298e-03
9.152161321676212380e-03
9.136745506914472140e-03
9.103565695491330420e-03
9.055869752973825029e-03
8.998326485197365859e-03
8.936568623012744461e-03
8.876641451336741637e-03
8.824411054536561785e-03
8.784990103213060827e-03
8.762237390373118356e-03
8.758380105877289212e-03
8.773795823571798463e-03
