8.953998542061273810e-03
8.954558819386667506e-03
8.955241222093610065e-03
8.955978676355464546e-03
8.956698721005490471e-03
8.957330600531174594e-03
8.957812191107207209e-03
8.958096081698981375e-03
8.958154214975646082e-03
8.957980633748028818e-03
8.957592064090658460e-03
8.957026278068113551e-03
8.956338396333274679e-03
8.955595492524998438e-03
8.954870027624316220e-03
8.954232756960145076e-03
8.953745804176209064e-03
8.953456580127510528e-03
8.953393141967224897e-03
8.953561446708753827e-03
8.953944768103636390e-03
8.954505333915148760e-03
8.955188023320018870e-03
8.955925762510761126e-03
8.956646090339392616e-03
8.957278251311696221e-03
8.957760121620228153e-03
8.958044290247865749e-03
8.958102699880872780e-03
8.957929393346766508e-03
8.957541096736475889e-03
8.956975582130575347e-03
8.956287970197611761e-03
8.955545334591785353e-03
8.954820136309151954e-03
8.954183130693328663e-03
8.953696441402460293e-03
8.953407479305652492e-03
8.953344301569946331e-03
8.953512865222295128e-03
8.953896444027529405e-03
8.954457265761980866e-03
8.955140209615195315e-03
8.955878201792227475e-03
8.956598781157388417e-03
8.957231192228572864e-03
8.957713311210221616e-03
8.957997727096864149e-03
8.958056382586218613e-03
8.957883320517086648e-03
8.957495266991409230e-03
8.956929994100649647e-03
8.956242622524045877e-03
8.955500225926294952e-03
8.954775265313767371e-03
8.954138496040280407e-03
8.953652041773955267e-03
8.953363313393782053e-03
8.953300368076441695e-03
8.953469162858444103e-03
8.953852971514030673e-03
8.954414021828749695e-03
8.955097193001285497e-03
8.955835411245671729e-03
8.956556215435078697e-03
8.957188850096102495e-03
8.957671191441807235e-03
8.957955828475180904e-03
8.958014703902330775e-03
8.957841860570275871e-03
8.957454024589122515e-03
8.956888968058367498e-03
8.956201811665166074e-03
8.955459629082068371e-03
8.954734881323153997e-03
8.954098323749862601e-03
8.953612080037851029e-03
8.953323561073560019e-03
8.953260824041013588e-03
8.953429825984010951e-03
8.953813840683950975e-03
8.954375095933504725e-03
8.955058470938356135e-03
8.955796891919460406e-03
8.956517897756888572e-03
8.957150732983984801e-03
8.957633273820549136e-03
8.957918109276187535e-03
8.957977182063595750e-03
8.957804535036287610e-03
8.957416894310794853e-03
8.956852031992978969e-03
8.956165068776309607e-03
8.955423078339554144e-03
8.954698521703002498e-03
8.954062154234181461e-03
8.953576099614828088e-03
8.953287768737360972e-03
8.953225218791781986e-03
8.953394406827758917e-03
