8.942075255268746095e-03
9.306002619185250666e-03
9.635597779014905620e-03
9.898597664089542336e-03
1.006925801323007089e-02
1.013087340240158285e-02
1.007741248801262250e-02
9.914108396847750443e-03
9.656946471156406878e-03
9.331099511977922548e-03
8.968463689985975776e-03
8.604536326069594371e-03
8.274941166239665330e-03
8.011941281165122289e-03
7.841280932024807110e-03
7.779665542853092183e-03
7.833126457242127125e-03
7.996430548407047756e-03
8.253592474098327136e-03
8.579439433276766364e-03
8.942075255268713135e-03
9.306002619185179542e-03
9.635597779015058276e-03
9.898597664089662032e-03
1.006925801323006221e-02
1.013087340240155683e-02
1.007741248801268495e-02
9.914108396847894425e-03
9.656946471156469328e-03
9.331099511977886118e-03
8.968463689986029552e-03
8.604536326069733149e-03
8.274941166239739923e-03
8.011941281165063308e-03
7.841280932024826192e-03
7.779665542853270860e-03
7.833126457242177432e-03
7.996430548407122349e-03
8.253592474098309789e-03
8.579439433276764629e-03
8.942075255268692319e-03
9.306002619185117092e-03
9.635597779014969805e-03
9.898597664089535397e-03
1.006925801322978639e-02
1.013087340240135040e-02
1.007741248801239005e-02
9.914108396847566562e-03
9.656946471156481471e-03
9.331099511977884384e-03
8.968463689986020879e-03
8.604536326069693250e-03
8.274941166239698290e-03
8.011941281165108411e-03
7.841280932024923336e-03
7.779665542853199736e-03
7.833126457242232943e-03
7.996430548407007857e-03
8.253592474098341014e-03
8.579439433276781976e-03
8.942075255268721809e-03
9.306002619185023417e-03
9.635597779014869191e-03
9.898597664089618664e-03
1.006925801322993905e-02
1.013087340240144234e-02
1.007741248801258260e-02
9.914108396847537072e-03
9.656946471156450246e-03
9.331099511978116837e-03
8.968463689986090268e-03
8.604536326069722740e-03
8.274941166239781556e-03
8.011941281165226372e-03
7.841280932024897316e-03
7.779665542853230094e-03
7.833126457242213861e-03
7.996430548407082450e-03
8.253592474098304585e-03
8.579439433276768098e-03
8.942075255268716605e-03
9.306002619184922803e-03
9.635597779014968070e-03
9.898597664089538867e-03
1.006925801322978639e-02
1.013087340240143713e-02
1.007741248801247852e-02
9.914108396847535337e-03
9.656946471156432898e-03
9.331099511978068264e-03
8.968463689986079859e-03
8.604536326069642943e-03
8.274941166239859619e-03
8.011941281165158718e-03
7.841280932024959766e-03
7.779665542853404434e-03
7.833126457242201718e-03
7.996430548407111941e-03
8.253592474098308054e-03
8.579439433276721261e-03
