8.905479973160634541e-03
1.027879078039257987e-02
1.152254610050558285e-02
1.251499849701351134e-02
1.315899981452393896e-02
1.339151071705810096e-02
1.318977141747698298e-02
1.257352956402436883e-02
1.160310720292518673e-02
1.037349603621437986e-02
9.005058972094005798e-03
7.631748164862056996e-03
6.387992844749264786e-03
5.395540448241302467e-03
4.751539130730792447e-03
4.519028228196643460e-03
4.720767527777523787e-03
5.337009381230322681e-03
6.307431742329349528e-03
7.537042909040275220e-03
8.905479973160643214e-03
1.027879078039239426e-02
1.152254610050530530e-02
1.251499849701317654e-02
1.315899981452371172e-02
1.339151071705804372e-02
1.318977141747729870e-02
1.257352956402450241e-02
1.160310720292569327e-02
1.037349603621467824e-02
9.005058972094288558e-03
7.631748164862285980e-03
6.387992844749701069e-03
5.395540448241679769e-03
4.751539130730944235e-03
4.519028228196597489e-03
4.720767527777444857e-03
5.337009381230139668e-03
6.307431742329169116e-03
7.537042909040052308e-03
8.905479973160473212e-03
1.027879078039238038e-02
1.152254610050520121e-02
1.251499849701290246e-02
1.315899981452361284e-02
1.339151071705807494e-02
1.318977141747708706e-02
1.257352956402466894e-02
1.160310720292547469e-02
1.037349603621477712e-02
9.005058972094392641e-03
7.631748164862415217e-03
6.387992844749643823e-03
5.395540448241624258e-03
4.751539130730982399e-03
4.519028228196623510e-03
4.720767527777535062e-03
5.337009381230016503e-03
6.307431742329021665e-03
7.537042909039799905e-03
8.905479973160051674e-03
1.027879078039202650e-02
1.152254610050486815e-02
1.251499849701287644e-02
1.315899981452359896e-02
1.339151071705802810e-02
1.318977141747735074e-02
1.257352956402452496e-02
1.160310720292570714e-02
1.037349603621490028e-02
9.005058972094749994e-03
7.631748164862540117e-03
6.387992844749747039e-03
5.395540448241671096e-03
4.751539130731017961e-03
4.519028228196621776e-03
4.720767527777499500e-03
5.337009381230040789e-03
6.307431742328952276e-03
7.537042909039707098e-03
8.905479973160101981e-03
1.027879078039200568e-02
1.152254610050492539e-02
1.251499849701305858e-02
1.315899981452365794e-02
1.339151071705801076e-02
1.318977141747735074e-02
1.257352956402480772e-02
1.160310720292575225e-02
1.037349603621512233e-02
9.005058972094817649e-03
7.631748164862711854e-03
6.387992844749958675e-03
5.395540448241809006e-03
4.751539130731118575e-03
4.519028228196678154e-03
4.720767527777443989e-03
5.337009381229960124e-03
6.307431742328838652e-03
7.537042909039525819e-03
