8.950698536934784816e-03
8.952040800738044965e-03
8.953720273098915092e-03
8.955572242957269072e-03
8.957415118613587524e-03
8.959068203121344984e-03
8.960369382095994747e-03
8.961190992534283015e-03
8.961452319293152641e-03
8.961127495986214928e-03
8.960248036902424343e-03
8.958899752105585479e-03
8.957214347685999584e-03
8.955356533390065876e-03
8.953507899623142779e-03
8.951849142056635122e-03
8.950542373818768174e-03
8.949715256675106964e-03
8.949448504549227523e-03
8.949767982626108051e-03
8.950642175433084699e-03
8.951985271740152059e-03
8.953665564308046013e-03
8.955518342258350986e-03
8.957362014070418404e-03
8.959015882974055711e-03
8.960317834758419267e-03
8.961140206591384008e-03
8.961402283498540872e-03
8.961078199259574911e-03
8.960199468327142980e-03
8.958851900926304360e-03
8.957167203306181172e-03
8.955310085369726225e-03
8.953462137676511390e-03
8.951804056049842556e-03
8.950497953767665507e-03
8.949671492743001971e-03
8.949405387044716276e-03
8.949725502000930796e-03
8.950600322280054602e-03
8.951944036790998940e-03
8.953624938431405805e-03
8.955478316457746515e-03
8.957322579482271396e-03
8.958977030865688390e-03
8.960279556526139222e-03
8.961102493758574261e-03
8.961365127713788112e-03
8.961041592294877525e-03
8.960163402075964692e-03
8.958816367401905428e-03
8.957132194639751827e-03
8.955275593808700516e-03
8.953428155582841136e-03
8.951770575898290380e-03
8.950464968144158581e-03
8.949638994342977091e-03
8.949373368671490955e-03
8.949693956564145486e-03
8.950569242794048988e-03
8.951913416373328755e-03
8.953594770301276373e-03
8.955448593934501808e-03
8.957293295983936865e-03
8.958948179907522472e-03
8.960251131719212600e-03
8.961074488808290148e-03
8.961337536418565591e-03
8.961014408544678775e-03
8.960136619851033837e-03
8.958789980771377295e-03
8.957106197760422023e-03
8.955249980923656733e-03
8.953402921020149965e-03
8.951745714069859333e-03
8.950440473544377801e-03
8.949614861547596986e-03
8.949349592336387077e-03
8.949670531424118100e-03
8.950546163661685095e-03
8.951890678137799928e-03
8.953572367927273637e-03
8.955426522461102865e-03
8.957271550523464645e-03
8.958926755644538997e-03
8.960230023909356717e-03
8.961053692777311286e-03
8.961317047561232624e-03
8.960994222323798164e-03
8.960116731796433087e-03
8.958770386478917894e-03
8.957086892890981158e-03
8.955230961202230444e-03
8.953384182234895572e-03
8.951727252071111848e-03
8.950422284243817264e-03
8.949596940917238855e-03
8.949331936407766905e-03
8.949653136287380809e-03
