8.141917749480580280e-03
8.442253007168038989e-03
8.792806003409921883e-03
9.159262161140012404e-03
9.505750191521618320e-03
9.798353425597714286e-03
1.000842981413012887e-02
1.011541561091264425e-02
1.010883829550019916e-02
9.989341696452467417e-03
9.768622968886142566e-03
9.468287595412403987e-03
9.117734490945314518e-03
8.751278232057214945e-03
8.404790107123237888e-03
8.112186784669220621e-03
7.902110313530108510e-03
7.795124439535175247e-03
7.801701682777261240e-03
7.921198214367470777e-03
8.141916878881405931e-03
8.442252193420055062e-03
8.792805242800667484e-03
9.159261450199485469e-03
9.505749527006404631e-03
9.798352804476223241e-03
1.000842923356860641e-02
1.011541506826245211e-02
1.010883778828567704e-02
9.989341222359650330e-03
9.768622525752052380e-03
9.468287181215432127e-03
9.117734103795894357e-03
8.751277870189101346e-03
8.404789768885602072e-03
8.112186468518901156e-03
7.902110018024786908e-03
7.795124163326743252e-03
7.801701424605604444e-03
7.921197973054768318e-03
8.141916653326685197e-03
8.442251982594350945e-03
8.792805045742152145e-03
9.159261266009147140e-03
9.505749354843960608e-03
9.798352643556065833e-03
1.000842908315674115e-02
1.011541492767267271e-02
1.010883765687660418e-02
9.989341099531706333e-03
9.768622410944980544e-03
9.468287073905462189e-03
9.117734003493412759e-03
8.751277776436531403e-03
8.404789681255157505e-03
8.112186386610853103e-03
7.902109941465394402e-03
7.795124091766755282e-03
7.801701357718522634e-03
7.921197910535427919e-03
8.141916594889893333e-03
8.442251927973487557e-03
8.792804994687996450e-03
9.159261218288861084e-03
9.505749310239912722e-03
9.798352601864774788e-03
1.000842904418795982e-02
1.011541489124866133e-02
1.010883762283116931e-02
9.989341067709565924e-03
9.768622381200931307e-03
9.468287046103819257e-03
9.117733977507170087e-03
8.751277752147233399e-03
8.404789658551995238e-03
8.112186365390185519e-03
7.902109921630475972e-03
7.795124073227034309e-03
7.801701340389474715e-03
7.921197894337954001e-03
8.141916579750056032e-03
8.442251913822281309e-03
8.792804981460967603e-03
9.159261205925556260e-03
9.505749298683923917e-03
9.798352591063571107e-03
1.000842903409211032e-02
1.011541488181214900e-02
1.010883761401095739e-02
9.989341059465391484e-03
9.768622373495195951e-03
9.468287038901339325e-03
9.117733970775108998e-03
8.751277745854709605e-03
8.404789652670354577e-03
8.112186359892621310e-03
7.902109916491864214e-03
7.795124068423925009e-03
7.801701335899908878e-03
7.921197890141552095e-03
