8.976097881215592406e-03
9.231301418210656126e-03
9.459485025144692000e-03
9.638312500722025916e-03
9.750278965668783895e-03
9.784424362280341042e-03
9.737406301231057992e-03
9.613827237930375191e-03
9.425783952120188325e-03
9.191683430790563783e-03
8.934441064043095043e-03
8.679237527048095507e-03
8.451053920114314638e-03
8.272226444536890516e-03
8.160259979589894880e-03
8.126114582978339468e-03
8.173132644027882726e-03
8.296711707328492669e-03
8.484754993138632698e-03
8.718855514468382140e-03
8.976097881215830063e-03
9.231301418210827864e-03
9.459485025144417913e-03
9.638312500721906220e-03
9.750278965669113493e-03
9.784424362280523188e-03
9.737406301231186362e-03
9.613827237930422029e-03
9.425783952120720885e-03
9.191683430790787562e-03
8.934441064043341374e-03
8.679237527048258571e-03
8.451053920114554030e-03
8.272226444537202766e-03
8.160259979590047535e-03
8.126114582978594472e-03
8.173132644027783847e-03
8.296711707328428484e-03
8.484754993138636167e-03
8.718855514468368262e-03
8.976097881215490057e-03
9.231301418210517348e-03
9.459485025144417913e-03
9.638312500721907955e-03
9.750278965669080533e-03
9.784424362280386145e-03
9.737406301231045849e-03
9.613827237930340497e-03
9.425783952120221285e-03
9.191683430790435413e-03
8.934441064042961470e-03
8.679237527048038262e-03
8.451053920114371884e-03
8.272226444537048376e-03
8.160259979590103047e-03
8.126114582978471307e-03
8.173132644028018035e-03
8.296711707328551649e-03
8.484754993138497389e-03
8.718855514468217341e-03
8.976097881215411994e-03
9.231301418210755005e-03
9.459485025144638223e-03
9.638312500721999895e-03
9.750278965668761344e-03
9.784424362280276857e-03
9.737406301231054523e-03
9.613827237930508765e-03
9.425783952120393022e-03
9.191683430790745929e-03
8.934441064043317088e-03
8.679237527048272449e-03
8.451053920114262596e-03
8.272226444536998069e-03
8.160259979590054474e-03
8.126114582978386305e-03
8.173132644027726601e-03
8.296711707328359095e-03
8.484754993138251059e-03
8.718855514467892948e-03
8.976097881215436280e-03
9.231301418210515614e-03
9.459485025144516793e-03
9.638312500721715401e-03
9.750278965668716241e-03
9.784424362280205734e-03
9.737406301230839417e-03
9.613827237930465397e-03
9.425783952120519657e-03
9.191683430790773685e-03
8.934441064043219943e-03
8.679237527048130202e-03
8.451053920114243515e-03
8.272226444537008477e-03
8.160259979589912227e-03
8.126114582978476511e-03
8.173132644027657212e-03
8.296711707328294910e-03
8.484754993138273610e-03
8.718855514467912030e-03
