8.796056934211832906e-03
8.869992036306418096e-03
8.953871510687504837e-03
9.039473045583978558e-03
9.118405894302889989e-03
9.182932218467793756e-03
9.226724520059194010e-03
9.245485019531584150e-03
9.237366350961118133e-03
9.203152393651482105e-03
9.146181539140645078e-03
9.072019904767834181e-03
8.987916481933717200e-03
8.902093552938174226e-03
8.822941835339064356e-03
8.758199138710119278e-03
8.714192932596608390e-03
8.695220968394602387e-03
8.703130584199688519e-03
8.737137873197166338e-03
8.793904416651971562e-03
8.867864070338005861e-03
8.951767816274380785e-03
9.037393345884157589e-03
9.116349915632154452e-03
9.180899690263630286e-03
9.224715174845219551e-03
9.243498592882331069e-03
9.235402581467150665e-03
9.201211022885144239e-03
9.144262311621917730e-03
9.070122567930719720e-03
8.986040786093052457e-03
8.900239251256727990e-03
8.821108683795096314e-03
8.756386896065178338e-03
8.712401360363867045e-03
8.693449830807442602e-03
8.701379648180603346e-03
8.735406908327232253e-03
8.792193195140423148e-03
8.866172366992235501e-03
8.950095408470342545e-03
9.035740013537111107e-03
9.114715441167604848e-03
9.179283858588778086e-03
9.223117773320623977e-03
9.241919411293894257e-03
9.233841411998518212e-03
9.199667660090258409e-03
9.142736552398078934e-03
9.068614211491844018e-03
8.984549633943220495e-03
8.898765107164067004e-03
8.819651353765903257e-03
8.754946188318511388e-03
8.710977085306185683e-03
8.692041801007754226e-03
8.699987678345734790e-03
8.734030815277456922e-03
8.790832797785384789e-03
8.864827486307071472e-03
8.948765867472129737e-03
9.034425637261624120e-03
9.113416056646256314e-03
9.177999294825840010e-03
9.221847861270775215e-03
9.240663983839906767e-03
9.232600303929321475e-03
9.198440708079194672e-03
9.141523594981361411e-03
9.067415089047375920e-03
8.983364188669511197e-03
8.897593183059514244e-03
8.818492796608293910e-03
8.753800845644655812e-03
8.709844806391909416e-03
8.690922436847998978e-03
8.698881081635051471e-03
8.732936840390528171e-03
8.789751300757866689e-03
8.863758324816723225e-03
8.947708900820030078e-03
9.033380726353618453e-03
9.112383063974729969e-03
9.176978084451600792e-03
9.220838298805086874e-03
9.239665936426954412e-03
9.231613640228609335e-03
9.197465298248245699e-03
9.140559310658765563e-03
9.066461803335756908e-03
8.982421776118888757e-03
8.896661519650798239e-03
8.817571759736953646e-03
8.752890314104597516e-03
8.708944660359487291e-03
8.690032557866281260e-03
8.698001352598220062e-03
8.732067145528465621e-03
