8.904060092734679410e-03
8.926066427039660439e-03
8.952905991524430854e-03
8.981940651649646459e-03
9.010317463066425808e-03
9.035247937290179221e-03
9.054280997989822347e-03
9.065542909028657254e-03
9.067920688428619813e-03
9.061171054421003970e-03
9.045944239185114630e-03
9.023720339219991338e-03
8.996664432818400614e-03
8.967414646753832722e-03
8.938823917690023185e-03
8.913680726505193025e-03
8.894436142001107409e-03
8.882963892860548313e-03
8.880376953681299451e-03
8.886918598923937082e-03
8.901938589171565566e-03
8.923956820756617433e-03
8.950808208285410822e-03
8.979854617949771869e-03
9.008243106116121945e-03
9.033185184999984949e-03
9.052229778955592915e-03
9.063503152517263239e-03
9.065892324364100557e-03
9.059154013371222350e-03
9.043938452348751836e-03
9.021725738414053397e-03
8.994680950466040631e-03
8.965442215872591186e-03
8.936862471880474210e-03
8.911730199939857724e-03
8.892496469413853008e-03
8.881035009536136435e-03
8.878458795445437479e-03
8.885011102133530750e-03
8.900041690705280326e-03
8.922070458005765953e-03
8.948932319145118039e-03
8.977989140810336069e-03
9.006387979854754006e-03
9.031340348972670753e-03
9.050395172989283629e-03
9.061678716902268546e-03
9.064077999846740369e-03
9.057349741146593011e-03
9.042144174053854885e-03
9.019941396120972898e-03
8.992906486675431021e-03
8.963677573507293495e-03
8.935107594279300541e-03
8.909985030851609936e-03
8.890760952991476687e-03
8.879309090331029275e-03
8.876742418401925919e-03
8.883304212583490594e-03
8.898344234362925639e-03
8.920382380962528154e-03
8.947253567864729695e-03
8.976319662124020507e-03
9.004727720956499926e-03
9.029689257414699396e-03
9.048753196677587068e-03
9.060045804092252061e-03
9.062454099139048702e-03
9.055734801482952234e-03
9.040538144713080801e-03
9.018344226715054035e-03
8.991318127145708772e-03
8.962097974120744603e-03
8.933536705624892452e-03
8.908422803836817463e-03
8.889207338838713696e-03
8.877764040574356169e-03
8.875205884883712038e-03
8.881776147451166808e-03
8.896824590065889604e-03
8.918871110249025277e-03
8.945750623778853799e-03
8.974824998002745718e-03
9.003241290426837462e-03
9.028211014390850886e-03
9.047283095358165522e-03
9.058583798957653768e-03
9.061000144948710630e-03
9.054288853272847090e-03
9.039100157793097598e-03
9.016914156666618052e-03
8.989895929819236714e-03
8.960683605633316604e-03
8.932130122357906724e-03
8.907023962433660569e-03
8.887816196202522750e-03
8.876380553865815745e-03
8.873830011518877084e-03
8.880407845099344555e-03
