9.190762929269392228e-03
9.567885505504931248e-03
9.885040956095844308e-03
1.011118389578634542e-02
1.022417787800871010e-02
1.021296226450785390e-02
1.007863491767643782e-02
9.834344734136470437e-03
9.504004539122900760e-03
9.119950332538487997e-03
8.719776015987321105e-03
8.342653439751337996e-03
8.025497989160553305e-03
7.799355049470292449e-03
7.686361067248022316e-03
7.697576680749012093e-03
7.831904027580252961e-03
8.076194211120190855e-03
8.406534406133791756e-03
8.790588612718018904e-03
9.190762929269232634e-03
9.567885505505109925e-03
9.885040956096107986e-03
1.011118389578658829e-02
1.022417787800886102e-02
1.021296226450740807e-02
1.007863491767626782e-02
9.834344734136664726e-03
9.504004539122963210e-03
9.119950332538796778e-03
8.719776015987699275e-03
8.342653439751723105e-03
8.025497989160629633e-03
7.799355049470230866e-03
7.686361067248131604e-03
7.697576680748993878e-03
7.831904027580268574e-03
8.076194211120078098e-03
8.406534406133890636e-03
8.790588612718051864e-03
9.190762929269310696e-03
9.567885505505201865e-03
9.885040956096092374e-03
1.011118389578665767e-02
1.022417787800877775e-02
1.021296226450782267e-02
1.007863491767661303e-02
9.834344734136793095e-03
9.504004539122800146e-03
9.119950332538494936e-03
8.719776015987418250e-03
8.342653439751520142e-03
8.025497989160475243e-03
7.799355049470203111e-03
7.686361067247897416e-03
7.697576680749101431e-03
7.831904027580351840e-03
8.076194211119705132e-03
8.406534406133718898e-03
8.790588612717949515e-03
9.190762929268927323e-03
9.567885505505212274e-03
9.885040956096005638e-03
1.011118389578653798e-02
1.022417787800860602e-02
1.021296226450759195e-02
1.007863491767640660e-02
9.834344734136616153e-03
9.504004539122912903e-03
9.119950332538779431e-03
8.719776015987520598e-03
8.342653439751667593e-03
8.025497989160607082e-03
7.799355049470354032e-03
7.686361067248173237e-03
7.697576680749228933e-03
7.831904027580325819e-03
8.076194211120130140e-03
8.406534406133866349e-03
8.790588612718100436e-03
9.190762929269085182e-03
9.567885505505326765e-03
9.885040956096088904e-03
1.011118389578639920e-02
1.022417787800861816e-02
1.021296226450759195e-02
1.007863491767645343e-02
9.834344734136850341e-03
9.504004539123077702e-03
9.119950332538838411e-03
8.719776015987664580e-03
8.342653439751442079e-03
8.025497989160475243e-03
7.799355049470044383e-03
7.686361067247774251e-03
7.697576680748964388e-03
7.831904027580305003e-03
8.076194211120020852e-03
8.406534406133883697e-03
8.790588612718105641e-03
