8.891073497519174501e-03
8.910618054333775684e-03
8.935041847977909582e-03
8.961947868114909441e-03
8.988696203348309557e-03
9.012662453202984966e-03
9.031494621801012743e-03
9.043343346688626286e-03
9.047042926413249864e-03
9.042225426609156944e-03
9.029356695093434734e-03
9.009690760563456718e-03
8.985147078668822077e-03
8.958122641467572422e-03
8.931257342301959085e-03
8.907175563814475824e-03
8.888229284269400648e-03
8.876267848722930662e-03
8.872456941443717174e-03
8.877164479824482118e-03
8.889924599283430609e-03
8.909483254564263058e-03
8.933920973661709994e-03
8.960840748362787836e-03
8.987602669368580446e-03
9.011582338275809026e-03
9.030427761252809646e-03
9.042289577867040906e-03
9.046002088662236443e-03
9.041197361244503877e-03
9.028341245378525282e-03
9.008687771685343695e-03
8.984156397714581840e-03
8.957144117400984984e-03
8.930290825940432817e-03
8.906220907806280951e-03
8.887286343071234065e-03
8.875336478577664640e-03
8.871537000358491534e-03
8.876255827549001109e-03
8.889027097288582438e-03
8.908596766020997898e-03
8.933045363420183405e-03
8.959975882931729696e-03
8.986748416894920627e-03
9.010738568524544190e-03
9.029594345587210052e-03
9.041466389228982117e-03
9.045189001552825930e-03
9.040394251704938350e-03
9.027547990971215158e-03
9.007904251475171153e-03
8.983382492250537033e-03
8.956379708697909808e-03
8.929535797461052651e-03
8.905475144443425473e-03
8.886549731130236746e-03
8.874608905759097041e-03
8.870818355741015571e-03
8.875546001572427735e-03
8.888325981737202688e-03
8.907904254007090877e-03
8.932361349367652636e-03
8.959300262560039585e-03
8.986081087203239351e-03
9.010079427776016697e-03
9.028943293293364633e-03
9.040823326134561980e-03
9.044553829620520166e-03
9.039766874100501476e-03
9.026928312048673395e-03
9.007292176762275032e-03
8.982777928434342377e-03
8.955782563610521774e-03
8.928945980065617835e-03
8.904892564820198614e-03
8.885974300462961412e-03
8.874040536321355088e-03
8.870256960882913141e-03
8.874991495707383604e-03
8.887778280328901409e-03
8.907363273556567762e-03
8.931827007400593849e-03
8.958772477614210597e-03
8.985559778816022691e-03
9.009564516472149190e-03
9.028434700572898416e-03
9.040320974460809914e-03
9.044057642408290937e-03
9.039276775704371131e-03
9.026444227751489330e-03
9.006814032763764064e-03
8.982305651839840241e-03
8.955316082419889981e-03
8.928485223162219500e-03
8.904437461960131028e-03
8.885524782264229635e-03
8.873596534253430645e-03
8.869818407256211193e-03
8.874558323662951748e-03
