7.232841013661551521e+00;3.833290670438114223e-01
7.268825297311608757e+00;3.842644940657787278e-01
7.304809580961665993e+00;3.854419462193870438e-01
7.340793864611723230e+00;3.867450750338320420e-01
7.376778148261780466e+00;3.880487128799712249e-01
7.412762431911837702e+00;3.892301806951431464e-01
7.448746715561894938e+00;3.901794481734072173e-01
7.484730999211952174e+00;3.908078293710725570e-01
7.520715282862009410e+00;3.910550974243938160e-01
7.556699566512066646e+00;3.908948790423409370e-01
7.592683850162123882e+00;3.903379999739225448e-01
7.628668133812181118e+00;3.894332139266893367e-01
7.664652417462238354e+00;3.882646153723067761e-01
7.700636701112295590e+00;3.869451678837322883e-01
7.736620984762352826e+00;3.856062674883216079e-01
7.772605268412410062e+00;3.843840618946640642e-01
7.808589552062467298e+00;3.834041457775828055e-01
7.844573835712524534e+00;3.827669141460707247e-01
7.880558119362581770e+00;3.825359714331468264e-01
7.916542403012639006e+00;3.827314505478504603e-01
7.952526686662696243e+00;3.833290570081146487e-01
7.988510970312753479e+00;3.842644846580611229e-01
8.024495253962811603e+00;3.854419374057076464e-01
8.060479537612868839e+00;3.867450667800731989e-01
8.096463821262926075e+00;3.880487051519257435e-01
8.132448104912983311e+00;3.892301734588269890e-01
8.168432388563040547e+00;3.901794413954404739e-01
8.204416672213097783e+00;3.908078230191280866e-01
8.240400955863155019e+00;3.910550914676143575e-01
8.276385239513212255e+00;3.908948734517246337e-01
8.312369523163269491e+00;3.903379947226478519e-01
8.348353806813326727e+00;3.894332089903419503e-01
8.384338090463383963e+00;3.882646107289902115e-01
8.420322374113441199e+00;3.869451635140808143e-01
8.456306657763498436e+00;3.856062633753587487e-01
8.492290941413555672e+00;3.843840580235504123e-01
8.528275225063612908e+00;3.834041421352921697e-01
8.564259508713670144e+00;3.827669107209950017e-01
8.600243792363727380e+00;3.825359682146758922e-01
8.636228076013784616e+00;3.827314475260022997e-01
8.672212359663841852e+00;3.833290541732193857e-01
8.708196643313899088e+00;3.842644820005499118e-01
8.744180926963956324e+00;3.854419349160030928e-01
8.780165210614013560e+00;3.867450644485358469e-01
8.816149494264070796e+00;3.880487029688989842e-01
8.852133777914128032e+00;3.892301714147068381e-01
8.888118061564185268e+00;3.901794394807960864e-01
8.924102345214242504e+00;3.908078212248304317e-01
8.960086628864299740e+00;3.910550897849390251e-01
8.996070912514356976e+00;3.908948718724820082e-01
9.032055196164414212e+00;3.903379932392656571e-01
9.068039479814471449e+00;3.894332075959212047e-01
9.104023763464528685e+00;3.882646094173513029e-01
9.140008047114585921e+00;3.869451622797466239e-01
9.175992330764643157e+00;3.856062622135298934e-01
9.211976614414700393e+00;3.843840569300430721e-01
9.247960898064757629e+00;3.834041411064266214e-01
9.283945181714814865e+00;3.827669097534845410e-01
9.319929465364872101e+00;3.825359673055280241e-01
9.355913749014929337e+00;3.827314466723940045e-01
9.391898032664986573e+00;3.833290533724226790e-01
9.427882316315043809e+00;3.842644812498660634e-01
9.463866599965101045e+00;3.854419342127219927e-01
9.499850883615158281e+00;3.867450637899312871e-01
9.535835167265215517e+00;3.880487023522439793e-01
9.571819450915272753e+00;3.892301708372916669e-01
9.607803734565329989e+00;3.901794389399591556e-01
9.643788018215387225e+00;3.908078207179864760e-01
9.679772301865444462e+00;3.910550893096270131e-01
9.715756585515501698e+00;3.908948714263908997e-01
9.751740869165558934e+00;3.903379928202523885e-01
9.787725152815616170e+00;3.894332072020347812e-01
9.823709436465673406e+00;3.882646090468487299e-01
9.859693720115730642e+00;3.869451619310769197e-01
9.895678003765787878e+00;3.856062618853441926e-01
9.931662287415845114e+00;3.843840566211500498e-01
9.967646571065902350e+00;3.834041408157916053e-01
1.000363085471595959e+01;3.827669094801816052e-01
1.003961513836601682e+01;3.825359670487099573e-01
1.007559942201607406e+01;3.827314464312561171e-01
1.011158370566613129e+01;3.833290531462006379e-01
1.014756798931618853e+01;3.842644810377957576e-01
1.018355227296624577e+01;3.854419340140431416e-01
1.021953655661630300e+01;3.867450636038747835e-01
1.025552084026636024e+01;3.880487021780366641e-01
1.029150512391641747e+01;3.892301706741689848e-01
1.032748940756647471e+01;3.901794387871665992e-01
1.036347369121653195e+01;3.908078205747970157e-01
1.039945797486658918e+01;3.910550891753521996e-01
1.043544225851664642e+01;3.908948713003653763e-01
1.047142654216670365e+01;3.903379927018807982e-01
1.050741082581676089e+01;3.894332070907609578e-01
1.054339510946681813e+01;3.882646089421776248e-01
1.057937939311687536e+01;3.869451618325746578e-01
1.061536367676693260e+01;3.856062617926250824e-01
1.065134796041698984e+01;3.843840565338800808e-01
1.068733224406704707e+01;3.834041407336759022e-01
1.072331652771710431e+01;3.827669094029643726e-01
1.075930081136716154e+01;3.825359669761475567e-01
1.079528509501721878e+01;3.827314463631306674e-01
1.083126937866727602e+01;3.833290530822872633e-01
1.086725366231733325e+01;3.842644809778850701e-01
1.090323794596739049e+01;3.854419339579133186e-01
1.093922222961744772e+01;3.867450635513096646e-01
1.097520651326750496e+01;3.880487021288159810e-01
1.101119079691756220e+01;3.892301706280796858e-01
1.104717508056761943e+01;3.901794387439953549e-01
1.108315936421767667e+01;3.908078205343342160e-01
1.111914364786773390e+01;3.910550891373981708e-01
1.115512793151779114e+01;3.908948712647493662e-01
1.119111221516784838e+01;3.903379926684190093e-01
1.122709649881790561e+01;3.894332070593091721e-01
1.126308078246796285e+01;3.882646089125941780e-01
1.129906506611802008e+01;3.869451618047382024e-01
1.133504934976807732e+01;3.856062617664248737e-01
1.137103363341813456e+01;3.843840565092225270e-01
1.140701791706819179e+01;3.834041407104796240e-01
1.144300220071824903e+01;3.827669093811530976e-01
1.147898648436830626e+01;3.825359669556506748e-01
1.151497076801836350e+01;3.827314463438895586e-01
1.155095505166842074e+01;3.833290530642421978e-01
1.158693933531847797e+01;3.842644809609670475e-01
1.162292361896853521e+01;3.854419339420664947e-01
1.165890790261859244e+01;3.867450635364728107e-01
1.169489218626864968e+01;3.880487021149270910e-01
1.173087646991870692e+01;3.892301706150738672e-01
1.176686075356876415e+01;3.901794387318151536e-01
1.180284503721882139e+01;3.908078205229243429e-01
1.183882932086887863e+01;3.910550891266991735e-01
1.187481360451893586e+01;3.908948712547077875e-01
1.191079788816899310e+01;3.903379926589926052e-01
1.194678217181905033e+01;3.894332070504475385e-01
1.198276645546910757e+01;3.882646089042526838e-01
1.201875073911916481e+01;3.869451617968854840e-01
1.205473502276922204e+01;3.856062617590315655e-01
1.209071930641927928e+01;3.843840565022681455e-01
1.212670359006933651e+01;3.834041407039350258e-01
1.216268787371939375e+01;3.827669093749963558e-01
1.219867215736945099e+01;3.825359669498666348e-01
1.223465644101950822e+01;3.827314463384604570e-01
1.227064072466956546e+01;3.833290530591489942e-01
1.230662500831962269e+01;3.842644809561938102e-01
1.234260929196967993e+01;3.854419339375924070e-01
1.237859357561973717e+01;3.867450635322821628e-01
1.241457785926979440e+01;3.880487021110019530e-01
1.245056214291985164e+01;3.892301706113958648e-01
1.248654642656990887e+01;3.901794387283713528e-01
1.252253071021996611e+01;3.908078205196924282e-01
1.255851499387002335e+01;3.910550891236652671e-01
1.259449927752008058e+01;3.908948712518619528e-01
1.263048356117013782e+01;3.903379926563159130e-01
1.266646784482019505e+01;3.894332070479309404e-01
1.270245212847025229e+01;3.882646089018896296e-01
1.273843641212030953e+01;3.869451617946636501e-01
1.277442069577036676e+01;3.856062617569447348e-01
1.281040497942042400e+01;3.843840565002988319e-01
1.284638926307048123e+01;3.834041407020841175e-01
1.288237354672053847e+01;3.827669093732514738e-01
1.291835783037059571e+01;3.825359669482297775e-01
1.295434211402065294e+01;3.827314463369189124e-01
1.299032639767071018e+01;3.833290530577002642e-01
1.302631068132076742e+01;3.842644809548357854e-01
1.306229496497082465e+01;3.854419339363219232e-01
1.309827924862088189e+01;3.867450635310897833e-01
1.313426353227093912e+01;3.880487021098872336e-01
1.317024781592099636e+01;3.892301706103574177e-01
1.320623209957105360e+01;3.901794387273934683e-01
1.324221638322111083e+01;3.908078205187790477e-01
1.327820066687116807e+01;3.910550891228150583e-01
1.331418495052122530e+01;3.908948712510606494e-01
1.335016923417128254e+01;3.903379926555670676e-01
1.338615351782133978e+01;3.894332070472255602e-01
1.342213780147139701e+01;3.882646089012241619e-01
1.345812208512145425e+01;3.869451617940403154e-01
1.349410636877151148e+01;3.856062617563577599e-01
1.353009065242156872e+01;3.843840564997505482e-01
1.356607493607162596e+01;3.834041407015639225e-01
1.360205921972168319e+01;3.827669093727677496e-01
1.363804350337174043e+01;3.825359669477741420e-01
1.367402778702179766e+01;3.827314463364933084e-01
1.371001207067185490e+01;3.833290530572985855e-01
1.374599635432191214e+01;3.842644809544585871e-01
1.378198063797196937e+01;3.854419339359688168e-01
1.381796492162202661e+01;3.867450635307629336e-01
1.385394920527208384e+01;3.880487021095793687e-01
1.388993348892214108e+01;3.892301706100681491e-01
1.392591777257219832e+01;3.901794387271265152e-01
1.396190205622225555e+01;3.908078205185334109e-01
1.399788633987231279e+01;3.910550891225811343e-01
1.403387062352237002e+01;3.908948712508457102e-01
1.406985490717242726e+01;3.903379926553666723e-01
1.410583919082248450e+01;3.894332070470417073e-01
1.414182347447254173e+01;3.882646089010501345e-01
1.417780775812259897e+01;3.869451617938686194e-01
1.421379204177265621e+01;3.856062617561935579e-01
1.424977632542271344e+01;3.843840564995941178e-01
1.428576060907277068e+01;3.834041407014186498e-01
1.432174489272282791e+01;3.827669093726321359e-01
1.435772917637288515e+01;3.825359669476423030e-01
1.439371346002294239e+01;3.827314463363711283e-01
