4.316110564857063986e-02
4.316171133743271215e-02
4.316261789065307247e-02
4.316373637328689561e-02
4.316495710172008754e-02
4.316616038032648761e-02
4.316722821816997013e-02
4.316805587883763146e-02
4.316856213282808247e-02
4.316869720891759049e-02
4.316844766617049939e-02
4.316783770968682377e-02
4.316692682129236180e-02
4.316580393709685409e-02
4.316457874186011706e-02
4.316337093233539590e-02
4.316229850056764461e-02
4.316146618406037361e-02
4.316095521338797480e-02
4.316081536082948950e-02
4.316106006835881970e-02
4.316166513189739068e-02
4.316257107062393406e-02
4.316368894941710610e-02
4.316490908448923636e-02
4.316611178004357841e-02
4.316717904497579389e-02
4.316800614270796532e-02
4.316851184357601429e-02
4.316864637619644701e-02
4.316839629947633733e-02
4.316778581836079598e-02
4.316687441452361773e-02
4.316575102392469776e-02
4.316452533117660223e-02
4.316331703288764365e-02
4.316224412096029972e-02
4.316141133275778335e-02
4.316089989871663840e-02
4.316075959098011894e-02
4.316100385138873369e-02
4.316160847573246445e-02
4.316251398306107656e-02
4.316363143812593922e-02
4.316485115701450270e-02
4.316605344380698706e-02
4.316712030727816451e-02
4.316794701073094903e-02
4.316845232438432794e-02
4.316858647673960797e-02
4.316833602659048835e-02
4.316772517877077303e-02
4.316681341484446960e-02
4.316568967066376078e-02
4.316446363073503378e-02
4.316325499156218465e-02
4.316218174494508564e-02
4.316134862814596101e-02
4.316083687150179538e-02
4.316069624705836522e-02
4.316094019655981884e-02
4.316154451570169276e-02
4.316244972344055603e-02
4.316356688443625383e-02
4.316478631468625288e-02
4.316598831818210802e-02
4.316705490361139735e-02
4.316788133419147133e-02
4.316838638005683626e-02
4.316852026962585132e-02
4.316826956161057272e-02
4.316765846076461854e-02
4.316674644857292076e-02
4.316562246080989790e-02
4.316439618190556077e-02
4.316318730828869188e-02
4.316211383168501448e-02
4.316128048928406791e-02
4.316076851135128983e-02
4.316062766986199228e-02
4.316087140649104564e-02
4.316147551686588119e-02
4.316238051987576763e-02
4.316349748011499843e-02
4.316471671351582162e-02
4.316591852400616935e-02
4.316698492021078803e-02
4.316781116528514012e-02
4.316831602930302353e-02
4.316844974062304663e-02
4.316819885789850014e-02
4.316758758582499300e-02
4.316667540583077334e-02
4.316555125363408935e-02
4.316432481361002355e-02
4.316311578213303385e-02
4.316204215087565688e-02
4.316120865697491843e-02
4.316069653064474876e-02
4.316055554380966025e-02
