4.315678628299445679e-02
4.316057514899891007e-02
4.316790392613577970e-02
4.317804490401608297e-02
4.318999512113332051e-02
4.320257454165370159e-02
4.321454156547717418e-02
4.322471456463717471e-02
4.323208754921046421e-02
4.323592864055168794e-02
4.323585171260655585e-02
4.323185418855227807e-02
4.322431729296723896e-02
4.321396873484530110e-02
4.320181147430193769e-02
4.318902554578347985e-02
4.317685254800592703e-02
4.316647410755531517e-02
4.315889621297765155e-02
4.315485074154468137e-02
4.315472381794087375e-02
4.315851801762247281e-02
4.316585211464841337e-02
4.317599839866511496e-02
4.318795390820111268e-02
4.320053860745753233e-02
4.321251089636928000e-02
4.322268914700487519e-02
4.323006736947610645e-02
4.323391368517283395e-02
4.323384196807505270e-02
4.322984964139473668e-02
4.322231792974503412e-02
4.321197454215396777e-02
4.319982243877234368e-02
4.318704165408017437e-02
4.317487378682799415e-02
4.316450046363626281e-02
4.315692767308524497e-02
4.315288729248074884e-02
4.315276544654089025e-02
4.315656471075642736e-02
4.316390385921974049e-02
4.317405518161129135e-02
4.318601571649263032e-02
4.319860542809956377e-02
4.321058271639984655e-02
4.322076595349593625e-02
4.322814914953291426e-02
4.323200042593332987e-02
4.323193365671128274e-02
4.322794626511141519e-02
4.322041947577975191e-02
4.321008099777792766e-02
4.319793379128893107e-02
4.318515789082615075e-02
4.317299489517249095e-02
4.316262643098078139e-02
4.315505848686405910e-02
4.315102294016078671e-02
4.315090591562154021e-02
4.315470998876901054e-02
4.316205393372841287e-02
4.317221004021176700e-02
4.318417534681327080e-02
4.319676981779998343e-02
4.320875185317236966e-02
4.321893982506395254e-02
4.322632774365181563e-02
4.323018373039034384e-02
4.323012165932488271e-02
4.322613895373196569e-02
4.321861683828878004e-02
4.320828302208827576e-02
4.319614046534499263e-02
4.318336920260292672e-02
4.317121083267670689e-02
4.316084698224986749e-02
4.315328363996641381e-02
4.314925268319546453e-02
4.314914023671883453e-02
4.315294887608984303e-02
4.316029737546357714e-02
4.317045802458339965e-02
4.318242786207372036e-02
4.319502685223189364e-02
4.320701339508849215e-02
4.321720586280772963e-02
4.322459826559649915e-02
4.322845872493948083e-02
4.322840111491196152e-02
4.322442285881985397e-02
4.321690518137082798e-02
4.320657579168755286e-02
4.319443765001421132e-02
4.318167079092422728e-02
4.316951681326147011e-02
4.315915734373945711e-02
4.315159837103169777e-02
4.314757177253620429e-02
