4.316085129564078277e-02
4.316163624180330283e-02
4.316270647202791189e-02
4.316395774337705021e-02
4.316526808652413477e-02
4.316650974500040733e-02
4.316756168092728690e-02
4.316832142308590220e-02
4.316871509755194208e-02
4.316870465902755694e-02
4.316829161501770790e-02
4.316751687830126805e-02
4.316645676213999583e-02
4.316521551024006531e-02
4.316391509268764637e-02
4.316268326670166799e-02
4.316164107090224994e-02
4.316089097724076784e-02
4.316050686036573131e-02
4.316052676629043156e-02
4.316094918821747339e-02
4.316173321406718832e-02
4.316280253126932032e-02
4.316405289680130819e-02
4.316536234125301769e-02
4.316660310807406142e-02
4.316765415930569338e-02
4.316841302365048705e-02
4.316880582710715814e-02
4.316879452430234104e-02
4.316838062266691728e-02
4.316760503490715828e-02
4.316654407421346290e-02
4.316530198422215137e-02
4.316400073495071932e-02
4.316276808355087174e-02
4.316172506857645502e-02
4.316097416191398001e-02
4.316058923814820175e-02
4.316060834322972550e-02
4.316102997029980237e-02
4.316181320721811793e-02
4.316288174135527594e-02
4.316413132963022037e-02
4.316544000257552249e-02
4.316668000358434704e-02
4.316773029464261724e-02
4.316848840439833218e-02
4.316888045879656299e-02
4.316886841241132644e-02
4.316845377262147621e-02
4.316767745208235918e-02
4.316661576393413663e-02
4.316537295176364752e-02
4.316407098553967647e-02
4.316283762236612642e-02
4.316179390074954131e-02
4.316104229253012875e-02
4.316065667224672914e-02
4.316067508580501838e-02
4.316109602630160275e-02
4.316187858155275808e-02
4.316294643888565763e-02
4.316419535517693890e-02
4.316550336091724838e-02
4.316674269945834641e-02
4.316779233274546657e-02
4.316854978938656356e-02
4.316894119528694174e-02
4.316892850498166984e-02
4.316851322581101436e-02
4.316773627039231093e-02
4.316667395182812589e-02
4.316543051366839023e-02
4.316412792584533448e-02
4.316289394542668217e-02
4.316184961088345012e-02
4.316109739402059636e-02
4.316071116934233620e-02
4.316072898272004660e-02
4.316114932721652753e-02
4.316193129061442896e-02
4.316299856020799214e-02
4.316424689284112381e-02
4.316555431897225320e-02
4.316679308192136050e-02
4.316784214360207261e-02
4.316859903259114700e-02
4.316898987476323196e-02
4.316897662462285123e-02
4.316856078948026754e-02
4.316778328192303477e-02
4.316672041502425672e-02
4.316547643230484593e-02
4.316417330366818794e-02
4.316293878615356377e-02
4.316189391820385995e-02
4.316114117159621649e-02
4.316075442080708618e-02
4.316077171168077042e-02
