4.339835956660621080e-02
4.339939992518442730e-02
4.340081626369590023e-02
4.340246902920157079e-02
4.340419552886926047e-02
4.340582585546993305e-02
4.340719951906863577e-02
4.340818115688789558e-02
4.340867378354626438e-02
4.340862828465377743e-02
4.340804822445823441e-02
4.340698949694112019e-02
4.340555485451393775e-02
4.340388384988453502e-02
4.340213917565645396e-02
4.340049073883036485e-02
4.339909902911317369e-02
4.339809940905563906e-02
4.339758886381276520e-02
4.339761650754973138e-02
4.339817877579372346e-02
4.339921977433975481e-02
4.340063675055341047e-02
4.340229015150430525e-02
4.340401728436817097e-02
4.340564824192338911e-02
4.340702253424320867e-02
4.340800479855775468e-02
4.340849804949381552e-02
4.340845317266919801e-02
4.340787373233916113e-02
4.340681562249357889e-02
4.340538159555149683e-02
4.340371120422862466e-02
4.340196714113588733e-02
4.340031931328176829e-02
4.339892821038093818e-02
4.339792919499183693e-02
4.339741925227700442e-02
4.339744749640882249e-02
4.339801036292262326e-02
4.339905195762074064e-02
4.340046952787644796e-02
4.340212352076620872e-02
4.340385124347374141e-02
4.340548278878448435e-02
4.340685766677912505e-02
4.340784051469578908e-02
4.340833434716782901e-02
4.340829004982055955e-02
4.340771118691714309e-02
4.340665365245400392e-02
4.340522019885750121e-02
4.340355037885092193e-02
4.340180688505197726e-02
4.340015962447643649e-02
4.339876908684624224e-02
4.339777063472701618e-02
4.339726125328824402e-02
4.339729005670955181e-02
4.339785348053273178e-02
4.339889563056772981e-02
4.340031375419393239e-02
4.340196829849561622e-02
4.340369657066274478e-02
4.340532866348845165e-02
4.340670408706008565e-02
4.340768747862183696e-02
4.340818185281504482e-02
4.340813809527147710e-02
4.340755977026099915e-02
4.340650277178629418e-02
4.340506985228063941e-02
4.340340056447455908e-02
4.340165760099242570e-02
4.340001086885664910e-02
4.339862085779535444e-02
4.339762293038071372e-02
4.339711407178917235e-02
4.339714339620699690e-02
4.339770733918250911e-02
4.339875000653185821e-02
4.340016864564143206e-02
4.340182370360203684e-02
4.340355248760988799e-02
4.340518509046430162e-02
4.340656102225915608e-02
4.340754492024518491e-02
4.340803979907026378e-02
4.340799654437188515e-02
4.340741872042656879e-02
4.340636222124340249e-02
4.340492979926234562e-02
4.340326100721961927e-02
4.340151853774558421e-02
4.339987229786947120e-02
4.339848277732522019e-02
4.339748533869142860e-02
4.339697696715066888e-02
4.339700677689490443e-02
