4.318517226206478044e-02
4.319009414774742373e-02
4.319925681086863450e-02
4.321175338026641416e-02
4.322635065095603579e-02
4.324160979885264405e-02
4.325602722292173907e-02
4.326818172814703850e-02
4.327687364202116582e-02
4.328124224686893257e-02
4.328085003290757515e-02
4.327572552476889600e-02
4.326636048932402945e-02
4.325366179812947104e-02
4.323886265653238692e-02
4.322340188895015117e-02
4.320878309672070150e-02
4.319642747513617598e-02
4.318753469695339048e-02
4.318296548007174301e-02
4.318315733447403160e-02
4.318808173570526376e-02
4.319724691704914660e-02
4.320974600708264723e-02
4.322434580057205045e-02
4.323960747319421233e-02
4.325402742368680137e-02
4.326618445681535557e-02
4.327487889986429692e-02
4.327925003495924211e-02
4.327886035212684390e-02
4.327373837581659916e-02
4.326437587272576740e-02
4.325167971424428992e-02
4.323688310556011299e-02
4.322142487093848934e-02
4.320680861157224356e-02
4.319445552261440280e-02
4.318556527668892392e-02
4.318099859156816767e-02
4.318119297711381366e-02
4.318611990875507317e-02
4.319528761966466568e-02
4.320778923831401774e-02
4.322239155936842547e-02
4.323765575840799597e-02
4.325207823407827695e-02
4.326423779105675188e-02
4.327293475654375721e-02
4.327730841258461969e-02
4.327692124912926180e-02
4.327180179055405834e-02
4.326244180348648438e-02
4.324974815924961802e-02
4.323495406296812976e-02
4.321949833884623088e-02
4.320488458801879234e-02
4.319253400558387135e-02
4.318364626411239776e-02
4.317908208132681391e-02
4.317927896704069901e-02
4.318420839663760641e-02
4.319337860324679035e-02
4.320588271529816893e-02
4.322048752741742411e-02
4.323575421514720685e-02
4.325017917709698956e-02
4.326234121791045634e-02
4.327104066475542105e-02
4.327541679964607563e-02
4.327503211250300491e-02
4.326991512767482811e-02
4.326055761176221537e-02
4.324786643606316761e-02
4.323307480567835370e-02
4.321762154478921147e-02
4.320301025450892785e-02
4.319066212991491682e-02
4.318177684355906792e-02
4.317721511314503990e-02
4.317741444846912718e-02
4.318234632489825059e-02
4.319151897554596164e-02
4.320402552882760677e-02
4.321863277935459463e-02
4.323390190265646166e-02
4.324832929733034986e-02
4.326049376800787660e-02
4.326919564184596861e-02
4.327357420084851358e-02
4.327319193492638189e-02
4.326807736841868646e-02
4.325872226791759728e-02
4.324603350471303148e-02
4.323124428389796270e-02
4.321579342964698700e-02
4.320118454306652589e-02
4.318883881922811613e-02
4.317995593067761734e-02
4.317539659511367839e-02
