4.316239444728940666e-02
4.316316058015832319e-02
4.316429566810675578e-02
4.316568841901761294e-02
4.316720231419170217e-02
4.316868897182574161e-02
4.317000267173253664e-02
4.317101461952232988e-02
4.317162555396825835e-02
4.317177546345879469e-02
4.317144946042307529e-02
4.317067923869995910e-02
4.316953997119277880e-02
4.316814295148965752e-02
4.316662469973796268e-02
4.316513359916679393e-02
4.316381537136715352e-02
4.316279881211069341e-02
4.316218318398505616e-02
4.316202849994139196e-02
4.316234964886941222e-02
4.316311493822876794e-02
4.316424919639443719e-02
4.316564113103703304e-02
4.316715422324824553e-02
4.316864009101899907e-02
4.316995301395950418e-02
4.317096419748053804e-02
4.317157438015880450e-02
4.317172355018938923e-02
4.317139681981117111e-02
4.317062588267537443e-02
4.316948591150103487e-02
4.316808819969446265e-02
4.316656926722423765e-02
4.316507749714341285e-02
4.316375861086952509e-02
4.316274140400358506e-02
4.316212513896511282e-02
4.316196982853984232e-02
4.316229036145465686e-02
4.316305504500878715e-02
4.316418870741936531e-02
4.316558005620141358e-02
4.316709257229370961e-02
4.316857787353645115e-02
4.316989023939147435e-02
4.317090087512341634e-02
4.317151051916529036e-02
4.317165915957055927e-02
4.317133190843853302e-02
4.317056045928345520e-02
4.316941998468906000e-02
4.316802177792866679e-02
4.316650235883982140e-02
4.316501011034659663e-02
4.316369075373962388e-02
4.316267308449490275e-02
4.316205636490882958e-02
4.316190060764595743e-02
4.316222070131388311e-02
4.316298495309430633e-02
4.316411819108877113e-02
4.316550912269843249e-02
4.316702122874990083e-02
4.316850612697301082e-02
4.316981809672091469e-02
4.317082834315132817e-02
4.317143760459184187e-02
4.317158586899219608e-02
4.317125824834962960e-02
4.317048643607773739e-02
4.316934560466140908e-02
4.316794704727636156e-02
4.316642728366427983e-02
4.316493469665472898e-02
4.316361500744528290e-02
4.316259701142040328e-02
4.316197997078635024e-02
4.316182389811886594e-02
4.316214368193804080e-02
4.316290762933971958e-02
4.316404056834048653e-02
4.316543120625823682e-02
4.316694302383738968e-02
4.316842763872692085e-02
4.316973933020035181e-02
4.317074930333703042e-02
4.317135829638733130e-02
4.317150629722509014e-02
4.317117841777262655e-02
4.317040635136996235e-02
4.316926527042933698e-02
4.316786646805525346e-02
4.316634646391897395e-02
4.316485364078086195e-02
4.316353371977035835e-02
4.316251549620482575e-02
4.316189823222437577e-02
4.316174194033984418e-02
