3.639187481830906401e-02
3.971239037702853358e-02
4.336998816422742153e-02
4.700663702450701836e-02
5.026635642939904919e-02
5.283006233174673133e-02
5.444680133544967104e-02
5.495831576232801385e-02
5.431453501636698128e-02
5.257847684245366138e-02
4.992007871048797368e-02
4.659956315177282704e-02
4.294196536457062230e-02
3.930531650430428570e-02
3.604559709940954870e-02
3.348189119705619748e-02
3.186515219335249449e-02
3.135363776646452050e-02
3.199741851242134116e-02
3.373347668633527863e-02
3.639187481830707255e-02
3.971239037704228647e-02
4.336998816424224995e-02
4.700663702452950038e-02
5.026635642941699317e-02
5.283006233176491123e-02
5.444680133545101719e-02
5.495831576234196797e-02
5.431453501638542486e-02
5.257847684247542869e-02
4.992007871049061046e-02
4.659956315177624792e-02
4.294196536457604851e-02
3.930531650429571616e-02
3.604559709940851481e-02
3.348189119705681505e-02
3.186515219335239041e-02
3.135363776646350048e-02
3.199741851242823842e-02
3.373347668634434082e-02
3.639187481832272669e-02
3.971239037705135561e-02
4.336998816424939701e-02
4.700663702452749504e-02
5.026635642941289922e-02
5.283006233176802680e-02
5.444680133546550560e-02
5.495831576235265387e-02
5.431453501639180864e-02
5.257847684248029285e-02
4.992007871050695850e-02
4.659956315178511582e-02
4.294196536458190494e-02
3.930531650430858781e-02
3.604559709940809847e-02
3.348189119706194983e-02
3.186515219335477739e-02
3.135363776646800382e-02
3.199741851242604573e-02
3.373347668634166241e-02
3.639187481830809257e-02
3.971239037703226671e-02
4.336998816423338204e-02
4.700663702451300663e-02
5.026635642939321358e-02
5.283006233173729443e-02
5.444680133543439160e-02
5.495831576232688281e-02
5.431453501636994419e-02
5.257847684246205744e-02
4.992007871049081169e-02
4.659956315177214703e-02
4.294196536455948537e-02
3.930531650427618318e-02
3.604559709938927325e-02
3.348189119704229194e-02
3.186515219334100368e-02
3.135363776645248152e-02
3.199741851241334756e-02
3.373347668632719482e-02
3.639187481829568582e-02
3.971239037702443270e-02
4.336998816422149572e-02
4.700663702450351422e-02
5.026635642940129045e-02
5.283006233175246286e-02
5.444680133545910100e-02
5.495831576234169041e-02
5.431453501638149745e-02
5.257847684247046738e-02
4.992007871049575912e-02
4.659956315176865677e-02
4.294196536457151048e-02
3.930531650429065077e-02
3.604559709940204082e-02
3.348189119704995248e-02
3.186515219334714460e-02
3.135363776646239026e-02
3.199741851242448448e-02
3.373347668634027463e-02
