4.330372558232037372e-02
4.333481064770131064e-02
4.337691939524292162e-02
4.342590214787740710e-02
4.347693652141330217e-02
4.352499947207823239e-02
4.356535898602598850e-02
4.359403728081454044e-02
4.360820017746363381e-02
4.360643452864335079e-02
4.358888654639166138e-02
4.355724748887674497e-02
4.351458810728528470e-02
4.346505805832980712e-02
4.341347970596971806e-02
4.336487607386867865e-02
4.332397915588478976e-02
4.329476671459371595e-02
4.328007290923030492e-02
4.328131086749786166e-02
4.329833435785088169e-02
4.332945210273302095e-02
4.337159333168578296e-02
4.342060836884205355e-02
4.347167483120333020e-02
4.351976967618352565e-02
4.356016089111589690e-02
4.358887069472969916e-02
4.360306490920971140e-02
4.360133038838395758e-02
4.358381334544141061e-02
4.355220503969340490e-02
4.350957622346384585e-02
4.346007655459476621e-02
4.340852839816865955e-02
4.335995477896548156e-02
4.331908769195332715e-02
4.328990490080995152e-02
4.327524056586660312e-02
4.327650781591590307e-02
4.329356042049627151e-02
4.332470710312625456e-02
4.336687709441707644e-02
4.341592071956550114e-02
4.346701559662991682e-02
4.351513868407413943e-02
4.355555797027568093e-02
4.358429567500207713e-02
4.359851762146883108e-02
4.359681066452940346e-02
4.357932101839124411e-02
4.354773994337891169e-02
4.350513819282281897e-02
4.345566542556558720e-02
4.340414400768463632e-02
4.335559696494806214e-02
4.331475629330627797e-02
4.328559975741341770e-02
4.327096151857180717e-02
4.327225470653853906e-02
4.328933309181004496e-02
4.332050539885873297e-02
4.336270085924324308e-02
4.341176979910144756e-02
4.346288983742772893e-02
4.351103793361605493e-02
4.355148207696857982e-02
4.358024448817145874e-02
4.359449099135354055e-02
4.359280844227673285e-02
4.357534305604978536e-02
4.354378609389464999e-02
4.350120831003326249e-02
4.345175936419380658e-02
4.340026162333478210e-02
4.335173811409885614e-02
4.331092083330646131e-02
4.328178754647756671e-02
4.326717241577261730e-02
4.326848857180354974e-02
4.328558978591592887e-02
4.331678478342601557e-02
4.335900279673131352e-02
4.340809415280323658e-02
4.345923647146492791e-02
4.350740671293391176e-02
4.354787286733124985e-02
4.357665715615616220e-02
4.359092540434712781e-02
4.358926446846888431e-02
4.357182056443012486e-02
4.354028495424632633e-02
4.349772839292859877e-02
4.344830054099004663e-02
4.339682376616917081e-02
4.334832109588350468e-02
4.330752452772389932e-02
4.327841182797550340e-02
4.326381715956031937e-02
4.326515365384669964e-02
