4.316371357133170356e-02
4.316501787103776272e-02
4.316744597676500095e-02
4.317075756765552386e-02
4.317462584438845619e-02
4.317866951858122249e-02
4.318249013595965025e-02
4.318571107984450069e-02
4.318801443702130483e-02
4.318917211730605860e-02
4.318906818060644359e-02
4.318771018594975974e-02
4.318522845155701312e-02
4.318186329839068111e-02
4.317794152586763162e-02
4.317384442245840448e-02
4.316997044251773274e-02
4.316669620279791481e-02
4.316433961657954732e-02
4.316312877410602433e-02
4.316317961552279536e-02
4.316448458184913434e-02
4.316691335490543957e-02
4.317022561376452489e-02
4.317409455903942206e-02
4.317813890228439089e-02
4.318196018916492518e-02
4.318518180294420722e-02
4.318748583035234012e-02
4.318864418115264669e-02
4.318854091520230726e-02
4.318718359148020908e-02
4.318470252816137417e-02
4.318133804616381549e-02
4.317741694486262882e-02
4.317332051268798349e-02
4.316944720395607393e-02
4.316617363538233221e-02
4.316381772021222335e-02
4.316260754865536287e-02
4.316265906082512871e-02
4.316396469771026367e-02
4.316639414110149536e-02
4.316970707004362529e-02
4.317357668512321334e-02
4.317762169786881071e-02
4.318144365392154183e-02
4.318466593652094121e-02
4.318697063237516426e-02
4.318812965122615505e-02
4.318802705291064498e-02
4.318667039638834221e-02
4.318418999981554068e-02
4.318082618409285062e-02
4.317690574857832586e-02
4.317280998168617628e-02
4.316893733771698383e-02
4.316566443337178233e-02
4.316330918188200638e-02
4.316209967344387249e-02
4.316215184815812983e-02
4.316345814700140587e-02
4.316588825175297212e-02
4.316920184144670825e-02
4.317307211665846745e-02
4.317711778890701707e-02
4.318094040382380178e-02
4.318416334463950901e-02
4.318646869805353727e-02
4.318762837379969827e-02
4.318752643170693795e-02
4.318617043072764394e-02
4.318369068901091457e-02
4.318032752745092073e-02
4.317640774539909659e-02
4.317231263126355967e-02
4.316844063933938241e-02
4.316516838632220021e-02
4.316281378543796593e-02
4.316160492687839273e-02
4.316165775073938643e-02
4.316296469799332097e-02
4.316539545041513104e-02
4.316870968703489381e-02
4.317258060842463913e-02
4.317662692609980368e-02
4.318045018568848759e-02
4.318367377041816557e-02
4.318597976698540508e-02
4.318714008512118674e-02
4.318703878465184054e-02
4.318568342452742959e-02
4.318320432289469296e-02
4.317984180064556726e-02
4.317592265712965477e-02
4.317182818075329664e-02
4.316795682580956695e-02
4.316468520899255368e-02
4.316233124352685663e-02
4.316112301960255832e-02
