4.325653122534341838e-02
4.329443262776129508e-02
4.334544017677074979e-02
4.340453498886515799e-02
4.346590679032769078e-02
4.352352266494371319e-02
4.357171759553112728e-02
4.360574899297531976e-02
4.362226093159866924e-02
4.361961264827667051e-02
4.359803914950531600e-02
4.355962820510308336e-02
4.350811598054227236e-02
4.344852131285309449e-02
4.338665442971875730e-02
4.332854820175982558e-02
4.327986760100060309e-02
4.324535517182813427e-02
4.322836679561990747e-02
4.323054319162401848e-02
4.325164930988627254e-02
4.328959733754533801e-02
4.334065106649741955e-02
4.339979161748847708e-02
4.346120872101315313e-02
4.351886946502864922e-02
4.356710883648616528e-02
4.360118425036299539e-02
4.361773978503644816e-02
4.361513468139441990e-02
4.359360394991225462e-02
4.355523536434487142e-02
4.350376509406671255e-02
4.344421197997066358e-02
4.338238625356775208e-02
4.332432078926944791e-02
4.327568056285231030e-02
4.324120812242317202e-02
4.322425935304045896e-02
4.322647497760187529e-02
4.324761994976513563e-02
4.328560646024685182e-02
4.333669830448746291e-02
4.339587660674232295e-02
4.345733110098454893e-02
4.351502887861320029e-02
4.356330492999013759e-02
4.359741667347172972e-02
4.361400819078028318e-02
4.361143872611699529e-02
4.358994329323895994e-02
4.355160966915448684e-02
4.350017402645493109e-02
4.344065520922393148e-02
4.337886345213042699e-02
4.332083163271414905e-02
4.327222472985022689e-02
4.323778529471391380e-02
4.322086921540416876e-02
4.322311721782858690e-02
4.324429425862616472e-02
4.328231253146769958e-02
4.333343583471838817e-02
4.339264529553056582e-02
4.345413065074650583e-02
4.351185899460845857e-02
4.356016532029265143e-02
4.359430704894312614e-02
4.361092826504400777e-02
4.360838821553277012e-02
4.358692191687387613e-02
4.354861714875842699e-02
4.349721008643762932e-02
4.343771957662517780e-02
4.337595585659571179e-02
4.331795180647227128e-02
4.326937240768868875e-02
4.323496021395160233e-02
4.321807111586994238e-02
4.322034584183468559e-02
4.324154935094714353e-02
4.327959383931436615e-02
4.333074310771737464e-02
4.338997828569975818e-02
4.345148911247024431e-02
4.350924268461759531e-02
4.355757399764248472e-02
4.359174047498946131e-02
4.360838620342168126e-02
4.360587043213332015e-02
4.358442817982661338e-02
4.354614722840608604e-02
4.349476375531499683e-02
4.343529660944169674e-02
4.337355603021318673e-02
4.331557489988181048e-02
4.326701820199158749e-02
4.323262849234132954e-02
4.321576166360845822e-02
4.321805844623745341e-02
