4.312173349846723514e-02
4.312814419289910661e-02
4.313729936564226347e-02
4.314830232956713002e-02
4.316007553610850395e-02
4.317146605289187006e-02
4.318135842045186384e-02
4.318878384085180627e-02
4.319301501006371502e-02
4.319363731124546690e-02
4.319058940003005914e-02
4.318416920904456779e-02
4.317500478390698393e-02
4.316399280546931450e-02
4.315221081617703208e-02
4.314081174244879108e-02
4.313091103794449571e-02
4.312347749494541832e-02
4.311923841196872720e-02
4.311860840048580695e-02
4.312164879963321928e-02
4.312806167168833915e-02
4.313721896606573930e-02
4.314822399707612943e-02
4.315999921756111246e-02
4.317139169650822950e-02
4.318128597578300976e-02
4.318871325874736739e-02
4.319294624263541466e-02
4.319357031184165030e-02
4.319052412319137474e-02
4.318410561048475343e-02
4.317494282047723564e-02
4.316393243513129419e-02
4.315215199797268336e-02
4.314075443647197305e-02
4.313085520531663442e-02
4.312342309778732091e-02
4.311918541337001615e-02
4.311855676448852343e-02
4.312159849120534433e-02
4.312801265669882061e-02
4.313717121126084408e-02
4.314817747005565696e-02
4.315995388675761962e-02
4.317134753116590173e-02
4.318124294593895379e-02
4.318867133520798429e-02
4.319290539695918446e-02
4.319353051631183438e-02
4.319048535081265738e-02
4.318406783494990048e-02
4.317490601615721346e-02
4.316389657705495264e-02
4.315211706181433515e-02
4.314072039852756557e-02
4.313082204249470142e-02
4.312339078758532784e-02
4.311915393386958617e-02
4.311852609433275418e-02
4.312156860958585303e-02
4.312798354333897272e-02
4.313714284640849522e-02
4.314814983446851188e-02
4.315992696168392123e-02
4.317132129834128779e-02
4.318121738756552225e-02
4.318864643394590419e-02
4.319288113591188139e-02
4.319350687902116792e-02
4.319046232123890244e-02
4.318404539747065785e-02
4.317488415554809195e-02
4.316387527848514899e-02
4.315209631083337383e-02
4.314070018105727738e-02
4.313080234481794090e-02
4.312337159633772288e-02
4.311913523603314730e-02
4.311850787721957512e-02
4.312155086083797884e-02
4.312796625091538938e-02
4.313712599857690705e-02
4.314813341979675809e-02
4.315991096903597224e-02
4.317130571686652457e-02
4.318120220669082604e-02
4.318863164337250621e-02
4.319286672560712637e-02
4.319349283920907029e-02
4.319044864239470621e-02
4.318403207031273894e-02
4.317487117103552957e-02
4.316386262780755323e-02
4.315208398540661128e-02
4.314068817252136867e-02
4.313079064502430698e-02
4.312336019735010101e-02
4.311912413011506628e-02
4.311849705683691580e-02
