4.316541816325498299e-02
4.316654526257183988e-02
4.316821515157288902e-02
4.317026410243216678e-02
4.317249127514014712e-02
4.317467837723640289e-02
4.317661103190690436e-02
4.317809976278996070e-02
4.317899854134989168e-02
4.317921908127353436e-02
4.317873948065362871e-02
4.317760636600321417e-02
4.317593032822822363e-02
4.317387509731880624e-02
4.317164151541488804e-02
4.316944787707464870e-02
4.316750856117709811e-02
4.316601304611718953e-02
4.316510736243236307e-02
4.316487979840651773e-02
4.316535225788718788e-02
4.316647811627159770e-02
4.316814678453452514e-02
4.317019453453749267e-02
4.317242052596358820e-02
4.317460646604946023e-02
4.317653797768310903e-02
4.317802558420928000e-02
4.317892325680331572e-02
4.317914270886755168e-02
4.317866203821486143e-02
4.317752787108238011e-02
4.317585079810473681e-02
4.317379454900472507e-02
4.317155996565910647e-02
4.316936534236708728e-02
4.316742505775255506e-02
4.316592858995938614e-02
4.316502196927781559e-02
4.316479348374834685e-02
4.316526503697880324e-02
4.316639000413056287e-02
4.316805779594602710e-02
4.317010468405813733e-02
4.317232982792468948e-02
4.317451493456061357e-02
4.317644562663576491e-02
4.317793242727990116e-02
4.317882930745692294e-02
4.317904798036076991e-02
4.317856654359925050e-02
4.317743162320759887e-02
4.317575380962156845e-02
4.317369683236830374e-02
4.317146153313187323e-02
4.316926620602166281e-02
4.316732522947482747e-02
4.316582808145131428e-02
4.316492079206028787e-02
4.316469164916396373e-02
4.316516255619467363e-02
4.316628688814092007e-02
4.316795405557509457e-02
4.317000032996235609e-02
4.317222487059579200e-02
4.317440938432794834e-02
4.317633949366864871e-02
4.317782572159037380e-02
4.317872203890190524e-02
4.317894015864465890e-02
4.317845817827620225e-02
4.317732272368397795e-02
4.317564438515801573e-02
4.317358689208196376e-02
4.317135108599876037e-02
4.316915526087892335e-02
4.316721379502273803e-02
4.316571616625541896e-02
4.316480840455334117e-02
4.316457879764832445e-02
4.316504924884385225e-02
4.316617313300201431e-02
4.316783986057048245e-02
4.316988570289176375e-02
4.317210981913807005e-02
4.317429391604291067e-02
4.317622361599905007e-02
4.317770944186354043e-02
4.317860536433181656e-02
4.317882309633346016e-02
4.317834073521589766e-02
4.317720490675816536e-02
4.317552620114359363e-02
4.317346834765093538e-02
4.317123218771973941e-02
4.316903601521843159e-02
4.316709420834727307e-02
4.316559624483258528e-02
4.316468815455366814e-02
4.316445822514661246e-02
