4.317096333300805833e-02
4.317305937212478906e-02
4.317683636942925424e-02
4.318192097990995737e-02
4.318781186293683266e-02
4.319392875701771883e-02
4.319966927987867189e-02
4.320446789387749620e-02
4.320785126480685551e-02
4.320948459518140355e-02
4.320920439658388484e-02
4.320703449308430089e-02
4.320318368920648966e-02
4.319802533071816913e-02
4.319206075897558811e-02
4.318587023616761444e-02
4.318005614523705293e-02
4.317518402446819670e-02
4.317172720868391739e-02
4.317002049596019991e-02
4.317022737528067311e-02
4.317232402311842188e-02
4.317610163546987262e-02
4.318118686706625547e-02
4.318707837702913388e-02
4.319319590362723227e-02
4.319893706435593700e-02
4.320373632135075109e-02
4.320712034018992648e-02
4.320875432318151826e-02
4.320847478170914552e-02
4.320630553965063014e-02
4.320245540134499962e-02
4.319729771238132315e-02
4.319133381394384824e-02
4.318514396805556849e-02
4.317933055749981902e-02
4.317445912040635686e-02
4.317100299144967235e-02
4.316929696856261489e-02
4.316950454059079872e-02
4.317160188387426240e-02
4.317538019428125012e-02
4.318046612641936177e-02
4.318635833929111711e-02
4.319247657105047128e-02
4.319821843908203118e-02
4.320301840541443394e-02
4.320640313552320810e-02
4.320803783161761974e-02
4.320775900498530220e-02
4.320559047941228276e-02
4.320174105914865309e-02
4.319658408969802299e-02
4.319062091216241406e-02
4.318443178848525854e-02
4.317861910137311965e-02
4.317374838888220212e-02
4.317029298561602529e-02
4.316858768943852148e-02
4.316879598912948951e-02
4.317089406096533827e-02
4.317467310075290277e-02
4.317975976304077451e-02
4.318565270677437312e-02
4.319177167005287810e-02
4.319751427020791096e-02
4.320231496921739939e-02
4.320570043250761966e-02
4.320733586224037581e-02
4.320705776965795553e-02
4.320488997850254614e-02
4.320104129298163453e-02
4.319588505855844612e-02
4.318992261629538837e-02
4.318373422809818757e-02
4.317792227663712346e-02
4.317305229993319282e-02
4.316959763255592830e-02
4.316789307233700329e-02
4.316810210802456832e-02
4.317020091586502850e-02
4.317398069163608937e-02
4.317906808985814970e-02
4.318496176944990050e-02
4.319108146848422286e-02
4.319682480426804971e-02
4.320162623875484220e-02
4.320501243734792274e-02
4.320664860218682846e-02
4.320637124449215605e-02
4.320420418798515128e-02
4.320035623685390680e-02
4.319520073654205261e-02
4.318923902809384402e-02
4.318305137339702865e-02
4.317724015510454594e-02
4.317237091122131526e-02
4.316891697630087510e-02
4.316721314815964716e-02
