4.305215905499725632e-02
4.307066634349385192e-02
4.310430896019130237e-02
4.314975227139535019e-02
4.320250676257270800e-02
4.325736750176572415e-02
4.330892363305795939e-02
4.335208802732197497e-02
4.338259524434195935e-02
4.339741906231033008e-02
4.339506870400129668e-02
4.337573476294277752e-02
4.334127054530708539e-02
4.329501065391809511e-02
4.324144457262676239e-02
4.318577720289766553e-02
4.313341937033920298e-02
4.308945817395662403e-02
4.305815902402726492e-02
4.304254811260304486e-02
4.304411618733577916e-02
4.306267262530495687e-02
4.309636409112554273e-02
4.314185595293910935e-02
4.319465869803650049e-02
4.324956739627254521e-02
4.330117119353352889e-02
4.334438296248203926e-02
4.337493726468279187e-02
4.338980788009701162e-02
4.338750403325816046e-02
4.336821631944084293e-02
4.333379804655405204e-02
4.328758381914800391e-02
4.323406312279080843e-02
4.317844086065045217e-02
4.312612786003119231e-02
4.308221122162281258e-02
4.305095635737639370e-02
4.303538946100819024e-02
4.303700128182329221e-02
4.305560119854617840e-02
4.308933587742404953e-02
4.313487068822228349e-02
4.318771611984568992e-02
4.324266724375324528e-02
4.329431320742463396e-02
4.333756688510738420e-02
4.336816283994053556e-02
4.338307485345049841e-02
4.338081215172651106e-02
4.336156533158836562e-02
4.332718770248198542e-02
4.328101387048528120e-02
4.322753332268278181e-02
4.317195096375224528e-02
4.311967762249682701e-02
4.307580040109604269e-02
4.304458471298279465e-02
4.302905675334475072e-02
4.303070727294982384e-02
4.304934565197668372e-02
4.308311855811750718e-02
4.312869136257460601e-02
4.318157455567948194e-02
4.323656321031048300e-02
4.328824647535749193e-02
4.333153722646960332e-02
4.336217002817865929e-02
4.337711866339573341e-02
4.337489235958545686e-02
4.335568171493583978e-02
4.332134004025168378e-02
4.327520194296156919e-02
4.322175691149360288e-02
4.316620985185959380e-02
4.311397159418785957e-02
4.307012924197760328e-02
4.303894820997134635e-02
4.302345469465881228e-02
4.302513944810276714e-02
4.304381185176701929e-02
4.307761857462317351e-02
4.312322498914326202e-02
4.317614158692231058e-02
4.323116344209365636e-02
4.328287970479444136e-02
4.332620325191378907e-02
4.335686864921584061e-02
4.337184968083559328e-02
4.336965557545625211e-02
4.335047693247436745e-02
4.331616706389817412e-02
4.327006057835099812e-02
4.321664696544778861e-02
4.316113113238117388e-02
4.310892391045442057e-02
4.306511240433098797e-02
4.303396202991253972e-02
4.301849898484158552e-02
