3.860559785482137185e-02
3.993515113371223779e-02
4.157998133562146315e-02
4.337908101491546459e-02
4.515634175504040781e-02
4.673779288737042042e-02
4.796863095228372925e-02
4.872837294039788353e-02
4.894265000893315704e-02
4.859048722218450161e-02
4.770635672434454799e-02
4.637680336583704932e-02
4.473197309034448316e-02
4.293287334305203456e-02
4.115561254006697145e-02
3.957416134965077020e-02
3.834332323104665957e-02
3.758358119331129538e-02
3.736930407891408262e-02
3.772146682328052919e-02
3.860559728195261942e-02
3.993515060426023472e-02
4.157998084628571761e-02
4.337908056265001727e-02
4.515634133705852954e-02
4.673779250106076949e-02
4.796863059524640593e-02
4.872837261042017171e-02
4.894264970396156045e-02
4.859048694032511856e-02
4.770635646384378120e-02
4.637680312507713037e-02
4.473197286783413273e-02
4.293287313740335592e-02
4.115561235000330526e-02
3.957416117398754318e-02
3.834332306869348006e-02
3.758358104326166294e-02
3.736930394023853935e-02
3.772146669511124151e-02
3.860559716349283577e-02
3.993515049477260048e-02
4.157998074510241976e-02
4.337908046914472349e-02
4.515634125063110182e-02
4.673779242117962612e-02
4.796863052142182060e-02
4.872837254218745362e-02
4.894264964089603542e-02
4.859048688202916716e-02
4.770635640996568477e-02
4.637680307527903417e-02
4.473197282180351592e-02
4.293287309485806225e-02
4.115561231067927511e-02
3.957416113764133242e-02
3.834332303510376572e-02
3.758358101221237479e-02
3.736930391153851783e-02
3.772146666858728487e-02
3.860559713897666195e-02
3.993515047211182445e-02
4.157998072415495378e-02
4.337908044977482197e-02
4.515634123272978945e-02
4.673779240463659529e-02
4.796863050613500712e-02
4.872837252805829744e-02
4.894264962784068002e-02
4.859048686996994548e-02
4.770635639881123935e-02
4.637680306496862886e-02
4.473197281228042527e-02
4.293287308605646391e-02
4.115561230255090908e-02
3.957416113013093040e-02
3.834332302816303301e-02
3.758358100580391076e-02
3.736930390561821885e-02
3.772146666311891605e-02
3.860559713392304471e-02
3.993515046744840202e-02
4.157998071984259081e-02
4.337908044579449895e-02
4.515634122904723519e-02
4.673779240123736994e-02
4.796863050298990488e-02
4.872837252515204581e-02
4.894264962515729178e-02
4.859048686748738966e-02
4.770635639652102272e-02
4.637680306285518056e-02
4.473197281032462863e-02
4.293287308424961757e-02
4.115561230087862177e-02
3.957416112858545831e-02
3.834332302672954773e-02
3.758358100447452277e-02
3.736930390438537863e-02
3.772146666197786352e-02
