4.314626035014142158e-02
4.314772609192517316e-02
4.315020430769494347e-02
4.315345044020788001e-02
4.315714478216914340e-02
4.316092377122493495e-02
4.316441557779935462e-02
4.316727650218445816e-02
4.316922461808308381e-02
4.317006736934596994e-02
4.316972041853348041e-02
4.316821590227853250e-02
4.316569928536018869e-02
4.316241512142667686e-02
4.315868311421394016e-02
4.315486682254992407e-02
4.315133807251777392e-02
4.314844056037012154e-02
4.314645620897699513e-02
4.314557757109662578e-02
4.314588898081048174e-02
4.314735829815676688e-02
4.314984005506457276e-02
4.315308969462132438e-02
4.315678750985928180e-02
4.316056993875125314e-02
4.316406515204313649e-02
4.316692945034518447e-02
4.316888090767661418e-02
4.316972696820093464e-02
4.316938329478869907e-02
4.316788202437860100e-02
4.316536862205400116e-02
4.316208764176474033e-02
4.315835878754314958e-02
4.315454561851296555e-02
4.315101996105018267e-02
4.314812551169431437e-02
4.314614419360511544e-02
4.314526855982361853e-02
4.314558294471294159e-02
4.314705520859117571e-02
4.314953988366031223e-02
4.315279241328151549e-02
4.315649309075951512e-02
4.316027835433382948e-02
4.316377637501517261e-02
4.316664345367794003e-02
4.316859766459999609e-02
4.316944645220396198e-02
4.316910547961380629e-02
4.316760688402227625e-02
4.316509613076305318e-02
4.316181777403323150e-02
4.315809151811186156e-02
4.315428092236410496e-02
4.315075781340941413e-02
4.314786588802582007e-02
4.314588706960716807e-02
4.314501391142893522e-02
4.314533074808599156e-02
4.314680544012614027e-02
4.314929251997825371e-02
4.315254743122996783e-02
4.315625046740747400e-02
4.316003806697200212e-02
4.316353840115207813e-02
4.316640777103791099e-02
4.316836425112488551e-02
4.316921528604571179e-02
4.316887653913420442e-02
4.316738014779316485e-02
4.316487157756220688e-02
4.316159538284174146e-02
4.315787126811328200e-02
4.315406279294443925e-02
4.315054178415201475e-02
4.314765193870851584e-02
4.314567518020374914e-02
4.314480406210723790e-02
4.314512291920434561e-02
4.314659961223180767e-02
4.314908867380562452e-02
4.315234554769934588e-02
4.315605052762158667e-02
4.315984005221599334e-02
4.316334229289137819e-02
4.316621355091744550e-02
4.316817190096510631e-02
4.316902478784219455e-02
4.316868787505841881e-02
4.316719330018550099e-02
4.316468652893244717e-02
4.316141211586991405e-02
4.315768976564580278e-02
4.315388303799161385e-02
4.315036375988820505e-02
4.314747562847112694e-02
4.314550056749121704e-02
4.314463113057509513e-02
