1.916797007437651690e+00
1.917020330954530172e+00
1.917293025755041125e+00
1.917588316054998021e+00
1.917877215432876259e+00
1.918131364206564493e+00
1.918325805460712186e+00
1.918441427987757963e+00
1.918466837010573300e+00
1.918399469567328985e+00
1.918245845376945091e+00
1.918020928628668242e+00
1.917746663168261589e+00
1.917449824466978425e+00
1.917159398637556578e+00
1.916903745057419783e+00
1.916707820341279067e+00
1.916590735400057754e+00
1.916563884718202493e+00
1.916629830968766823e+00
1.916782054147914804e+00
1.917005589785294672e+00
1.917278493757806457e+00
1.917573990320580624e+00
1.917863093090934390e+00
1.918117442425139263e+00
1.918312081445749273e+00
1.918427898982663526e+00
1.918453500295740799e+00
1.918386322459698423e+00
1.918232885229545825e+00
1.918008152830176671e+00
1.917734069142564612e+00
1.917437409672734461e+00
1.917147160567761022e+00
1.916891681238970691e+00
1.916695928334568588e+00
1.916579012798535597e+00
1.916552329147972245e+00
1.916618440088162956e+00
1.916770825647104992e+00
1.916994521385869898e+00
1.917267583212379556e+00
1.917563235412397260e+00
1.917852491633484702e+00
1.918106992261753518e+00
1.918301780449237937e+00
1.918417745054917800e+00
1.918443491367377129e+00
1.918376456489667259e+00
1.918223160204781674e+00
1.917998566765228841e+00
1.917724620079238385e+00
1.917428095679735378e+00
1.917137979740348053e+00
1.916882631698610284e+00
1.916687008228586508e+00
1.916570220299786298e+00
1.916543662454491592e+00
1.916609897422852704e+00
1.916762405257395496e+00
1.916986221543398816e+00
1.917259402212675434e+00
1.917555171574561124e+00
1.917844543299873639e+00
1.918099157797684917e+00
1.918294058242671074e+00
1.918410133516162741e+00
1.918435988928791636e+00
1.918369061605367465e+00
1.918215871350349211e+00
1.917991382437424619e+00
1.917717538795721488e+00
1.917421115978781065e+00
1.917131100180567538e+00
1.916875850858690944e+00
1.916680324707005445e+00
1.916563632714557208e+00
1.916537169442895872e+00
1.916603497641184761e+00
1.916756097380698298e+00
1.916980004265216975e+00
1.917253274244803407e+00
1.917549131646800298e+00
1.917838590159781864e+00
1.918093290210340696e+00
1.918288274990435083e+00
1.918404433398440911e+00
1.918430370761808001e+00
1.918363524221933014e+00
1.918210413599631847e+00
1.917986003184737109e+00
1.917712236922290758e+00
1.917415890381533705e+00
1.917125949771923743e+00
1.916870774566340474e+00
1.916675321473707561e+00
1.916558701497931061e+00
1.916532309215219110e+00
1.916598707389190581e+00
