1.973350565863225992e+00
2.028199782257193107e+00
2.072209590514670463e+00
2.101072003968965873e+00
2.111961768494948100e+00
2.103812918067430981e+00
2.077423118942499425e+00
2.035375588527144508e+00
1.981786232060775532e+00
1.921900749133282238e+00
1.861581148060347024e+00
1.806731931666365476e+00
1.762722123408912323e+00
1.733859709954608475e+00
1.722969945428593608e+00
1.731118795856154469e+00
1.757508594981082251e+00
1.799556125396417627e+00
1.853145481862805477e+00
1.913030964790259247e+00
1.973350565863200679e+00
2.028199782257201544e+00
2.072209590514682009e+00
2.101072003968946778e+00
2.111961768494967195e+00
2.103812918067435422e+00
2.077423118942502978e+00
2.035375588527127189e+00
1.981786232060756880e+00
1.921900749133278685e+00
1.861581148060349911e+00
1.806731931666384794e+00
1.762722123408916097e+00
1.733859709954608475e+00
1.722969945428593608e+00
1.731118795856151360e+00
1.757508594981061378e+00
1.799556125396417183e+00
1.853145481862803479e+00
1.913030964790257915e+00
1.973350565863225992e+00
2.028199782257193107e+00
2.072209590514651367e+00
2.101072003968938784e+00
2.111961768494949876e+00
2.103812918067440751e+00
2.077423118942506974e+00
2.035375588527116530e+00
1.981786232060763764e+00
1.921900749133276021e+00
1.861581148060346358e+00
1.806731931666365476e+00
1.762722123408897001e+00
1.733859709954585826e+00
1.722969945428592942e+00
1.731118795856154469e+00
1.757508594981077810e+00
1.799556125396415851e+00
1.853145481862805477e+00
1.913030964790259691e+00
1.973350565863222661e+00
2.028199782257210426e+00
2.072209590514654032e+00
2.101072003968939672e+00
2.111961768494929004e+00
2.103812918067429205e+00
2.077423118942501201e+00
2.035375588527124080e+00
1.981786232060781305e+00
1.921900749133276021e+00
1.861581148060347912e+00
1.806731931666384350e+00
1.762722123408916097e+00
1.733859709954627570e+00
1.722969945428600713e+00
1.731118795856152470e+00
1.757508594981061378e+00
1.799556125396440720e+00
1.853145481862773947e+00
1.913030964790257027e+00
1.973350565863225992e+00
2.028199782257193107e+00
2.072209590514651367e+00
2.101072003968952995e+00
2.111961768494957870e+00
2.103812918067434534e+00
2.077423118942507418e+00
2.035375588527117863e+00
1.981786232060766872e+00
1.921900749133276021e+00
1.861581148060346358e+00
1.806731931666365476e+00
1.762722123408912323e+00
1.733859709954608475e+00
1.722969945428593608e+00
1.731118795856154469e+00
1.757508594981077810e+00
1.799556125396437833e+00
1.853145481862772836e+00
1.913030964790260136e+00
