1.743166010415571066e+00
1.792918558952501851e+00
1.854862667691992595e+00
1.922934815457406188e+00
1.990471625932845878e+00
2.050862125362133526e+00
2.098194870720209160e+00
2.127836602942728916e+00
2.136885782604061923e+00
2.124456612811534750e+00
2.091765747176099310e+00
2.042013195279152704e+00
1.980069083438173116e+00
1.911996932809915783e+00
1.844460119691920141e+00
1.784069617823391463e+00
1.736736870213769546e+00
1.707095135912944928e+00
1.698045954333215368e+00
1.710475122354970123e+00
1.743165986355880825e+00
1.792918536744075642e+00
1.854862647192393688e+00
1.922934796535137103e+00
1.990471608466542364e+00
2.050862109239771414e+00
2.098194855838382278e+00
2.127836589205979845e+00
2.136885769924288248e+00
2.124456601107404641e+00
2.091765736372537710e+00
2.042013185306867040e+00
1.980069074233203219e+00
1.911996924313227098e+00
1.844460111849002715e+00
1.784069610583959298e+00
1.736736863531377129e+00
1.707095129744739870e+00
1.698045948639628433e+00
1.710475117099472087e+00
1.743165981504767537e+00
1.792918532266232212e+00
1.854862643059102423e+00
1.922934792719883657e+00
1.990471604944856310e+00
2.050862105989061934e+00
2.098194852837802493e+00
2.127836586436284705e+00
2.136885767367704858e+00
2.124456598747540337e+00
2.091765734194249493e+00
2.042013183296183421e+00
1.980069072377234951e+00
1.911996922600063931e+00
1.844460110267666764e+00
1.784069609124292688e+00
1.736736862184027341e+00
1.707095128501051162e+00
1.698045947491643837e+00
1.710475116039825938e+00
1.743165980526666603e+00
1.792918531363399071e+00
1.854862642225735714e+00
1.922934791950640321e+00
1.990471604234802072e+00
2.050862105333645324e+00
2.098194852232800223e+00
2.127836585877834974e+00
2.136885766852229640e+00
2.124456598271731167e+00
2.091765733755056811e+00
2.042013182890783707e+00
1.980069072003023178e+00
1.911996922254645348e+00
1.844460109948824478e+00
1.784069608829989884e+00
1.736736861912371754e+00
1.707095128250307292e+00
1.698045947260189203e+00
1.710475115826185943e+00
1.743165980329463682e+00
1.792918531181372455e+00
1.854862642057721667e+00
1.922934791795557707e+00
1.990471604091652580e+00
2.050862105201507912e+00
2.098194852110839115e+00
2.127836585765250366e+00
2.136885766748301219e+00
2.124456598175787025e+00
2.091765733666488103e+00
2.042013182809028216e+00
1.980069071927557101e+00
1.911996922184985070e+00
1.844460109884521026e+00
1.784069608770633364e+00
1.736736861857581804e+00
1.707095128199737744e+00
1.698045947213520090e+00
1.710475115783104627e+00
