1.921348020150668079e+00
1.927450557568884282e+00
1.932575722924205541e+00
1.936221829322458010e+00
1.938031970465516007e+00
1.937828957126308094e+00
1.935632661664917098e+00
1.931658072783605684e+00
1.926294250934689201e+00
1.920066244372657493e+00
1.913583693772887395e+00
1.907481156354670748e+00
1.902355990999374802e+00
1.898709884601092135e+00
1.896899743458034360e+00
1.897102756797279133e+00
1.899299052258653475e+00
1.903273641139945793e+00
1.908637462988898692e+00
1.914865469550896426e+00
1.921348020150667857e+00
1.927450557568872513e+00
1.932575722924188000e+00
1.936221829322443355e+00
1.938031970465500686e+00
1.937828957126300988e+00
1.935632661664933529e+00
1.931658072783621005e+00
1.926294250934720509e+00
1.920066244372708786e+00
1.913583693772922922e+00
1.907481156354706942e+00
1.902355990999388125e+00
1.898709884601133435e+00
1.896899743458057896e+00
1.897102756797250489e+00
1.899299052258656584e+00
1.903273641139939576e+00
1.908637462988852063e+00
1.914865469550876220e+00
1.921348020150670743e+00
1.927450557568890499e+00
1.932575722924196659e+00
1.936221829322431809e+00
1.938031970465519560e+00
1.937828957126325413e+00
1.935632661664926202e+00
1.931658072783620339e+00
1.926294250934718955e+00
1.920066244372669706e+00
1.913583693772875183e+00
1.907481156354667640e+00
1.902355990999412549e+00
1.898709884601130993e+00
1.896899743458061671e+00
1.897102756797250711e+00
1.899299052258650145e+00
1.903273641139939132e+00
1.908637462988857836e+00
1.914865469550882882e+00
1.921348020150669411e+00
1.927450557568901823e+00
1.932575722924190664e+00
1.936221829322483767e+00
1.938031970465532439e+00
1.937828957126304541e+00
1.935632661664927312e+00
1.931658072783606794e+00
1.926294250934726726e+00
1.920066244372675257e+00
1.913583693772952232e+00
1.907481156354682073e+00
1.902355990999389457e+00
1.898709884601141873e+00
1.896899743458050791e+00
1.897102756797275802e+00
1.899299052258663911e+00
1.903273641139939576e+00
1.908637462988853395e+00
1.914865469550875554e+00
1.921348020150668967e+00
1.927450557568895828e+00
1.932575722924169126e+00
1.936221829322470223e+00
1.938031970465527554e+00
1.937828957126308094e+00
1.935632661664918430e+00
1.931658072783621449e+00
1.926294250934717178e+00
1.920066244372657716e+00
1.913583693772901162e+00
1.907481156354699614e+00
1.902355990999369029e+00
1.898709884601095021e+00
1.896899743458041243e+00
1.897102756797291123e+00
1.899299052258680787e+00
1.903273641139939132e+00
1.908637462988854949e+00
1.914865469550882660e+00
