2.153736478441687918e+00
2.154264385648416269e+00
2.154894565657705208e+00
2.155565269832262931e+00
2.156210783557107380e+00
2.156767858832342011e+00
2.157181905416689194e+00
2.157412334489398287e+00
2.157436531755831943e+00
2.157252071081334321e+00
2.156876951967522160e+00
2.156347837625171238e+00
2.155716466113375418e+00
2.155044585847697647e+00
2.154397911225026441e+00
2.153839690030733944e+00
2.153424512295109672e+00
2.153192966631307215e+00
2.153167667129763707e+00
2.153351039724232585e+00
2.153725084715419236e+00
2.154253138698063452e+00
2.154883463421688461e+00
2.155554310282413066e+00
2.156199964698010785e+00
2.156757178700722921e+00
2.157171362080762655e+00
2.157401926048285734e+00
2.157426256338957238e+00
2.157241926847849989e+00
2.156866937105739179e+00
2.156337950352007038e+00
2.155706704673819640e+00
2.155034948514272131e+00
2.154388396297285180e+00
2.153830295834742614e+00
2.153415237182957576e+00
2.153183808980632552e+00
2.153158625343271737e+00
2.153342112229234218e+00
2.153716269963398489e+00
2.154244435164207605e+00
2.154874869604481713e+00
2.155545824703192892e+00
2.156191585900574914e+00
2.156748905250916781e+00
2.157163192566076138e+00
2.157393859077475273e+00
2.157418290541673667e+00
2.157234060874250403e+00
2.156859169626142325e+00
2.156330280056531823e+00
2.155699130272026309e+00
2.155027468734842966e+00
2.154381009887669673e+00
2.153823001560856820e+00
2.153408033828842161e+00
2.153176695348154368e+00
2.153151600251806741e+00
2.153335174515381034e+00
2.153709418480661775e+00
2.154237668782744475e+00
2.154868187210789543e+00
2.155539225199850417e+00
2.156185068205962452e+00
2.156742468298955107e+00
2.157156835305970244e+00
2.157387580473454136e+00
2.157412089572743774e+00
2.157227936533948842e+00
2.156853120922297418e+00
2.156324306011033087e+00
2.155693229920594423e+00
2.155021641126784182e+00
2.154375254085691971e+00
2.153817316640816770e+00
2.153402418879549973e+00
2.153171149471164281e+00
2.153146122561207410e+00
2.153329764137597913e+00
2.153704074554264380e+00
2.154232390458235447e+00
2.154862973650436775e+00
2.155534075577486774e+00
2.156179981706822346e+00
2.156737444119467995e+00
2.157151872653598534e+00
2.157382678566531542e+00
2.157407247640285686e+00
2.157223153815501782e+00
2.156848396667767620e+00
2.156319639480528405e+00
2.155688620384268006e+00
2.155017087864689707e+00
2.154370756387609998e+00
2.153812873806121519e+00
2.153398030217071213e+00
2.153166814299016796e+00
2.153141840206676871e+00
2.153325533936996106e+00
