2.051729917870003916e+00
2.205851702068709841e+00
2.331744270445993639e+00
2.417084381264034132e+00
2.453518349876418370e+00
2.437479765584978697e+00
2.370538596767519213e+00
2.259247511434518074e+00
2.114500456428892949e+00
1.950466282006649399e+00
1.783201796053516031e+00
1.629080011854861176e+00
1.503187443477540297e+00
1.417847332659526671e+00
1.381413364047135994e+00
1.397451948338585881e+00
1.464393117156032709e+00
1.575684202489012309e+00
1.720431257494609456e+00
1.884465431916840794e+00
2.051729917869984376e+00
2.205851702068707620e+00
2.331744270445976319e+00
2.417084381264035020e+00
2.453518349876418370e+00
2.437479765584985358e+00
2.370538596767551631e+00
2.259247511434546052e+00
2.114500456428924480e+00
1.950466282006685148e+00
1.783201796053573540e+00
1.629080011854827204e+00
1.503187443477548735e+00
1.417847332659492476e+00
1.381413364047142212e+00
1.397451948338553240e+00
1.464393117155949886e+00
1.575684202488980334e+00
1.720431257494608790e+00
1.884465431916837685e+00
2.051729917869948849e+00
2.205851702068661879e+00
2.331744270445991862e+00
2.417084381264035020e+00
2.453518349876420146e+00
2.437479765584983138e+00
2.370538596767595596e+00
2.259247511434592681e+00
2.114500456428920927e+00
1.950466282006672936e+00
1.783201796053554666e+00
1.629080011854881604e+00
1.503187443477576934e+00
1.417847332659516457e+00
1.381413364047132220e+00
1.397451948338550576e+00
1.464393117155970092e+00
1.575684202488985663e+00
1.720431257494567046e+00
1.884465431916811928e+00
2.051729917869947961e+00
2.205851702068657438e+00
2.331744270445962108e+00
2.417084381264024362e+00
2.453518349876408156e+00
2.437479765584992464e+00
2.370538596767613360e+00
2.259247511434594902e+00
2.114500456428946240e+00
1.950466282006693586e+00
1.783201796053604626e+00
1.629080011854906695e+00
1.503187443477573382e+00
1.417847332659524673e+00
1.381413364047129333e+00
1.397451948338553462e+00
1.464393117155965429e+00
1.575684202488967012e+00
1.720431257494575927e+00
1.884465431916816591e+00
2.051729917869923536e+00
2.205851702068654774e+00
2.331744270445961220e+00
2.417084381264001269e+00
2.453518349876389948e+00
2.437479765584984914e+00
2.370538596767561845e+00
2.259247511434574029e+00
2.114500456428984876e+00
1.950466282006756646e+00
1.783201796053625054e+00
1.629080011854891152e+00
1.503187443477606022e+00
1.417847332659547765e+00
1.381413364047129999e+00
1.397451948338525041e+00
1.464393117155910140e+00
1.575684202488953023e+00
1.720431257494573263e+00
1.884465431916780620e+00
