2.128887010964974014e+00
2.138037402554569866e+00
2.148960522721838018e+00
2.160586061753670073e+00
2.171774966323717138e+00
2.181430937767243172e+00
2.188607745235158220e+00
2.192601849167993500e+00
2.193021268458686723e+00
2.189823950106482897e+00
2.183321885472761181e+00
2.174150570210974021e+00
2.163206797345434307e+00
2.151560872745824859e+00
2.140351845958281096e+00
2.130676011929282687e+00
2.123479597850393752e+00
2.119466139683102490e+00
2.119027614994859032e+00
2.122206073304049756e+00
2.128689519823056209e+00
2.137842455527215524e+00
2.148768084074979434e+00
2.160396096332387827e+00
2.171587439540944686e+00
2.181245815592746329e+00
2.188424994184785977e+00
2.192421436293154446e+00
2.192843161336092361e+00
2.189648116828091684e+00
2.183148294635985476e+00
2.173979190909089976e+00
2.163037599158227131e+00
2.151393825730417486e+00
2.140186920640202217e+00
2.130513179293715087e+00
2.123318829333619373e+00
2.119307407164144674e+00
2.118870890787310390e+00
2.122051330148075010e+00
2.128536730877565120e+00
2.137691594362234770e+00
2.148619124664156832e+00
2.160249013045684396e+00
2.171442207137478153e+00
2.181102409213784288e+00
2.188283389346906915e+00
2.192281608881521571e+00
2.192705087597908609e+00
2.189511773366179526e+00
2.183013658402503943e+00
2.173846239199374697e+00
2.162906309604774258e+00
2.151264176296994179e+00
2.140058889616070381e+00
2.130386745287982997e+00
2.123193971269703884e+00
2.119184104274368874e+00
2.118749122607576751e+00
2.121931076512685532e+00
2.128417971914125406e+00
2.137574310486662910e+00
2.148503296575810850e+00
2.160134621722568316e+00
2.171329233831551964e+00
2.180990835446377840e+00
2.188173196904207529e+00
2.192172779810185546e+00
2.192597604200704708e+00
2.189405618197778125e+00
2.182908814265305253e+00
2.173742689139452455e+00
2.162804036907867378e+00
2.151163164484615198e+00
2.139959122441647210e+00
2.130288206733105483e+00
2.123096645540437866e+00
2.119087975797630641e+00
2.118654176027593206e+00
2.121837296687495655e+00
2.128325343912189194e+00
2.137482819583498284e+00
2.148412928250714504e+00
2.160045361655386298e+00
2.171241067899521759e+00
2.180903749721024187e+00
2.188087177648295079e+00
2.192087813474726588e+00
2.192513677422041507e+00
2.189322717794687456e+00
2.182826927236186432e+00
2.173661802659540676e+00
2.162724138326525214e+00
2.151084241322638313e+00
2.139881162388662883e+00
2.130211197644984455e+00
2.123020575436765700e+00
2.119012832859222595e+00
2.118579948594050855e+00
2.121763973254821245e+00
