1.861431975567487074e+00
1.885958135393866808e+00
1.913568490534519606e+00
1.941560347055631963e+00
1.967193667010185942e+00
1.987959282443171993e+00
2.001824510233468413e+00
2.007432125280241841e+00
2.004233215152156244e+00
1.992540911460671582e+00
1.973499738356180533e+00
1.948973578529807016e+00
1.921363223389148445e+00
1.893371366868028094e+00
1.867738046913477890e+00
1.846972431480503607e+00
1.833107203690198972e+00
1.827499588643430428e+00
1.830698498771521798e+00
1.842390802463001798e+00
1.861431975567492625e+00
1.885958135393879020e+00
1.913568490534542255e+00
1.941560347055653502e+00
1.967193667010207925e+00
1.987959282443193976e+00
2.001824510233490617e+00
2.007432125280279589e+00
2.004233215152193992e+00
1.992540911460696673e+00
1.973499738356198074e+00
1.948973578529810791e+00
1.921363223389153552e+00
1.893371366868038530e+00
1.867738046913480998e+00
1.846972431480495835e+00
1.833107203690195419e+00
1.827499588643420658e+00
1.830698498771500704e+00
1.842390802462991140e+00
1.861431975567493291e+00
1.885958135393875024e+00
1.913568490534531596e+00
1.941560347055645508e+00
1.967193667010196378e+00
1.987959282443186204e+00
2.001824510233477739e+00
2.007432125280238733e+00
2.004233215152144254e+00
1.992540911460652708e+00
1.973499738356153221e+00
1.948973578529769046e+00
1.921363223389115582e+00
1.893371366867997008e+00
1.867738046913455241e+00
1.846972431480474075e+00
1.833107203690182541e+00
1.827499588643423767e+00
1.830698498771508698e+00
1.842390802463005794e+00
1.861431975567491959e+00
1.885958135393883683e+00
1.913568490534552691e+00
1.941560347055663716e+00
1.967193667010213920e+00
1.987959282443197528e+00
2.001824510233490173e+00
2.007432125280239177e+00
2.004233215152151359e+00
1.992540911460660036e+00
1.973499738356173649e+00
1.948973578529787254e+00
1.921363223389132013e+00
1.893371366868026984e+00
1.867738046913495431e+00
1.846972431480507604e+00
1.833107203690210962e+00
1.827499588643443529e+00
1.830698498771537341e+00
1.842390802463033550e+00
1.861431975567533703e+00
1.885958135393913215e+00
1.913568490534572453e+00
1.941560347055690361e+00
1.967193667010235236e+00
1.987959282443215514e+00
2.001824510233491949e+00
2.007432125280258273e+00
2.004233215152158465e+00
1.992540911460674025e+00
1.973499738356167654e+00
1.948973578529775708e+00
1.921363223389114472e+00
1.893371366868004779e+00
1.867738046913464789e+00
1.846972431480476295e+00
1.833107203690189424e+00
1.827499588643423101e+00
1.830698498771524019e+00
1.842390802463029109e+00
