2.011602226804775295e+00
2.116182250886858629e+00
2.201310529793125692e+00
2.258654114460474815e+00
2.282599815285530021e+00
2.270803660231999199e+00
2.224420339145161130e+00
2.147990174664594853e+00
2.048994683809940209e+00
1.937124234968178538e+00
1.823329487119192738e+00
1.718749463037075875e+00
1.633621184130862325e+00
1.576277599463460355e+00
1.552331898638426910e+00
1.564128053691969500e+00
1.610511374778803351e+00
1.686941539259404044e+00
1.785937030114034707e+00
1.897807478955785720e+00
2.011602226804746874e+00
2.116182250886868399e+00
2.201310529793050197e+00
2.258654114460445061e+00
2.282599815285528688e+00
2.270803660231975218e+00
2.224420339145158909e+00
2.147990174664586860e+00
2.048994683809937989e+00
1.937124234968188974e+00
1.823329487119216274e+00
1.718749463037099634e+00
1.633621184130876980e+00
1.576277599463522971e+00
1.552331898638419361e+00
1.564128053691936859e+00
1.610511374778783811e+00
1.686941539259356304e+00
1.785937030114006507e+00
1.897807478955758853e+00
2.011602226804757976e+00
2.116182250886857741e+00
2.201310529793048421e+00
2.258654114460465046e+00
2.282599815285563771e+00
2.270803660232040055e+00
2.224420339145182890e+00
2.147990174664615726e+00
2.048994683809993500e+00
1.937124234968205183e+00
1.823329487119220271e+00
1.718749463037106073e+00
1.633621184130908288e+00
1.576277599463503432e+00
1.552331898638418251e+00
1.564128053691946407e+00
1.610511374778777816e+00
1.686941539259283029e+00
1.785937030113984747e+00
1.897807478955722438e+00
2.011602226804719784e+00
2.116182250886819549e+00
2.201310529793034210e+00
2.258654114460435736e+00
2.282599815285537126e+00
2.270803660232008525e+00
2.224420339145183778e+00
2.147990174664646812e+00
2.048994683809983730e+00
1.937124234968227610e+00
1.823329487119262904e+00
1.718749463037157588e+00
1.633621184130920279e+00
1.576277599463507428e+00
1.552331898638432683e+00
1.564128053691945297e+00
1.610511374778765825e+00
1.686941539259317890e+00
1.785937030113964541e+00
1.897807478955712002e+00
2.011602226804686033e+00
2.116182250886804006e+00
2.201310529792982251e+00
2.258654114460449946e+00
2.282599815285532241e+00
2.270803660232018739e+00
2.224420339145190884e+00
2.147990174664667684e+00
2.048994683809998385e+00
1.937124234968266911e+00
1.823329487119264902e+00
1.718749463037153147e+00
1.633621184130922943e+00
1.576277599463524082e+00
1.552331898638418695e+00
1.564128053691933973e+00
1.610511374778748062e+00
1.686941539259282363e+00
1.785937030113957213e+00
1.897807478955678251e+00
