2.696109274256135180e+01;2.151502933805479856e+00
2.709522753232533887e+01;2.152966452143062703e+00
2.722936232208932594e+01;2.154201926764490516e+00
2.736349711185331302e+01;2.155091276871040407e+00
2.749763190161730009e+01;2.155550238385139927e+00
2.763176669138128716e+01;2.155535561685271606e+00
2.776590148114527423e+01;2.155048617157326429e+00
2.790003627090926130e+01;2.154135285396181487e+00
2.803417106067324838e+01;2.152882134286516536e+00
2.816830585043723545e+01;2.151409013005846305e+00
2.830244064020122252e+01;2.149858392428523501e+00
2.843657542996520959e+01;2.148382089514554671e+00
2.857071021972919667e+01;2.147126410837886912e+00
2.870484500949318374e+01;2.146217154255539938e+00
2.883897979925717081e+01;2.145746187734611343e+00
2.897311458902115788e+01;2.145761346785864720e+00
2.910724937878514496e+01;2.146261076727000283e+00
2.924138416854913203e+01;2.147194612951430770e+00
2.937551895831311910e+01;2.148467669952254244e+00
2.950965374807710617e+01;2.149952795470389866e+00
2.964378853784109324e+01;2.151502933805502504e+00
2.977792332760508032e+01;2.152966452143071141e+00
2.991205811736906739e+01;2.154201926764476749e+00
3.004619290713305446e+01;2.155091276871029748e+00
3.018032769689704153e+01;2.155550238385104844e+00
3.031446248666102861e+01;2.155535561685224977e+00
3.044859727642501568e+01;2.155048617157295787e+00
3.058273206618900275e+01;2.154135285396167276e+00
3.071686685595298982e+01;2.152882134286508986e+00
3.085100164571697690e+01;2.151409013005817883e+00
3.098513643548096397e+01;2.149858392428513287e+00
3.111927122524495104e+01;2.148382089514567106e+00
3.125340601500893811e+01;2.147126410837872257e+00
3.138754080477292518e+01;2.146217154255547488e+00
3.152167559453691226e+01;2.145746187734610899e+00
3.165581038430089933e+01;2.145761346785867385e+00
3.178994517406488640e+01;2.146261076727013606e+00
3.192407996382887347e+01;2.147194612951430326e+00
3.205821475359285699e+01;2.148467669952231596e+00
3.219234954335684051e+01;2.149952795470416067e+00
3.232648433312082403e+01;2.151502933805502060e+00
3.246061912288480755e+01;2.152966452143065368e+00
3.259475391264879107e+01;2.154201926764507835e+00
3.272888870241277459e+01;2.155091276871044847e+00
3.286302349217675811e+01;2.155550238385136819e+00
3.299715828194074163e+01;2.155535561685256063e+00
3.313129307170472515e+01;2.155048617157314439e+00
3.326542786146870867e+01;2.154135285396183708e+00
3.339956265123269219e+01;2.152882134286544957e+00
3.353369744099667571e+01;2.151409013005846305e+00
3.366783223076065923e+01;2.149858392428527498e+00
3.380196702052464275e+01;2.148382089514572879e+00
3.393610181028862627e+01;2.147126410837882027e+00
3.407023660005260979e+01;2.146217154255527504e+00
3.420437138981659331e+01;2.145746187734606014e+00
3.433850617958057683e+01;2.145761346785857615e+00
3.447264096934456035e+01;2.146261076726998063e+00
3.460677575910854387e+01;2.147194612951432990e+00
3.474091054887252739e+01;2.148467669952225378e+00
3.487504533863651091e+01;2.149952795470400524e+00
3.500918012840049443e+01;2.151502933805494955e+00
3.514331491816447794e+01;2.152966452143071585e+00
3.527744970792846146e+01;2.154201926764505615e+00
3.541158449769244498e+01;2.155091276871051953e+00
3.554571928745642850e+01;2.155550238385125716e+00
3.567985407722041202e+01;2.155535561685216095e+00
3.581398886698439554e+01;2.155048617157310442e+00
3.594812365674837906e+01;2.154135285396180155e+00
3.608225844651236258e+01;2.152882134286489890e+00
3.621639323627634610e+01;2.151409013005845861e+00
3.635052802604032962e+01;2.149858392428523945e+00
3.648466281580431314e+01;2.148382089514577320e+00
3.661879760556829666e+01;2.147126410837906452e+00
3.675293239533228018e+01;2.146217154255539050e+00
3.688706718509626370e+01;2.145746187734579813e+00
3.702120197486024722e+01;2.145761346785862944e+00
3.715533676462423074e+01;2.146261076726997175e+00
3.728947155438821426e+01;2.147194612951430770e+00
3.742360634415219778e+01;2.148467669952246251e+00
3.755774113391618130e+01;2.149952795470404521e+00
3.769187592368016482e+01;2.151502933805495843e+00
3.782601071344414834e+01;2.152966452143067144e+00
3.796014550320813186e+01;2.154201926764522490e+00
3.809428029297211538e+01;2.155091276871044847e+00
3.822841508273609890e+01;2.155550238385135486e+00
3.836254987250008242e+01;2.155535561685247181e+00
3.849668466226406593e+01;2.155048617157314439e+00
3.863081945202804945e+01;2.154135285396209909e+00
3.876495424179203297e+01;2.152882134286524529e+00
3.889908903155601649e+01;2.151409013005836535e+00
3.903322382132000001e+01;2.149858392428529719e+00
3.916735861108398353e+01;2.148382089514568438e+00
3.930149340084796705e+01;2.147126410837864263e+00
3.943562819061195057e+01;2.146217154255543491e+00
3.956976298037593409e+01;2.145746187734608679e+00
3.970389777013991761e+01;2.145761346785863832e+00
3.983803255990390113e+01;2.146261076727001171e+00
3.997216734966788465e+01;2.147194612951428994e+00
4.010630213943186817e+01;2.148467669952251136e+00
4.024043692919585169e+01;2.149952795470406741e+00
4.037457171895983521e+01;2.151502933805480300e+00
4.050870650872381873e+01;2.152966452143067144e+00
4.064284129848780225e+01;2.154201926764488739e+00
4.077697608825178577e+01;2.155091276871028860e+00
4.091111087801576929e+01;2.155550238385106177e+00
4.104524566777975281e+01;2.155535561685220536e+00
4.117938045754373633e+01;2.155048617157284241e+00
4.131351524730771985e+01;2.154135285396171273e+00
4.144765003707170337e+01;2.152882134286535631e+00
4.158178482683568689e+01;2.151409013005848969e+00
4.171591961659967041e+01;2.149858392428550591e+00
4.185005440636365392e+01;2.148382089514580429e+00
4.198418919612763744e+01;2.147126410837842947e+00
4.211832398589162096e+01;2.146217154255523063e+00
4.225245877565560448e+01;2.145746187734579369e+00
4.238659356541958800e+01;2.145761346785891810e+00
4.252072835518357152e+01;2.146261076727018935e+00
4.265486314494755504e+01;2.147194612951443204e+00
4.278899793471153856e+01;2.148467669952236037e+00
4.292313272447552208e+01;2.149952795470402744e+00
4.305726751423950560e+01;2.151502933805508277e+00
4.319140230400348912e+01;2.152966452143080467e+00
4.332553709376747264e+01;2.154201926764494068e+00
4.345967188353145616e+01;2.155091276871028416e+00
4.359380667329543968e+01;2.155550238385104400e+00
4.372794146305942320e+01;2.155535561685216095e+00
4.386207625282340672e+01;2.155048617157283353e+00
4.399621104258739024e+01;2.154135285396165500e+00
4.413034583235137376e+01;2.152882134286531635e+00
4.426448062211535728e+01;2.151409013005828541e+00
4.439861541187934080e+01;2.149858392428501297e+00
4.453275020164332432e+01;2.148382089514571991e+00
4.466688499140730784e+01;2.147126410837875810e+00
4.480101978117129136e+01;2.146217154255531057e+00
4.493515457093527488e+01;2.145746187734601129e+00
4.506928936069925840e+01;2.145761346785875379e+00
4.520342415046324192e+01;2.146261076727011829e+00
4.533755894022722543e+01;2.147194612951401460e+00
4.547169372999120895e+01;2.148467669952226711e+00
4.560582851975519247e+01;2.149952795470391198e+00
4.573996330951917599e+01;2.151502933805495843e+00
4.587409809928315951e+01;2.152966452143064480e+00
4.600823288904714303e+01;2.154201926764498509e+00
4.614236767881112655e+01;2.155091276871023087e+00
4.627650246857511007e+01;2.155550238385126605e+00
4.641063725833909359e+01;2.155535561685254731e+00
4.654477204810307711e+01;2.155048617157317103e+00
4.667890683786706063e+01;2.154135285396172161e+00
4.681304162763104415e+01;2.152882134286528970e+00
4.694717641739502767e+01;2.151409013005848525e+00
4.708131120715901119e+01;2.149858392428541709e+00
4.721544599692299471e+01;2.148382089514581317e+00
4.734958078668697823e+01;2.147126410837896238e+00
4.748371557645096175e+01;2.146217154255548820e+00
4.761785036621494527e+01;2.145746187734590915e+00
4.775198515597892879e+01;2.145761346785857615e+00
4.788611994574291231e+01;2.146261076727008277e+00
4.802025473550689583e+01;2.147194612951429882e+00
4.815438952527087935e+01;2.148467669952227155e+00
4.828852431503486287e+01;2.149952795470399192e+00
4.842265910479884639e+01;2.151502933805508722e+00
4.855679389456282991e+01;2.152966452143076470e+00
4.869092868432681342e+01;2.154201926764497621e+00
4.882506347409079694e+01;2.155091276871024863e+00
4.895919826385478046e+01;2.155550238385122164e+00
4.909333305361876398e+01;2.155535561685209878e+00
4.922746784338274750e+01;2.155048617157290014e+00
4.936160263314673102e+01;2.154135285396154398e+00
4.949573742291071454e+01;2.152882134286535631e+00
4.962987221267469806e+01;2.151409013005849413e+00
4.976400700243868158e+01;2.149858392428545262e+00
4.989814179220266510e+01;2.148382089514571103e+00
5.003227658196664862e+01;2.147126410837891797e+00
5.016641137173063214e+01;2.146217154255527948e+00
5.030054616149461566e+01;2.145746187734610899e+00
5.043468095125859918e+01;2.145761346785863388e+00
5.056881574102258270e+01;2.146261076726986960e+00
5.070295053078656622e+01;2.147194612951430770e+00
5.083708532055054974e+01;2.148467669952230708e+00
5.097122011031453326e+01;2.149952795470403633e+00
5.110535490007851678e+01;2.151502933805502948e+00
5.123948968984250030e+01;2.152966452143068476e+00
5.137362447960648382e+01;2.154201926764502062e+00
5.150775926937046734e+01;2.155091276871021311e+00
5.164189405913445086e+01;2.155550238385126605e+00
5.177602884889843438e+01;2.155535561685222756e+00
5.191016363866241790e+01;2.155048617157284685e+00
5.204429842842640141e+01;2.154135285396174382e+00
5.217843321819038493e+01;2.152882134286532967e+00
5.231256800795436845e+01;2.151409013005846749e+00
5.244670279771835197e+01;2.149858392428547038e+00
5.258083758748233549e+01;2.148382089514595528e+00
5.271497237724631901e+01;2.147126410837869148e+00
5.284910716701030253e+01;2.146217154255535942e+00
5.298324195677428605e+01;2.145746187734577148e+00
5.311737674653826957e+01;2.145761346785861168e+00
5.325151153630225309e+01;2.146261076726996286e+00
5.338564632606623661e+01;2.147194612951439208e+00
5.351978111583022013e+01;2.148467669952229819e+00
5.365391590559420365e+01;2.149952795470391642e+00
