3.937096217619647232e-01
4.028191581776190411e-01
4.086694915515408089e-01
4.111949441580027842e-01
4.104511061097896873e-01
4.065536236710740603e-01
3.996770883331217661e-01
3.900972126898200054e-01
3.782642187785567600e-01
3.648946098320481335e-01
3.510555085371316331e-01
3.381911586467457043e-01
3.280188598319060400e-01
3.222345335152556056e-01
3.220526694851705285e-01
3.277477835675541296e-01
3.384556388910964220e-01
3.523985088948325961e-01
3.674392286186697332e-01
3.816618987450136058e-01
3.937096217619752703e-01
4.028191581776131014e-01
4.086694915515604043e-01
4.111949441580101117e-01
4.104511061098106706e-01
4.065536236710988183e-01
3.996770883331380309e-01
3.900972126898877290e-01
3.782642187785658638e-01
3.648946098320312581e-01
3.510555085371344641e-01
3.381911586467266084e-01
3.280188598318885540e-01
3.222345335152179135e-01
3.220526694851467697e-01
3.277477835675546292e-01
3.384556388911031943e-01
3.523985088948075606e-01
3.674392286186659029e-01
3.816618987449491018e-01
3.937096217619427407e-01
4.028191581775704688e-01
4.086694915515856064e-01
4.111949441579949016e-01
4.104511061098078950e-01
4.065536236710450280e-01
3.996770883331046686e-01
3.900972126898631931e-01
3.782642187786097732e-01
3.648946098320831055e-01
3.510555085371416251e-01
3.381911586467686304e-01
3.280188598318628523e-01
3.222345335152221324e-01
3.220526694851310601e-01
3.277477835675518536e-01
3.384556388910785474e-01
3.523985088948290989e-01
3.674392286186528023e-01
3.816618987449862943e-01
3.937096217619907579e-01
4.028191581775814045e-01
4.086694915515073911e-01
4.111949441579333397e-01
4.104511061098090607e-01
4.065536236710824980e-01
3.996770883331695057e-01
3.900972126898843984e-01
3.782642187786072752e-01
3.648946098320641762e-01
3.510555085371847017e-01
3.381911586467845066e-01
3.280188598319184745e-01
3.222345335152531076e-01
3.220526694851511551e-01
3.277477835675667861e-01
3.384556388910777147e-01
3.523985088948312638e-01
3.674392286186675127e-01
3.816618987450414724e-01
3.937096217619791561e-01
4.028191581776075503e-01
4.086694915515548532e-01
4.111949441579419440e-01
4.104511061098067848e-01
4.065536236710928786e-01
3.996770883331473567e-01
3.900972126899039938e-01
3.782642187785917876e-01
3.648946098320636211e-01
3.510555085371833139e-01
3.381911586467694075e-01
3.280188598318801718e-01
3.222345335152581591e-01
3.220526694851567617e-01
3.277477835675519091e-01
3.384556388910782698e-01
3.523985088948290434e-01
3.674392286186932699e-01
3.816618987450032252e-01
