4.231776758125641580e-01
4.554212194867967023e-01
4.788992366219839703e-01
4.914794780391629758e-01
4.922655956577901559e-01
4.815536626703603718e-01
4.606631016841700732e-01
4.317100197875764489e-01
3.973775359722814815e-01
3.607104713080588332e-01
3.249329085065342793e-01
2.932663736193379944e-01
2.687199433047633979e-01
2.538340299906550190e-01
2.503853555747498905e-01
2.590945974841031285e-01
2.794074544301808349e-01
3.094288431119275318e-01
3.460676543087530255e-01
3.853978143176070570e-01
4.231777730927681613e-01
4.554213184552392546e-01
4.788993349507680852e-01
4.914795733293806923e-01
4.922656857335062641e-01
4.815537457904784380e-01
4.606631766626327340e-01
4.317100860309792676e-01
3.973775934546706634e-01
3.607105205046202689e-01
3.249329503041716860e-01
2.932664092151970325e-01
2.687199740978266083e-01
2.538340574677074857e-01
2.503853811923163475e-01
2.590946225511624457e-01
2.794074800014929028e-01
3.094288699055955383e-01
3.460676826618258595e-01
3.853978441887832562e-01
4.231778041124427125e-01
4.554213500132346382e-01
4.788993663047950156e-01
4.914796037145004459e-01
4.922657144558715836e-01
4.815537722949235211e-01
4.606632005709595523e-01
4.317101071539694024e-01
3.973776117840407962e-01
3.607105361918957476e-01
3.249329636321513504e-01
2.932664205656224099e-01
2.687199839167861981e-01
2.538340662292971617e-01
2.503853893609714887e-01
2.590946305442730080e-01
2.794074881553872403e-01
3.094288784492552069e-01
3.460676917027318278e-01
3.853978537137657256e-01
4.231778140036401292e-01
4.554213600760861902e-01
4.788993763026123118e-01
4.914796134033652675e-01
4.922657236145474569e-01
4.815537807463795561e-01
4.606632081945952750e-01
4.317101138894474666e-01
3.973776176287256434e-01
3.607105411940983442e-01
3.249329678820510603e-01
2.932664241849372577e-01
2.687199870477627317e-01
2.538340690231047914e-01
2.503853919657059168e-01
2.590946330930283814e-01
2.794074907554126574e-01
3.094288811735640410e-01
3.460676945855986064e-01
3.853978567509951936e-01
4.231778171576473513e-01
4.554213632848376214e-01
4.788993794906239443e-01
4.914796164928720290e-01
4.922657265349999478e-01
4.815537834413180507e-01
4.606632106255699743e-01
4.317101160372150970e-01
3.973776194924372174e-01
3.607105427891660332e-01
3.249329692372283085e-01
2.932664253390365183e-01
2.687199880461363377e-01
2.538340699139624568e-01
2.503853927962685355e-01
2.590946339057362269e-01
2.794074915844595997e-01
3.094288820422402830e-01
3.460676955048299086e-01
3.853978577194436261e-01
