3.801316193199542059e-01
3.838111411490109925e-01
3.863322629581275036e-01
3.875218446714439602e-01
3.873140210883265766e-01
3.857405496734399031e-01
3.829250772975845707e-01
3.790816449984264480e-01
3.745143214769982576e-01
3.696123532222108099e-01
3.648338561577594841e-01
3.606716905311863619e-01
3.575989763500672103e-01
3.559992110495611706e-01
3.560953572375226139e-01
3.578989076322464102e-01
3.611982777510180931e-01
3.655939664050137372e-01
3.705706299326511632e-01
3.755830902378319291e-01
3.801316193199135718e-01
3.838111411489547597e-01
3.863322629581374401e-01
3.875218446714334686e-01
3.873140210883801449e-01
3.857405496733807282e-01
3.829250772975380523e-01
3.790816449983649972e-01
3.745143214769460216e-01
3.696123532221415320e-01
3.648338561577075811e-01
3.606716905310858867e-01
3.575989763500430629e-01
3.559992110495596718e-01
3.560953572375172849e-01
3.578989076322738883e-01
3.611982777510340248e-01
3.655939664050143478e-01
3.705706299326453346e-01
3.755830902378149982e-01
3.801316193199172910e-01
3.838111411489738001e-01
3.863322629581389944e-01
3.875218446714573384e-01
3.873140210883797008e-01
3.857405496734799266e-01
3.829250772975877903e-01
3.790816449984160674e-01
3.745143214769761641e-01
3.696123532221241570e-01
3.648338561577006978e-01
3.606716905311625476e-01
3.575989763500251328e-01
3.559992110495283635e-01
3.560953572374959131e-01
3.578989076322958707e-01
3.611982777510444054e-01
3.655939664050150140e-01
3.705706299326488318e-01
3.755830902378005098e-01
3.801316193199403282e-01
3.838111411489458780e-01
3.863322629581178447e-01
3.875218446714424614e-01
3.873140210883340151e-01
3.857405496734368500e-01
3.829250772975361650e-01
3.790816449984327208e-01
3.745143214769355855e-01
3.696123532221259333e-01
3.648338561577133543e-01
3.606716905310700105e-01
3.575989763500186935e-01
3.559992110495052708e-01
3.560953572374633280e-01
3.578989076322375840e-01
3.611982777510148179e-01
3.655939664051105487e-01
3.705706299326750330e-01
3.755830902378254899e-01
3.801316193199333338e-01
3.838111411489938396e-01
3.863322629581647516e-01
3.875218446714658316e-01
3.873140210884084000e-01
3.857405496734525596e-01
3.829250772975636985e-01
3.790816449984156788e-01
3.745143214769519058e-01
3.696123532221261554e-01
3.648338561577161299e-01
3.606716905311948551e-01
3.575989763500430074e-01
3.559992110495746043e-01
3.560953572374773168e-01
3.578989076322487972e-01
3.611982777510565623e-01
3.655939664050845694e-01
3.705706299326448905e-01
3.755830902378139990e-01
