3.887338395943058522e-01
4.022719216045440027e-01
4.128640742104780492e-01
4.194767895654289425e-01
4.214733433279926333e-01
4.186721010027403822e-01
4.113590605204243689e-01
4.002554023088414348e-01
3.864449106448481497e-01
3.712691141383982485e-01
3.561999376153676122e-01
3.427008264501409385e-01
3.320879655064659097e-01
3.254034777497150643e-01
3.233122295891041609e-01
3.260327795914167437e-01
3.333107328830292038e-01
3.444391167248889718e-01
3.583255259093475198e-01
3.736002663750214725e-01
3.887544514031119336e-01
4.022929848638545081e-01
4.128854216209960626e-01
4.194982071234354959e-01
4.214945928912527395e-01
4.186929444083486995e-01
4.113792828223736819e-01
4.002748319559332191e-01
3.864634348554032428e-01
3.712866882693402482e-01
3.562165879040722349e-01
3.427166460841102325e-01
3.321031045235863788e-01
3.254181277757327573e-01
3.233266048609268473e-01
3.260470960652844252e-01
3.333251874429071782e-01
3.444538685418246371e-01
3.583406818215695844e-01
3.736158717545903230e-01
3.887704873810474138e-01
4.023093720755005487e-01
4.129020299075137901e-01
4.195148699897982003e-01
4.215111250625017680e-01
4.187091605932846128e-01
4.113950157924262663e-01
4.002899482436251821e-01
3.864778467159484809e-01
3.713003609698503626e-01
3.562295418567840710e-01
3.427289537886210047e-01
3.321148827092872402e-01
3.254295255275532761e-01
3.233377888554325175e-01
3.260582343167890418e-01
3.333364331275475712e-01
3.444653454950616367e-01
3.583524731638520477e-01
3.736280127855357014e-01
3.887829634205702267e-01
4.023221213776734806e-01
4.129149512083428730e-01
4.195278337555768400e-01
4.215239871486139434e-01
4.187217768424332798e-01
4.114072561000568506e-01
4.003017087714013100e-01
3.864890591979354140e-01
3.713109983835671257e-01
3.562396200828683024e-01
3.427385292319068411e-01
3.321240461855854975e-01
3.254383930254526880e-01
3.233464900499198880e-01
3.260668999236619459e-01
3.333451823184642171e-01
3.444742746145375567e-01
3.583616468799602495e-01
3.736374585615465649e-01
3.887926698353205701e-01
4.023320403925635391e-01
4.129250040395223142e-01
4.195379196252139176e-01
4.215339939115122503e-01
4.187315923435070419e-01
4.114167791173075073e-01
4.003108585180640278e-01
3.864977825627298191e-01
3.713192743428177511e-01
3.562474609917420376e-01
3.427459789735915474e-01
3.321311754151898277e-01
3.254452919826341106e-01
3.233532596224408251e-01
3.260736418090463551e-01
3.333519892328490886e-01
3.444812215144372747e-01
3.583687840774614219e-01
3.736448074232177619e-01
