3.737201610496944659e-01
3.747407967546714236e-01
3.755411376206492791e-01
3.760428668592950552e-01
3.761969391329182955e-01
3.759883586957344370e-01
3.754376174218609918e-01
3.745986633652371167e-01
3.735536084614300978e-01
3.724046978031778088e-01
3.712643239345614354e-01
3.702440549489082744e-01
3.694437389977113795e-01
3.689417419726097047e-01
3.687872695609939466e-01
3.689955278888263912e-01
3.695462051462880537e-01
3.703854342408628431e-01
3.714310541444186820e-01
3.725806593285838075e-01
3.737216467017917543e-01
3.747422678804653851e-01
3.755425934948832256e-01
3.760443064882897923e-01
3.761983613796008319e-01
3.759897624150843054e-01
3.754390015933713465e-01
3.746000272096746131e-01
3.735549515310291890e-01
3.724060200372741325e-01
3.712656256761996398e-01
3.702453369218057233e-01
3.694450022467785089e-01
3.689429877746395192e-01
3.687884993148412560e-01
3.689967429961641399e-01
3.695474068947069424e-01
3.703866237005847273e-01
3.714322320883465256e-01
3.725818261829230149e-01
3.737228025313072965e-01
3.747434124089754626e-01
3.755437261581173192e-01
3.760454265131449314e-01
3.761994678814188364e-01
3.759908545030199445e-01
3.754400784734536201e-01
3.746010882756432570e-01
3.735559964345043782e-01
3.724070487310415234e-01
3.712666384271292030e-01
3.702463342929314116e-01
3.694459850510203314e-01
3.689439570053245077e-01
3.687894560602610894e-01
3.689976883468048530e-01
3.695483418522997887e-01
3.703875490977503460e-01
3.714331485263955845e-01
3.725827339934318916e-01
3.737237017646537485e-01
3.747443028502825402e-01
3.755446073683732511e-01
3.760462978908724607e-01
3.762003287383454131e-01
3.759917041460650866e-01
3.754409162849028925e-01
3.746019137838186297e-01
3.735568093683613866e-01
3.724078490538406672e-01
3.712674263464882385e-01
3.702471102468831710e-01
3.694467496720145738e-01
3.689447110661643880e-01
3.687902004076320517e-01
3.689984238291015295e-01
3.695490692488641593e-01
3.703882690563542468e-01
3.714338615148550793e-01
3.725834402697120740e-01
3.737244013679456578e-01
3.747449956134085158e-01
3.755452929497830050e-01
3.760469758226118175e-01
3.762009984849380984e-01
3.759923651682889889e-01
3.754415681021764373e-01
3.746025560291741940e-01
3.735574418309223765e-01
3.724084717050228921e-01
3.712680393478179908e-01
3.702477139391492922e-01
3.694473445472585271e-01
3.689452977256253430e-01
3.687907795100301978e-01
3.689989960344859377e-01
3.695496351635613741e-01
3.703888291843351888e-01
3.714344162200773902e-01
3.725839897528726574e-01
