4.326031751144743254e-01
4.599791485349273845e-01
4.775144095705338709e-01
4.840368243155089290e-01
4.796697104165841274e-01
4.655247290776338698e-01
4.433509378868292772e-01
4.152506317477732134e-01
3.835122235333949803e-01
3.505523357496037051e-01
3.189176687376413244e-01
2.912749982528431425e-01
2.703151427142762020e-01
2.585174647285561345e-01
2.577701205470580015e-01
2.689136852455061844e-01
2.913482277316812863e-01
3.228748292448363477e-01
3.598954976649487714e-01
3.979724670202726688e-01
4.326031751145777982e-01
4.599791485350321896e-01
4.775144095706170821e-01
4.840368243155799832e-01
4.796697104166499637e-01
4.655247290776836633e-01
4.433509378868789041e-01
4.152506317478180109e-01
3.835122235334278429e-01
3.505523357496323489e-01
3.189176687376666375e-01
2.912749982528605730e-01
2.703151427142935770e-01
2.585174647285659044e-01
2.577701205470620538e-01
2.689136852455101256e-01
2.913482277316796765e-01
3.228748292448368473e-01
3.598954976649475501e-01
3.979724670202804959e-01
4.326031751145791859e-01
4.599791485350259723e-01
4.775144095706219671e-01
4.840368243155895867e-01
4.796697104166592895e-01
4.655247290776974856e-01
4.433509378868928374e-01
4.152506317478277809e-01
3.835122235334340046e-01
3.505523357496406200e-01
3.189176687376678032e-01
2.912749982528641812e-01
2.703151427142924668e-01
2.585174647285690130e-01
2.577701205470596668e-01
2.689136852455122906e-01
2.913482277316845059e-01
3.228748292448463397e-01
3.598954976649607063e-01
3.979724670202878234e-01
4.326031751145800741e-01
4.599791485350319675e-01
4.775144095706161385e-01
4.840368243155831474e-01
4.796697104166540715e-01
4.655247290776850511e-01
4.433509378868730200e-01
4.152506317478014686e-01
3.835122235334110785e-01
3.505523357496276304e-01
3.189176687376553687e-01
2.912749982528525794e-01
2.703151427142793106e-01
2.585174647285574112e-01
2.577701205470613322e-01
2.689136852455129567e-01
2.913482277316896130e-01
3.228748292448516133e-01
3.598954976649618165e-01
3.979724670202980930e-01
4.326031751145951731e-01
4.599791485350331333e-01
4.775144095706223002e-01
4.840368243155846462e-01
4.796697104166477432e-01
4.655247290776819424e-01
4.433509378868718542e-01
4.152506317478043552e-01
3.835122235334121887e-01
3.505523357496216907e-01
3.189176687376553132e-01
2.912749982528484716e-01
2.703151427142824192e-01
2.585174647285596872e-01
2.577701205470598333e-01
2.689136852455178417e-01
2.913482277316878921e-01
3.228748292448481716e-01
3.598954976649533788e-01
3.979724670202800518e-01
