4.490048430084375708e-01
4.971468508170255318e-01
5.316486171427363683e-01
5.495145065640457682e-01
5.497435181734532383e-01
5.331313621464928154e-01
5.018881667872230334e-01
4.592184155209515506e-01
4.089663737778903574e-01
3.553656088511171762e-01
3.028701507255878722e-01
2.560028923921373045e-01
2.191421886954958709e-01
1.961850187032236070e-01
1.900755362424838557e-01
2.022629135793324873e-01
2.322279109307666678e-01
2.772560170476556785e-01
3.326024678328340367e-01
3.920862630560535966e-01
4.490049987503070272e-01
4.971470139106292097e-01
5.316487819734883047e-01
5.495146674395267050e-01
5.497436700218638617e-01
5.331315009842227948e-01
5.018882899446984736e-01
4.592185216687542648e-01
4.089664628190544660e-01
3.553656817438693993e-01
3.028702092823010728e-01
2.560029390765332646e-01
2.191422264191171254e-01
1.961850506104383662e-01
1.900755654734421762e-01
2.022629430122216410e-01
2.322279429238755799e-01
2.772560532197658190e-01
3.326025089274083357e-01
3.920863089243116772e-01
4.490050484619475535e-01
4.971470659688818072e-01
5.316488345862223630e-01
5.495147187897641006e-01
5.497437184907286722e-01
5.331315453001753690e-01
5.018883292556366449e-01
4.592185555503318084e-01
4.089664912403201402e-01
3.553657050106826532e-01
3.028702279731598224e-01
2.560029539778382324e-01
2.191422384602137452e-01
1.961850607949826852e-01
1.900755748037426807e-01
2.022629524069775309e-01
2.322279531358274196e-01
2.772560647656205912e-01
3.326025220444743802e-01
3.920863235651045886e-01
4.490050643295175892e-01
4.971470825854752973e-01
5.316488513798071081e-01
5.495147351803797431e-01
5.497437339616384477e-01
5.331315594455058315e-01
5.018883418034066901e-01
4.592185663650945604e-01
4.089665003121992215e-01
3.553657124372991971e-01
3.028702339391590725e-01
2.560029587342410040e-01
2.191422423036527567e-01
1.961850640458127903e-01
1.900755777819002901e-01
2.022629554056999401e-01
2.322279563953904280e-01
2.772560684509510764e-01
3.326025262313243025e-01
3.920863282383119652e-01
4.490050693943106186e-01
4.971470878893583523e-01
5.316488567401903564e-01
5.495147404121375478e-01
5.497437388998415164e-01
5.331315639606027945e-01
5.018883458085835469e-01
4.592185698171153407e-01
4.089665032079017881e-01
3.553657148078441796e-01
3.028702358434890995e-01
2.560029602524706571e-01
2.191422435304632710e-01
1.961850650834633392e-01
1.900755787325064949e-01
2.022629563628629557e-01
2.322279574358025178e-01
2.772560696272596270e-01
3.326025275677191861e-01
3.920863297299480577e-01
