4.141570023553461377e-01
4.370187752006087223e-01
4.530157544798937841e-01
4.607596164564766172e-01
4.597948971709728272e-01
4.505257372870632993e-01
4.340612504357652668e-01
4.120358668756589071e-01
3.864445448488211809e-01
3.595077318093399810e-01
3.335573283820990054e-01
3.109196673989265136e-01
2.937686799267927307e-01
2.839334753139414191e-01
2.826679490755077406e-01
2.904196036013346194e-01
3.066592058277665123e-01
3.298386102350107651e-01
3.575220555426592006e-01
3.866895839766490983e-01
4.141570025714580994e-01
4.370187754096351851e-01
4.530157546783207811e-01
4.607596166411068173e-01
4.597948973393524152e-01
4.505257374377185098e-01
4.340612505682109878e-01
4.120358669903136928e-01
3.864445449468827953e-01
3.595077318925340437e-01
3.335573284525458759e-01
3.109196674588985410e-01
2.937686799785881875e-01
2.839334753597519967e-01
2.826679491172889858e-01
2.904196036406890280e-01
3.066592058658859088e-01
3.298386102726421076e-01
3.575220555801007505e-01
3.866895840138149243e-01
4.141570026079786082e-01
4.370187754449423312e-01
4.530157547118350836e-01
4.607596166723018638e-01
4.597948973678104845e-01
4.505257374631911338e-01
4.340612505905960261e-01
4.120358670097030718e-01
3.864445449634643093e-01
3.595077319066171673e-01
3.335573284644662850e-01
3.109196674690489770e-01
2.937686799873513444e-01
2.839334753675029077e-01
2.826679491243604403e-01
2.904196036473503106e-01
3.066592058723402459e-01
3.298386102790110130e-01
3.575220555864316863e-01
3.866895840200895162e-01
4.141570026141365157e-01
4.370187754509026190e-01
4.530157547174915034e-01
4.607596166775587698e-01
4.597948973725864419e-01
4.505257374674472293e-01
4.340612505943354793e-01
4.120358670129364853e-01
3.864445449662391452e-01
3.595077319089704515e-01
3.335573284664552496e-01
3.109196674707417340e-01
2.937686799888244993e-01
2.839334753688088631e-01
2.826679491255513765e-01
2.904196036484750776e-01
3.066592058734294302e-01
3.298386102800877073e-01
3.575220555875106565e-01
3.866895840211641566e-01
4.141570026151855655e-01
4.370187754519089252e-01
4.530157547184406885e-01
4.607596166784359570e-01
4.597948973733989031e-01
4.505257374681692073e-01
4.340612505949685840e-01
4.120358670134878221e-01
3.864445449667086030e-01
3.595077319093705759e-01
3.335573284667925353e-01
3.109196674710240083e-01
2.937686799890668055e-01
2.839334753690200275e-01
2.826679491257447219e-01
2.904196036486619836e-01
3.066592058736142268e-01
3.298386102802721154e-01
3.575220555876878481e-01
3.866895840213426805e-01
