8.602343403455106272e-03
8.678551453617892875e-03
8.780631503526410350e-03
8.898586230856677520e-03
9.020864510509167891e-03
9.135492116283849134e-03
9.231243838709145624e-03
9.298742283964645666e-03
9.331375795800348621e-03
9.325945647858664700e-03
9.282979154703394423e-03
9.206678052065065190e-03
9.104507199202744108e-03
8.986463864058722231e-03
8.864099118665407645e-03
8.749387137438939532e-03
8.653553079318480196e-03
8.585974288813882221e-03
8.553262374056546866e-03
8.558616014448744078e-03
8.601507849606544395e-03
8.677736099086900273e-03
8.779835859999189640e-03
8.897809821824365084e-03
9.020106870982451050e-03
9.134752792514282821e-03
9.230522387917614383e-03
9.298038274076088003e-03
9.330688805185099327e-03
9.325275265079820131e-03
9.282324978270355131e-03
9.206039690193313155e-03
9.103884269578933416e-03
8.985855993611855178e-03
8.863505943343492552e-03
8.748808301990719169e-03
8.652988237080931622e-03
8.585423101504443752e-03
8.552724511570566554e-03
8.558091154661733382e-03
8.600995678181315093e-03
8.677236309285268900e-03
8.779348152498346602e-03
8.897333904537492108e-03
9.019642458883935648e-03
9.134299607468898338e-03
9.230080158514009092e-03
9.297606735464186006e-03
9.330267698917489583e-03
9.324864338957026058e-03
9.281923986189806117e-03
9.205648392001922545e-03
9.103502430929189329e-03
8.985483385821564639e-03
8.863142343258790384e-03
8.748453491852473465e-03
8.652642004394290806e-03
8.585085238911499203e-03
8.552394816726224466e-03
8.557769430112636272e-03
8.600681731247401818e-03
8.676929951944557795e-03
8.779049201274227027e-03
8.897042180388845325e-03
9.019357787097869936e-03
9.134021817556242304e-03
9.229809084107079217e-03
9.297342214217194437e-03
9.330009572409356244e-03
9.324612452596426834e-03
9.281678189122680861e-03
9.205408537020922516e-03
9.103268374385858550e-03
8.985254987540051280e-03
8.862919466451939926e-03
8.748236003039967096e-03
8.652429773322593137e-03
8.584878138475963982e-03
8.552192722894940216e-03
8.557572221852119410e-03
8.600489290450187563e-03
8.676742163358295082e-03
8.778865952432815187e-03
8.896863361545057428e-03
9.019183291157523499e-03
9.133851540014163717e-03
9.229642922984490627e-03
9.297180070000608115e-03
9.329851347991063165e-03
9.324458053216211698e-03
9.281527522311159087e-03
9.205261512544138380e-03
9.103124904191151404e-03
8.985114985703519450e-03
8.862782849126860443e-03
8.748102688406539026e-03
8.652299681539054807e-03
8.584751191630709405e-03
8.552068844959813398e-03
8.557451338636936841e-03
