8.953989038806229803e-03
9.315381173031742762e-03
9.642102492266407809e-03
9.902171237382557598e-03
1.007013006760253300e-02
1.012953800238616635e-02
1.007457977915785299e-02
9.910635091723334761e-03
9.653751988358843031e-03
9.329075977031047254e-03
8.968388607879832289e-03
8.606996473654164939e-03
8.280275154419378461e-03
8.020206409303448983e-03
7.852247579083426743e-03
7.792839644299604310e-03
7.847797867528136240e-03
8.011742554962621513e-03
8.268625658327271102e-03
8.593301669654990552e-03
8.953989038806165618e-03
9.315381173031813886e-03
9.642102492266641997e-03
9.902171237382606170e-03
1.007013006760241677e-02
1.012953800238621319e-02
1.007457977915805422e-02
9.910635091723501294e-03
9.653751988358933236e-03
9.329075977031291850e-03
8.968388607879866983e-03
8.606996473654338412e-03
8.280275154419437442e-03
8.020206409303282449e-03
7.852247579083371232e-03
7.792839644299577422e-03
7.847797867527914195e-03
8.011742554962387325e-03
8.268625658327114977e-03
8.593301669654749425e-03
8.953989038806162148e-03
9.315381173031784395e-03
9.642102492266615976e-03
9.902171237382810867e-03
1.007013006760253127e-02
1.012953800238640747e-02
1.007457977915790330e-02
9.910635091723523846e-03
9.653751988358870786e-03
9.329075977030983069e-03
8.968388607879764635e-03
8.606996473654300248e-03
8.280275154419369787e-03
8.020206409303230408e-03
7.852247579083407661e-03
7.792839644299583493e-03
7.847797867527928073e-03
8.011742554962654472e-03
8.268625658327253755e-03
8.593301669654834427e-03
8.953989038806077147e-03
9.315381173031603984e-03
9.642102492266498015e-03
9.902171237382436167e-03
1.007013006760236647e-02
1.012953800238651676e-02
1.007457977915805422e-02
9.910635091723452722e-03
9.653751988358745886e-03
9.329075977031073275e-03
8.968388607879723001e-03
8.606996473654263818e-03
8.280275154419515504e-03
8.020206409303629394e-03
7.852247579083631440e-03
7.792839644299673699e-03
7.847797867527954094e-03
8.011742554962415080e-03
8.268625658327106304e-03
8.593301669654766772e-03
8.953989038806122250e-03
9.315381173031885009e-03
9.642102492266449443e-03
9.902171237382618313e-03
1.007013006760249484e-02
1.012953800238634676e-02
1.007457977915781483e-02
9.910635091723355578e-03
9.653751988358829153e-03
9.329075977031021233e-03
8.968388607879828819e-03
8.606996473654298513e-03
8.280275154419598771e-03
8.020206409303523576e-03
7.852247579083553378e-03
7.792839644299713597e-03
7.847797867527988788e-03
8.011742554962512225e-03
8.268625658327184366e-03
8.593301669654706057e-03
