8.938826555642761379e-03
8.941465387689766578e-03
8.944720064592069295e-03
8.948270208084602856e-03
8.951766526687202422e-03
8.954865006713736558e-03
8.957260586654332626e-03
8.958717018647694222e-03
8.959089993994537662e-03
8.958341269025775488e-03
8.956542408586978116e-03
8.953867780700888387e-03
8.950577488139183080e-03
8.946991907680111253e-03
8.943460329326987854e-03
8.940326765299251230e-03
8.937896275650263761e-03
8.936405106795091563e-03
8.935997565997139125e-03
8.936711895500068156e-03
8.938476529043304711e-03
8.941117097199689431e-03
8.944373495803676147e-03
8.947925346693766380e-03
8.951423358494057375e-03
8.954523517623208875e-03
8.956920762676665038e-03
8.958378845898905957e-03
8.958753458696776598e-03
8.958006357507698053e-03
8.956209107283988682e-03
8.953536076155413359e-03
8.950247367000804463e-03
8.946663356705748804e-03
8.943133335380964999e-03
8.940001315353347106e-03
8.937572356783723623e-03
8.936082706194609440e-03
8.935676670956751999e-03
8.936392493421079636e-03
8.938158607434153191e-03
8.940800643675726050e-03
8.944058498087022538e-03
8.947611792613059667e-03
8.951111235984163944e-03
8.954212814724978042e-03
8.956611467536587309e-03
8.958070946768745269e-03
8.958446943933287554e-03
8.957701215572143674e-03
8.955905326741814276e-03
8.953233645675752125e-03
8.949946275356097589e-03
8.946363592771212903e-03
8.942834888134168839e-03
8.939704173873653029e-03
8.937276510251824374e-03
8.935788143891969584e-03
8.935383382265082303e-03
8.936100467821755933e-03
8.937867834507664741e-03
8.940511113101101345e-03
8.943770199641239496e-03
8.947324716170381234e-03
8.950825371515628084e-03
8.953928152297705584e-03
8.956327997313150505e-03
8.957788659006586662e-03
8.958165828984020890e-03
8.957421263880934598e-03
8.955626528846689915e-03
8.952955992206981795e-03
8.949669757035478082e-03
8.946088200411445729e-03
8.942560612638124698e-03
8.939431006233757721e-03
8.937004441549302458e-03
8.935517165296197328e-03
8.935113485032895528e-03
8.935831643296750920e-03
8.937600074119504343e-03
8.940244408364821094e-03
8.943504542156510348e-03
8.947060097620900682e-03
8.950561783668306570e-03
8.953665587002059348e-03
8.956066446500552183e-03
8.957528114689573134e-03
8.957906283255592447e-03
8.957162708913857588e-03
8.955368956892811524e-03
8.952699395596497994e-03
8.949414128176269231e-03
8.945833531788347989e-03
8.942306896812281247e-03
8.939178235841865883e-03
8.936752609302992673e-03
8.935266263981288953e-03
8.934863507508730707e-03
8.935582582495516304e-03
