8.545507620176466534e-03
8.672655918677484380e-03
8.826046231498376610e-03
8.990663623915179370e-03
9.150394177659710790e-03
9.289602333443690296e-03
9.394661408376575942e-03
9.455287470568887395e-03
9.465546001980268409e-03
9.424432810339224489e-03
9.335972326427815007e-03
9.208823664708730428e-03
9.055433008823911972e-03
8.890815292378999313e-03
8.731084432585967114e-03
8.591875987735616074e-03
8.486816639775974710e-03
8.426190319706690010e-03
8.415931544727301220e-03
8.457044506315396226e-03
8.545504772939029395e-03
8.672653229427099500e-03
8.826043691468743804e-03
8.990661224826322975e-03
9.150391911691124411e-03
9.289600193208765247e-03
9.394659386898648185e-03
9.455285561258320107e-03
9.465544198613168661e-03
9.424431107036961366e-03
9.335970717638138877e-03
9.208822145187227012e-03
9.055431573617407984e-03
8.890813936809034007e-03
8.731083152233703668e-03
8.591874778427273374e-03
8.486815497569530700e-03
8.426189240878690853e-03
8.415930525761141506e-03
8.457043543889496834e-03
8.545503863916007609e-03
8.672652370843806496e-03
8.826042880526305603e-03
8.990660458881324577e-03
9.150391188246700253e-03
9.289599509906680194e-03
9.394658741511494743e-03
9.455284951682390443e-03
9.465543622861241624e-03
9.424430563232309016e-03
9.335970204007996986e-03
9.208821660057394873e-03
9.055431115406369427e-03
8.890813504023077629e-03
8.731082743462155807e-03
8.591874392337562824e-03
8.486815132903103437e-03
8.426188896446848431e-03
8.415930200441006093e-03
8.457043236620652785e-03
8.545503573696796099e-03
8.672652096728175261e-03
8.826042621620806133e-03
8.990660214341880327e-03
9.150390957276289053e-03
9.289599291752362667e-03
9.394658535462126203e-03
9.455284757066322390e-03
9.465543439044047519e-03
9.424430389614758125e-03
9.335970040024193020e-03
9.208821505172678709e-03
9.055430969115879289e-03
8.890813365849943237e-03
8.731082612955855596e-03
8.591874269072775558e-03
8.486815016478004708e-03
8.426188786481906765e-03
8.415930096577843231e-03
8.457043138520626419e-03
8.545503481040116894e-03
8.672652009212800106e-03
8.826042538961395567e-03
8.990660136269111591e-03
9.150390883535614028e-03
9.289599222103431947e-03
9.394658469677847137e-03
9.455284694932166931e-03
9.465543380357616804e-03
9.424430334184734706e-03
9.335969987669820447e-03
9.208821455723435398e-03
9.055430922410529632e-03
8.890813321736256575e-03
8.731082571290012945e-03
8.591874229718901232e-03
8.486814979307784682e-03
8.426188751374158459e-03
8.415930063418123469e-03
8.457043107200794274e-03
