8.930136883749242166e-03
8.934631605163435158e-03
8.940628397618248166e-03
8.947536181353953413e-03
8.954674723255916235e-03
8.961341222636573511e-03
8.966879106091726198e-03
8.970742297311462207e-03
8.972548670668368392e-03
8.972117456173652611e-03
8.969486934343193565e-03
8.964910688876705225e-03
8.958832783963846871e-03
8.951844296035446624e-03
8.944625454934723024e-03
8.937879058133937904e-03
8.932261675876528723e-03
8.928319381364990467e-03
8.926434297171196089e-03
8.926787190279015030e-03
8.929339777216997037e-03
8.933838471377962206e-03
8.939839205711714795e-03
8.946750900972666107e-03
8.953893324547365640e-03
8.960563676236934019e-03
8.966105383113685129e-03
8.969972369332309195e-03
8.971782509718480292e-03
8.971355034725285449e-03
8.968728225299562457e-03
8.964155665561359190e-03
8.958081420110366316e-03
8.951096565777369798e-03
8.943881332795819428e-03
8.937138519018656899e-03
8.931524695060824581e-03
8.927585934487287933e-03
8.925704360223659511e-03
8.926060739599049956e-03
8.928616789478996396e-03
8.933118923585224233e-03
8.939123075188654122e-03
8.946038165357148020e-03
8.953183961783392486e-03
8.959857664567369775e-03
8.965402701073264466e-03
8.969272995740821749e-03
8.971086423674164839e-03
8.970662215598359385e-03
8.968038652725940363e-03
8.963469319436546609e-03
8.957398280583554750e-03
8.950416613245623654e-03
8.943204547898471121e-03
8.936464882631844214e-03
8.930854188292135579e-03
8.926918538670641778e-03
8.925040056914213329e-03
8.925399510568329461e-03
8.927958616710111525e-03
8.932463789268240903e-03
8.938470961716064866e-03
8.945389055319503957e-03
8.952537837964983855e-03
8.959214509942097296e-03
8.964762498800588758e-03
8.968635729161804696e-03
8.970452076307656661e-03
8.970030771137227354e-03
8.967410095033474457e-03
8.962843632542913733e-03
8.956775448682324087e-03
8.949796620690455076e-03
8.942587379199834832e-03
8.935850522453830588e-03
8.930242621449417662e-03
8.926309750125380540e-03
8.924434031773198842e-03
8.924796234080089111e-03
8.927358074262143131e-03
8.931865966384318692e-03
8.937875844053574936e-03
8.944796628666909846e-03
8.951948088239319867e-03
8.958627423186510397e-03
8.964178061182015780e-03
8.968053926968614850e-03
8.969872895947441499e-03
8.969454199134583791e-03
8.966836118027890143e-03
8.962272237286669774e-03
8.956206622038484499e-03
8.949230349630915224e-03
8.942023650803343840e-03
8.935289323904171618e-03
8.929683940033530942e-03
8.925753573231658133e-03
8.923880346889671855e-03
8.924245028792798795e-03
