8.963776255813309460e-03
8.991460769140107237e-03
9.016182053494772169e-03
9.035520217321246078e-03
9.047582306407491587e-03
9.051187599431730416e-03
9.045983185193803497e-03
9.032478508020294269e-03
9.011995499805584148e-03
8.986539180107090685e-03
8.958601390861860303e-03
8.930916877535034770e-03
8.906195593180512085e-03
8.886857429354124913e-03
8.874795340267950527e-03
8.871190047243458429e-03
8.876394461481338510e-03
8.889899138654998659e-03
8.910382146869627248e-03
8.935838466568101629e-03
8.963776255813297317e-03
8.991460769140282444e-03
9.016182053494883192e-03
9.035520217321246078e-03
9.047582306407387503e-03
9.051187599431721742e-03
9.045983185193661250e-03
9.032478508020268249e-03
9.011995499805669149e-03
8.986539180107269362e-03
8.958601390862040714e-03
8.930916877535294979e-03
8.906195593180671680e-03
8.886857429354293181e-03
8.874795340268023386e-03
8.871190047243519144e-03
8.876394461481584841e-03
8.889899138654958760e-03
8.910382146869736536e-03
8.935838466567952443e-03
8.963776255813236601e-03
8.991460769140152340e-03
9.016182053494718393e-03
9.035520217321112504e-03
9.047582306407338931e-03
9.051187599431980216e-03
9.045983185193895437e-03
9.032478508020231819e-03
9.011995499805766294e-03
8.986539180107310995e-03
8.958601390862035510e-03
8.930916877535324469e-03
8.906195593180697700e-03
8.886857429354225527e-03
8.874795340268287064e-03
8.871190047243638840e-03
8.876394461481605658e-03
8.889899138655125294e-03
8.910382146869635922e-03
8.935838466567968055e-03
8.963776255813333746e-03
8.991460769140093359e-03
9.016182053494699311e-03
9.035520217321374448e-03
9.047582306407547098e-03
9.051187599431792866e-03
9.045983185193812171e-03
9.032478508020266514e-03
9.011995499805580678e-03
8.986539180107189564e-03
8.958601390861931427e-03
8.930916877535088547e-03
8.906195593180555453e-03
8.886857429354171750e-03
8.874795340267875934e-03
8.871190047243441082e-03
8.876394461481281264e-03
8.889899138654858146e-03
8.910382146869634187e-03
8.935838466567943769e-03
8.963776255813236601e-03
8.991460769140089890e-03
9.016182053494650739e-03
9.035520217321119443e-03
9.047582306407295563e-03
9.051187599431690517e-03
9.045983185193808701e-03
9.032478508020557947e-03
9.011995499805540780e-03
8.986539180107241606e-03
8.958601390861945304e-03
8.930916877535062526e-03
8.906195593180371572e-03
8.886857429354064197e-03
8.874795340267841240e-03
8.871190047243500063e-03
8.876394461481420042e-03
8.889899138654901514e-03
8.910382146869729597e-03
8.935838466567985403e-03
