8.920621563178429345e-03
8.928422060634162716e-03
8.937428000865841118e-03
8.946757819692230385e-03
8.955498249438857694e-03
8.962793715941224856e-03
8.967930088104798456e-03
8.970404582032758325e-03
8.969974977016402160e-03
8.966683325786274292e-03
8.960851838097031591e-03
8.953051340592418916e-03
8.944045400316048833e-03
8.934715581448766930e-03
8.925975151664666124e-03
8.918679685128071133e-03
8.913543312933099039e-03
8.911068818976406944e-03
8.911498423966480315e-03
8.914790075172665529e-03
8.920621562840035101e-03
8.928422060324530188e-03
8.937428000582640572e-03
8.946757819433095657e-03
8.955498249201745281e-03
8.962793715724179724e-03
8.967930087906163944e-03
8.970404581850962775e-03
8.969974976850186160e-03
8.966683325634192819e-03
8.960851837957788807e-03
8.953051340465003477e-03
8.944045400199374801e-03
8.934715581341911433e-03
8.925975151566940477e-03
8.918679685038670424e-03
8.913543312851298153e-03
8.911068818901579647e-03
8.911498423897913634e-03
8.914790075109950071e-03
8.920621562782556774e-03
8.928422060271924698e-03
8.937428000534434341e-03
8.946757819389066640e-03
8.955498249161386939e-03
8.962793715687290830e-03
8.967930087872506839e-03
8.970404581820285925e-03
8.969974976822140886e-03
8.966683325608458197e-03
8.960851837934295447e-03
8.953051340443491171e-03
8.944045400179748140e-03
8.934715581324005618e-03
8.925975151550543871e-03
8.918679685023717107e-03
8.913543312837647614e-03
8.911068818889119128e-03
8.911498423886513032e-03
8.914790075099479280e-03
8.920621562773000182e-03
8.928422060263167814e-03
8.937428000526513594e-03
8.946757819381810292e-03
8.955498249154855706e-03
8.962793715681184603e-03
8.967930087866917560e-03
8.970404581815210124e-03
8.969974976817429377e-03
8.966683325604098836e-03
8.960851837930296909e-03
8.953051340439936723e-03
8.944045400176403593e-03
8.934715581320935157e-03
8.925975151547638209e-03
8.918679685021009204e-03
8.913543312835264104e-03
8.911068818886983683e-03
8.911498423884545855e-03
8.914790075097704658e-03
8.920621562771371277e-03
8.928422060261757484e-03
8.937428000525129285e-03
8.946757819380524862e-03
8.955498249153733339e-03
8.962793715680265200e-03
8.967930087866031116e-03
8.970404581814330619e-03
8.969974976816674772e-03
8.966683325603564542e-03
8.960851837929875371e-03
8.953051340439459674e-03
8.944045400175983790e-03
8.934715581320562192e-03
8.925975151547459532e-03
8.918679685020943285e-03
8.913543312835101040e-03
8.911068818886811946e-03
8.911498423884460854e-03
8.914790075097612718e-03
