5.205372052627375012e+01;2.225392184566331810e+00
5.231269426023531111e+01;2.317632649215430440e+00
5.257166799419687209e+01;2.393531010463119113e+00
5.283064172815843307e+01;2.445657807895532443e+00
5.308961546211999405e+01;2.468910507391194553e+00
5.334858919608155503e+01;2.461012972712395275e+00
5.360756293004311601e+01;2.422738269578839088e+00
5.386653666400467699e+01;2.357832992608811296e+00
5.412551039796623797e+01;2.272650522533782080e+00
5.438448413192779896e+01;2.175529113025828742e+00
5.464345786588935994e+01;2.075975684332286519e+00
5.490243159985092092e+01;1.983735219683184114e+00
5.516140533381248190e+01;1.907836858435477456e+00
5.542037906777404288e+01;1.855710061003081890e+00
5.567935280173560386e+01;1.832457361507418447e+00
5.593832653569716484e+01;1.840354896186232825e+00
5.619730026965872582e+01;1.878629599319765697e+00
5.645627400362028681e+01;1.943534876289756186e+00
5.671524773758184779e+01;2.028717346364849572e+00
5.697422147154340877e+01;2.125838755872774488e+00
5.723319520550496975e+01;2.225392184566324261e+00
5.749216893946653073e+01;2.317632649215416674e+00
5.775114267342809171e+01;2.393531010463127995e+00
5.801011640738965269e+01;2.445657807895522229e+00
5.826909014135121367e+01;2.468910507391175013e+00
5.852806387531277466e+01;2.461012972712373514e+00
5.878703760927433564e+01;2.422738269578823544e+00
5.904601134323589662e+01;2.357832992608801082e+00
5.930498507719745760e+01;2.272650522533768314e+00
5.956395881115901858e+01;2.175529113025822525e+00
5.982293254512057956e+01;2.075975684332268756e+00
6.008190627908214054e+01;1.983735219683169682e+00
6.034088001304370152e+01;1.907836858435485228e+00
6.059985374700526251e+01;1.855710061003088995e+00
6.085882748096682349e+01;1.832457361507402682e+00
6.111780121492838447e+01;1.840354896186211064e+00
6.137677494888994545e+01;1.878629599319768806e+00
6.163574868285150643e+01;1.943534876289801705e+00
6.189472241681306741e+01;2.028717346364824259e+00
6.215369615077462839e+01;2.125838755872788699e+00
6.241266988473618937e+01;2.225392184566333587e+00
6.267164361869775036e+01;2.317632649215428220e+00
6.293061735265931134e+01;2.393531010463149755e+00
6.318959108662087232e+01;2.445657807895555091e+00
6.344856482058243330e+01;2.468910507391210984e+00
6.370753855454399428e+01;2.461012972712397495e+00
6.396651228850555526e+01;2.422738269578836867e+00
6.422548602246710914e+01;2.357832992608808187e+00
6.448445975642866301e+01;2.272650522533770978e+00
6.474343349039021689e+01;2.175529113025837624e+00
6.500240722435177076e+01;2.075975684332286519e+00
6.526138095831332464e+01;1.983735219683194106e+00
6.552035469227487852e+01;1.907836858435472127e+00
6.577932842623643239e+01;1.855710061003055245e+00
6.603830216019798627e+01;1.832457361507398019e+00
6.629727589415954014e+01;1.840354896186195521e+00
6.655624962812109402e+01;1.878629599319747490e+00
6.681522336208264790e+01;1.943534876289761959e+00
6.707419709604420177e+01;2.028717346364814489e+00
6.733317083000575565e+01;2.125838755872755392e+00
6.759214456396730952e+01;2.225392184566286513e+00
6.785111829792886340e+01;2.317632649215366492e+00
6.811009203189041727e+01;2.393531010463100461e+00
6.836906576585197115e+01;2.445657807895518676e+00
6.862803949981352503e+01;2.468910507391173237e+00
6.888701323377507890e+01;2.461012972712393498e+00
6.914598696773663278e+01;2.422738269578860848e+00
6.940496070169818665e+01;2.357832992608859701e+00
6.966393443565974053e+01;2.272650522533835371e+00
6.992290816962129441e+01;2.175529113025882033e+00
7.018188190358284828e+01;2.075975684332361570e+00
7.044085563754440216e+01;1.983735219683255835e+00
7.069982937150595603e+01;1.907836858435502547e+00
7.095880310546750991e+01;1.855710061003109423e+00
7.121777683942906378e+01;1.832457361507427107e+00
7.147675057339061766e+01;1.840354896186188194e+00
7.173572430735217154e+01;1.878629599319723731e+00
7.199469804131372541e+01;1.943534876289724211e+00
7.225367177527527929e+01;2.028717346364751872e+00
7.251264550923683316e+01;2.125838755872710539e+00
7.277161924319838704e+01;2.225392184566272746e+00
7.303059297715994092e+01;2.317632649215369156e+00
7.328956671112149479e+01;2.393531010463085806e+00
7.354854044508304867e+01;2.445657807895502245e+00
7.380751417904460254e+01;2.468910507391169684e+00
7.406648791300615642e+01;2.461012972712405489e+00
7.432546164696771029e+01;2.422738269578879056e+00
7.458443538092926417e+01;2.357832992608870359e+00
7.484340911489081805e+01;2.272650522533874451e+00
7.510238284885237192e+01;2.175529113025928662e+00
7.536135658281392580e+01;2.075975684332388660e+00
7.562033031677547967e+01;1.983735219683272932e+00
7.587930405073703355e+01;1.907836858435565164e+00
7.613827778469858742e+01;1.855710061003118971e+00
7.639725151866014130e+01;1.832457361507419336e+00
7.665622525262169518e+01;1.840354896186181533e+00
7.691519898658324905e+01;1.878629599319677546e+00
7.717417272054480293e+01;1.943534876289690905e+00
7.743314645450635680e+01;2.028717346364689256e+00
7.769212018846791068e+01;2.125838755872661689e+00
7.795109392242946456e+01;2.225392184566203468e+00
7.821006765639101843e+01;2.317632649215309648e+00
7.846904139035257231e+01;2.393531010463036512e+00
7.872801512431412618e+01;2.445657807895460945e+00
7.898698885827568006e+01;2.468910507391173681e+00
7.924596259223723393e+01;2.461012972712423252e+00
7.950493632619878781e+01;2.422738269578923020e+00
7.976391006016034169e+01;2.357832992608925426e+00
8.002288379412189556e+01;2.272650522533910866e+00
8.028185752808344944e+01;2.175529113025978845e+00
8.054083126204500331e+01;2.075975684332417082e+00
8.079980499600655719e+01;1.983735219683313122e+00
8.105877872996811107e+01;1.907836858435564498e+00
8.131775246392966494e+01;1.855710061003132516e+00
8.157672619789121882e+01;1.832457361507419558e+00
8.183569993185277269e+01;1.840354896186167544e+00
8.209467366581432657e+01;1.878629599319651788e+00
8.235364739977588044e+01;1.943534876289648050e+00
8.261262113373743432e+01;2.028717346364637741e+00
8.287159486769898820e+01;2.125838755872562214e+00
8.313056860166054207e+01;2.225392184566139964e+00
8.338954233562209595e+01;2.317632649215267460e+00
8.364851606958364982e+01;2.393531010463019193e+00
8.390748980354520370e+01;2.445657807895443625e+00
8.416646353750675758e+01;2.468910507391174569e+00
8.442543727146831145e+01;2.461012972712426361e+00
8.468441100542986533e+01;2.422738269578949666e+00
8.494338473939141920e+01;2.357832992608968947e+00
8.520235847335297308e+01;2.272650522533948170e+00
8.546133220731452695e+01;2.175529113026035688e+00
8.572030594127608083e+01;2.075975684332483251e+00
8.597927967523763471e+01;1.983735219683358642e+00
8.623825340919918858e+01;1.907836858435618010e+00
8.649722714316074246e+01;1.855710061003177147e+00
8.675620087712229633e+01;1.832457361507425775e+00
8.701517461108385021e+01;1.840354896186155331e+00
8.727414834504540408e+01;1.878629599319637800e+00
8.753312207900695796e+01;1.943534876289608304e+00
8.779209581296851184e+01;2.028717346364600882e+00
8.805106954693006571e+01;2.125838755872528907e+00
8.831004328089161959e+01;2.225392184566055587e+00
8.856901701485317346e+01;2.317632649215206175e+00
8.882799074881472734e+01;2.393531010462975672e+00
8.908696448277628122e+01;2.445657807895431635e+00
8.934593821673783509e+01;2.468910507391193665e+00
8.960491195069938897e+01;2.461012972712450342e+00
8.986388568466094284e+01;2.422738269578983861e+00
9.012285941862249672e+01;2.357832992608987599e+00
9.038183315258405059e+01;2.272650522534001460e+00
9.064080688654560447e+01;2.175529113026080541e+00
9.089978062050715835e+01;2.075975684332540538e+00
9.115875435446871222e+01;1.983735219683395945e+00
9.141772808843026610e+01;1.907836858435639327e+00
9.167670182239181997e+01;1.855710061003170486e+00
9.193567555635337385e+01;1.832457361507425331e+00
9.219464929031492773e+01;1.840354896186160882e+00
9.245362302427648160e+01;1.878629599319616483e+00
9.271259675823803548e+01;1.943534876289565450e+00
9.297157049219958935e+01;2.028717346364572460e+00
9.323054422616114323e+01;2.125838755872503594e+00
9.348951796012269710e+01;2.225392184566032938e+00
9.374849169408425098e+01;2.317632649215155549e+00
9.400746542804580486e+01;2.393531010462950359e+00
9.426643916200735873e+01;2.445657807895411207e+00
9.452541289596891261e+01;2.468910507391160802e+00
9.478438662993046648e+01;2.461012972712452562e+00
9.504336036389202036e+01;2.422738269579026937e+00
9.530233409785357424e+01;2.357832992609055545e+00
9.556130783181512811e+01;2.272650522534067630e+00
9.582028156577668199e+01;2.175529113026154704e+00
9.607925529973823586e+01;2.075975684332584503e+00
9.633822903369978974e+01;1.983735219683456119e+00
9.659720276766134361e+01;1.907836858435689731e+00
9.685617650162289749e+01;1.855710061003184697e+00
9.711515023558445137e+01;1.832457361507432436e+00
9.737412396954600524e+01;1.840354896186126687e+00
9.763309770350755912e+01;1.878629599319592502e+00
9.789207143746911299e+01;1.943534876289525481e+00
9.815104517143066687e+01;2.028717346364521834e+00
9.841001890539222074e+01;2.125838755872430319e+00
9.866899263935377462e+01;2.225392184565997855e+00
9.892796637331532850e+01;2.317632649215115581e+00
9.918694010727688237e+01;2.393531010462908615e+00
9.944591384123843625e+01;2.445657807895401881e+00
9.970488757519999012e+01;2.468910507391151921e+00
9.996386130916154400e+01;2.461012972712490754e+00
1.002228350431230979e+02;2.422738269579038040e+00
1.004818087770846518e+02;2.357832992609111500e+00
1.007407825110462056e+02;2.272650522534127138e+00
1.009997562450077595e+02;2.175529113026201333e+00
1.012587299789693134e+02;2.075975684332619586e+00
1.015177037129308673e+02;1.983735219683506745e+00
1.017766774468924211e+02;1.907836858435705052e+00
1.020356511808539750e+02;1.855710061003226663e+00
1.022946249148155289e+02;1.832457361507452864e+00
1.025535986487770828e+02;1.840354896186111366e+00
1.028125723827386366e+02;1.878629599319560528e+00
1.030715461167001905e+02;1.943534876289504831e+00
1.033305198506617444e+02;2.028717346364464547e+00
1.035894935846232983e+02;2.125838755872368147e+00
