1.005000000000000560e+00;2.146854933669746224e+00
1.010000000000000453e+00;2.148393005278044221e+00
1.015000000000000346e+00;2.150155329699914297e+00
1.020000000000000240e+00;2.151969398297472580e+00
1.025000000000000133e+00;2.153657637355223198e+00
1.030000000000000027e+00;2.155054790232374007e+00
1.034999999999999920e+00;2.156024093834101318e+00
1.039999999999999813e+00;2.156470665935974917e+00
1.044999999999999707e+00;2.156350792917030912e+00
1.049999999999999600e+00;2.155676208753433354e+00
1.054999999999999494e+00;2.154512946414994357e+00
1.059999999999999387e+00;2.152974874097877134e+00
1.064999999999999281e+00;2.151212549012100794e+00
1.069999999999999174e+00;2.149398479792708372e+00
1.074999999999999067e+00;2.147710240152531203e+00
1.079999999999998961e+00;2.146313086729859876e+00
1.084999999999998854e+00;2.145343782617183059e+00
1.089999999999998748e+00;2.144897210036734503e+00
1.094999999999998641e+00;2.145017082607431291e+00
1.099999999999998535e+00;2.145691666351179805e+00
1.104999999999998428e+00;2.146854928296376475e+00
1.109999999999998321e+00;2.148393000245162110e+00
1.114999999999998215e+00;2.150155324985952632e+00
1.119999999999998108e+00;2.151969393882222636e+00
1.124999999999998002e+00;2.153657633219747680e+00
1.129999999999997895e+00;2.155054786358950203e+00
1.134999999999997788e+00;2.156024090206112742e+00
1.139999999999997682e+00;2.156470662537881555e+00
1.144999999999997575e+00;2.156350789734261308e+00
1.149999999999997469e+00;2.155676205772340204e+00
1.154999999999997362e+00;2.154512943622796772e+00
1.159999999999997256e+00;2.152974871482611352e+00
1.164999999999997149e+00;2.151212546562558448e+00
1.169999999999997042e+00;2.149398477498380533e+00
1.174999999999996936e+00;2.147710238003592398e+00
1.179999999999996829e+00;2.146313084717091257e+00
1.184999999999996723e+00;2.145343780731954642e+00
1.189999999999996616e+00;2.144897208270966971e+00
1.194999999999996509e+00;2.145017080953546706e+00
1.199999999999996403e+00;2.145691664802095833e+00
1.204999999999996296e+00;2.146854926845449985e+00
1.209999999999996190e+00;2.148392998886181626e+00
1.214999999999996083e+00;2.150155323713081934e+00
1.219999999999995977e+00;2.151969392690011418e+00
1.224999999999995870e+00;2.153657632103095576e+00
1.229999999999995763e+00;2.155054785313057053e+00
1.234999999999995657e+00;2.156024089226498131e+00
1.239999999999995550e+00;2.156470661620332407e+00
1.244999999999995444e+00;2.156350788874854096e+00
1.249999999999995337e+00;2.155676204967398313e+00
1.254999999999995230e+00;2.154512942868864744e+00
1.259999999999995124e+00;2.152974870776456218e+00
1.264999999999995017e+00;2.151212545901146189e+00
1.269999999999994911e+00;2.149398476878885411e+00
1.274999999999994804e+00;2.147710237423347213e+00
1.279999999999994698e+00;2.146313084173614438e+00
1.284999999999994591e+00;2.145343780222914720e+00
1.289999999999994484e+00;2.144897207794179916e+00
1.294999999999994378e+00;2.145017080506975482e+00
1.299999999999994271e+00;2.145691664383818420e+00
1.304999999999994165e+00;2.146854926453685142e+00
1.309999999999994058e+00;2.148392998519238706e+00
1.314999999999993952e+00;2.150155323369392857e+00
1.319999999999993845e+00;2.151969392368092038e+00
1.324999999999993738e+00;2.153657631801565664e+00
1.329999999999993632e+00;2.155054785030640740e+00
1.334999999999993525e+00;2.156024088961978613e+00
1.339999999999993419e+00;2.156470661372579922e+00
1.344999999999993312e+00;2.156350788642805050e+00
1.349999999999993205e+00;2.155676204750049507e+00
1.354999999999993099e+00;2.154512942665291586e+00
1.359999999999992992e+00;2.152974870585779410e+00
1.364999999999992886e+00;2.151212545722553493e+00
1.369999999999992779e+00;2.149398476711608108e+00
1.374999999999992673e+00;2.147710237266670763e+00
1.379999999999992566e+00;2.146313084026866935e+00
1.384999999999992459e+00;2.145343780085464669e+00
1.389999999999992353e+00;2.144897207665444672e+00
1.394999999999992246e+00;2.145017080386398156e+00
1.399999999999992140e+00;2.145691664270885646e+00
1.404999999999992033e+00;2.146854926347901760e+00
1.409999999999991926e+00;2.148392998420160183e+00
1.414999999999991820e+00;2.150155323276593311e+00
1.419999999999991713e+00;2.151969392281171789e+00
1.424999999999991607e+00;2.153657631720150789e+00
1.429999999999991500e+00;2.155054784954383962e+00
1.434999999999991394e+00;2.156024088890556634e+00
1.439999999999991287e+00;2.156470661305685876e+00
1.444999999999991180e+00;2.156350788580146283e+00
1.449999999999991074e+00;2.155676204691362674e+00
1.454999999999990967e+00;2.154512942610315562e+00
1.459999999999990861e+00;2.152974870534295260e+00
1.464999999999990754e+00;2.151212545674329846e+00
1.469999999999990647e+00;2.149398476666442015e+00
1.474999999999990541e+00;2.147710237224366825e+00
1.479999999999990434e+00;2.146313083987236858e+00
1.484999999999990328e+00;2.145343780048343252e+00
1.489999999999990221e+00;2.144897207630673375e+00
1.494999999999990115e+00;2.145017080353831762e+00
1.499999999999990008e+00;2.145691664240381602e+00
1.504999999999989901e+00;2.146854926319330836e+00
1.509999999999989795e+00;2.148392998393404252e+00
1.514999999999989688e+00;2.150155323251527584e+00
1.519999999999989582e+00;2.151969392257699010e+00
1.524999999999989475e+00;2.153657631698167041e+00
1.529999999999989369e+00;2.155054784933784440e+00
1.534999999999989262e+00;2.156024088871259625e+00
1.539999999999989155e+00;2.156470661287609225e+00
1.544999999999989049e+00;2.156350788563217158e+00
1.549999999999988942e+00;2.155676204675507357e+00
1.554999999999988836e+00;2.154512942595470992e+00
1.559999999999988729e+00;2.152974870520385942e+00
1.564999999999988622e+00;2.151212545661306041e+00
1.569999999999988516e+00;2.149398476654243773e+00
1.574999999999988409e+00;2.147710237212943518e+00
1.579999999999988303e+00;2.146313083976541858e+00
1.584999999999988196e+00;2.145343780038328596e+00
1.589999999999988090e+00;2.144897207621287105e+00
1.594999999999987983e+00;2.145017080345038352e+00
1.599999999999987876e+00;2.145691664232143303e+00
1.604999999999987770e+00;2.146854926311620115e+00
1.609999999999987663e+00;2.148392998386177588e+00
1.614999999999987557e+00;2.150155323244765437e+00
1.619999999999987450e+00;2.151969392251365853e+00
1.624999999999987343e+00;2.153657631692235341e+00
1.629999999999987237e+00;2.155054784928231104e+00
1.634999999999987130e+00;2.156024088866066890e+00
1.639999999999987024e+00;2.156470661282741563e+00
1.644999999999986917e+00;2.156350788558656362e+00
1.649999999999986811e+00;2.155676204671236107e+00
1.654999999999986704e+00;2.154512942591465752e+00
1.659999999999986597e+00;2.152974870516628059e+00
1.664999999999986491e+00;2.151212545657786190e+00
1.669999999999986384e+00;2.149398476650948187e+00
1.674999999999986278e+00;2.147710237209853545e+00
1.679999999999986171e+00;2.146313083973643732e+00
1.684999999999986064e+00;2.145343780035619208e+00
1.689999999999985958e+00;2.144897207618755353e+00
1.694999999999985851e+00;2.145017080342663807e+00
1.699999999999985745e+00;2.145691664229920192e+00
1.704999999999985638e+00;2.146854926309532896e+00
1.709999999999985532e+00;2.148392998384220931e+00
1.714999999999985425e+00;2.150155323242927796e+00
1.719999999999985318e+00;2.151969392249643231e+00
1.724999999999985212e+00;2.153657631690612639e+00
1.729999999999985105e+00;2.155054784926711875e+00
1.734999999999984999e+00;2.156024088864640920e+00
1.739999999999984892e+00;2.156470661281408407e+00
1.744999999999984786e+00;2.156350788557407583e+00
1.749999999999984679e+00;2.155676204670065932e+00
1.754999999999984572e+00;2.154512942590379065e+00
1.759999999999984466e+00;2.152974870515619088e+00
1.764999999999984359e+00;2.151212545656838948e+00
1.769999999999984253e+00;2.149398476650060008e+00
1.774999999999984146e+00;2.147710237209017325e+00
1.779999999999984039e+00;2.146313083972863911e+00
1.784999999999983933e+00;2.145343780034888681e+00
1.789999999999983826e+00;2.144897207618073232e+00
1.794999999999983720e+00;2.145017080342027427e+00
1.799999999999983613e+00;2.145691664229326889e+00
1.804999999999983507e+00;2.146854926308983114e+00
1.809999999999983400e+00;2.148392998383705343e+00
1.814999999999983293e+00;2.150155323242445515e+00
1.819999999999983187e+00;2.151969392249192037e+00
1.824999999999983080e+00;2.153657631690195640e+00
1.829999999999982974e+00;2.155054784926324185e+00
1.834999999999982867e+00;2.156024088864274546e+00
1.839999999999982760e+00;2.156470661281068235e+00
1.844999999999982654e+00;2.156350788557089171e+00
1.849999999999982547e+00;2.155676204669766172e+00
1.854999999999982441e+00;2.154512942590093960e+00
1.859999999999982334e+00;2.152974870515351302e+00
1.864999999999982228e+00;2.151212545656590702e+00
1.869999999999982121e+00;2.149398476649833523e+00
1.874999999999982014e+00;2.147710237208809048e+00
1.879999999999981908e+00;2.146313083972668956e+00
1.884999999999981801e+00;2.145343780034704384e+00
1.889999999999981695e+00;2.144897207617897816e+00
1.894999999999981588e+00;2.145017080341867555e+00
1.899999999999981481e+00;2.145691664229174123e+00
1.904999999999981375e+00;2.146854926308828571e+00
1.909999999999981268e+00;2.148392998383559682e+00
1.914999999999981162e+00;2.150155323242307404e+00
1.919999999999981055e+00;2.151969392249063695e+00
1.924999999999980949e+00;2.153657631690077956e+00
1.929999999999980842e+00;2.155054784926212719e+00
1.934999999999980735e+00;2.156024088864167521e+00
1.939999999999980629e+00;2.156470661280971868e+00
1.944999999999980522e+00;2.156350788557003462e+00
1.949999999999980416e+00;2.155676204669684903e+00
1.954999999999980309e+00;2.154512942590018021e+00
1.959999999999980203e+00;2.152974870515276251e+00
1.964999999999980096e+00;2.151212545656518760e+00
1.969999999999979989e+00;2.149398476649761580e+00
1.974999999999979883e+00;2.147710237208738882e+00
1.979999999999979776e+00;2.146313083972601898e+00
1.984999999999979670e+00;2.145343780034634218e+00
1.989999999999979563e+00;2.144897207617831203e+00
1.994999999999979456e+00;2.145017080341801385e+00
1.999999999999979350e+00;2.145691664229111950e+00
