3.746231688916500602e+00;8.959746633296296683e-03
3.764869657518075119e+00;8.959761373766722548e-03
3.783507626119649636e+00;8.959778177344937186e-03
3.802145594721224153e+00;8.959795426766493237e-03
3.820783563322798670e+00;8.959811495237935547e-03
3.839421531924373188e+00;8.959824882705474600e-03
3.858059500525947705e+00;8.959834336039378469e-03
3.876697469127522222e+00;8.959838950778552594e-03
3.895335437729096739e+00;8.959838251847427812e-03
3.913973406330671256e+00;8.959832248347468497e-03
3.932611374932245774e+00;8.959821454545957922e-03
3.951249343533820291e+00;8.959806867432015820e-03
3.969887312135394808e+00;8.959789892658881830e-03
3.988525280736969325e+00;8.959772216650179963e-03
4.007163249338543842e+00;8.959755632809743645e-03
4.025801217940118804e+00;8.959741841642462554e-03
4.044439186541693765e+00;8.959732253927418788e-03
4.063077155143268726e+00;8.959727828687530718e-03
4.081715123744843687e+00;8.959728971673588949e-03
4.100353092346418649e+00;8.959735507154632447e-03
4.118991060947993610e+00;8.959746720604472997e-03
4.137629029549568571e+00;8.959761457560364711e-03
4.156266998151143532e+00;8.959778257760810799e-03
4.174904966752718494e+00;8.959795503939107023e-03
4.193542935354293455e+00;8.959811569299138898e-03
4.212180903955868416e+00;8.959824953784200838e-03
4.230818872557443378e+00;8.959834404261197288e-03
4.249456841159018339e+00;8.959839016265071579e-03
4.268094809760593300e+00;8.959838314715711308e-03
4.286732778362168261e+00;8.959832308709536272e-03
4.305370746963743223e+00;8.959821512508302915e-03
4.324008715565318184e+00;8.959806923095260667e-03
4.342646684166893145e+00;8.959789946117697329e-03
4.361284652768468106e+00;8.959772267993298955e-03
4.379922621370043068e+00;8.959755682120280201e-03
4.398560589971618029e+00;8.959741888998428924e-03
4.417198558573192990e+00;8.959732299402403677e-03
4.435836527174767951e+00;8.959727872351415726e-03
4.454474495776342913e+00;8.959729013593358687e-03
4.473112464377917874e+00;8.959735547394993838e-03
4.491750432979492835e+00;8.959746759228356602e-03
4.510388401581067797e+00;8.959761494629459033e-03
4.529026370182642758e+00;8.959778293335662891e-03
4.547664338784217719e+00;8.959795538079132898e-03
4.566302307385792680e+00;8.959811602062705063e-03
4.584940275987367642e+00;8.959824985228372757e-03
4.603578244588942603e+00;8.959834434441539888e-03
4.622216213190517564e+00;8.959839045235385574e-03
4.640854181792092525e+00;8.959838342527764316e-03
4.659492150393667487e+00;8.959832335412847709e-03
4.678130118995242448e+00;8.959821538150039913e-03
4.696768087596817409e+00;8.959806947719918882e-03
4.715406056198392371e+00;8.959789969767161660e-03
4.734044024799967332e+00;8.959772290706791500e-03
4.752681993401542293e+00;8.959755703934620466e-03
4.771319962003117254e+00;8.959741909948084129e-03
4.789957930604692216e+00;8.959732319519953664e-03
4.808595899206267177e+00;8.959727891667768063e-03
4.827233867807842138e+00;8.959729032138130309e-03
4.845871836409417099e+00;8.959735565196814619e-03
4.864509805010992061e+00;8.959746776315070591e-03
4.883147773612567022e+00;8.959761511028396797e-03
4.901785742214141983e+00;8.959778309073563457e-03
4.920423710815716944e+00;8.959795553182336308e-03
4.939061679417291906e+00;8.959811616556973696e-03
4.957699648018866867e+00;8.959824999138976329e-03
4.976337616620441828e+00;8.959834447792993511e-03
4.994975585222016790e+00;8.959839058051482716e-03
5.013613553823591751e+00;8.959838354831443225e-03
5.032251522425166712e+00;8.959832347226047433e-03
5.050889491026741673e+00;8.959821549493566725e-03
5.069527459628316635e+00;8.959806958613498323e-03
5.088165428229891596e+00;8.959789980229355272e-03
5.106803396831466557e+00;8.959772300754943047e-03
5.125441365433041518e+00;8.959755713584982573e-03
5.144079334034616480e+00;8.959741919216016037e-03
5.162717302636191441e+00;8.959732328419763372e-03
5.181355271237766402e+00;8.959727900213151214e-03
5.199993239839341364e+00;8.959729040342184064e-03
5.218631208440916325e+00;8.959735573072155623e-03
5.237269177042491286e+00;8.959746783874086504e-03
5.255907145644066247e+00;8.959761518283091905e-03
5.274545114245641209e+00;8.959778316035855311e-03
5.293183082847216170e+00;8.959795559863830208e-03
5.311821051448791131e+00;8.959811622969134429e-03
5.330459020050366092e+00;8.959825005292926942e-03
5.349096988651941054e+00;8.959834453699629803e-03
5.367734957253516015e+00;8.959839063721313640e-03
5.386372925855090976e+00;8.959838360274592628e-03
5.405010894456665937e+00;8.959832352452217624e-03
5.423648863058240899e+00;8.959821554511960412e-03
5.442286831659815860e+00;8.959806963432780449e-03
5.460924800261390821e+00;8.959789984857732814e-03
5.479562768862965783e+00;8.959772305200165016e-03
5.498200737464540744e+00;8.959755717854246335e-03
5.516838706066115705e+00;8.959741923315963849e-03
5.535476674667690666e+00;8.959732332356867487e-03
5.554114643269265628e+00;8.959727903993458878e-03
5.572752611870840589e+00;8.959729043971499662e-03
5.591390580472415550e+00;8.959735576556073638e-03
5.610028549073990511e+00;8.959746787218034886e-03
5.628666517675565473e+00;8.959761521492411868e-03
5.647304486277140434e+00;8.959778319115735412e-03
5.665942454878715395e+00;8.959795562819505843e-03
5.684580423480290357e+00;8.959811625805573845e-03
5.703218392081865318e+00;8.959825008015131348e-03
5.721856360683440279e+00;8.959834456312407852e-03
5.740494329285015240e+00;8.959839066229312657e-03
5.759132297886590202e+00;8.959838362682322893e-03
5.777770266488165163e+00;8.959832354763958701e-03
5.796408235089740124e+00;8.959821556731811451e-03
5.815046203691315085e+00;8.959806965564602946e-03
5.833684172292890047e+00;8.959789986905107237e-03
5.852322140894465008e+00;8.959772307166513974e-03
5.870960109496039969e+00;8.959755719742739169e-03
5.889598078097614930e+00;8.959741925129615508e-03
5.908236046699189892e+00;8.959732334098467407e-03
5.926874015300764853e+00;8.959727905665675063e-03
5.945511983902339814e+00;8.959729045576899503e-03
5.964149952503914776e+00;8.959735578097149933e-03
5.982787921105489737e+00;8.959746788697205838e-03
6.001425889707064698e+00;8.959761522912064458e-03
6.020063858308639659e+00;8.959778320478211516e-03
6.038701826910214621e+00;8.959795564127008560e-03
6.057339795511789582e+00;8.959811627060406888e-03
6.075977764113364543e+00;8.959825009219430161e-03
6.094615732714939504e+00;8.959834457468287064e-03
6.113253701316514466e+00;8.959839067338878221e-03
6.131891669918089427e+00;8.959838363747524639e-03
6.150529638519664388e+00;8.959832355786706559e-03
6.169167607121239350e+00;8.959821557713862697e-03
6.187805575722814311e+00;8.959806966507728732e-03
6.206443544324389272e+00;8.959789987810912182e-03
6.225081512925964233e+00;8.959772308036448307e-03
6.243719481527539195e+00;8.959755720578260058e-03
6.262357450129114156e+00;8.959741925932027465e-03
6.280995418730689117e+00;8.959732334869024636e-03
6.299633387332264078e+00;8.959727906405567585e-03
6.318271355933839040e+00;8.959729046287241011e-03
6.336909324535414001e+00;8.959735578779061058e-03
6.355547293136988962e+00;8.959746789351696189e-03
6.374185261738563923e+00;8.959761523540183542e-03
6.392823230340138885e+00;8.959778321081017516e-03
6.411461198941713846e+00;8.959795564705535370e-03
6.430099167543288807e+00;8.959811627615601667e-03
6.448737136144863769e+00;8.959825009752269559e-03
6.467375104746438730e+00;8.959834457979735586e-03
6.486013073348013691e+00;8.959839067829839659e-03
6.504651041949588652e+00;8.959838364218885437e-03
6.523289010551163614e+00;8.959832356239275097e-03
6.541926979152738575e+00;8.959821558148461235e-03
6.560564947754313536e+00;8.959806966925066771e-03
6.579202916355888497e+00;8.959789988211695755e-03
6.597840884957463459e+00;8.959772308421359160e-03
6.616478853559038420e+00;8.959755720947896671e-03
6.635116822160613381e+00;8.959741926287035155e-03
6.653754790762188343e+00;8.959732335209915147e-03
6.672392759363763304e+00;8.959727906732894293e-03
6.691030727965338265e+00;8.959729046601479230e-03
6.709668696566913226e+00;8.959735579080713858e-03
6.728306665168488188e+00;8.959746789641270109e-03
6.746944633770063149e+00;8.959761523818129611e-03
6.765582602371638110e+00;8.959778321347713903e-03
6.784220570973213071e+00;8.959795564961434838e-03
6.802858539574788033e+00;8.959811627861181266e-03
6.821496508176362994e+00;8.959825009987966438e-03
6.840134476777937955e+00;8.959834458205934854e-03
6.858772445379512916e+00;8.959839068046912547e-03
6.877410413981087878e+00;8.959838364427279503e-03
6.896048382582662839e+00;8.959832356439344225e-03
6.914686351184237800e+00;8.959821558340567982e-03
6.933324319785812762e+00;8.959806967109558082e-03
6.951962288387387723e+00;8.959789988388913370e-03
6.970600256988962684e+00;8.959772308591556350e-03
6.989238225590537645e+00;8.959755721111396093e-03
7.007876194192112607e+00;8.959741926444041507e-03
7.026514162793687568e+00;8.959732335360690372e-03
7.045152131395262529e+00;8.959727906877639619e-03
7.063790099996837490e+00;8.959729046740489561e-03
7.082428068598412452e+00;8.959735579214095011e-03
7.101066037199987413e+00;8.959746789769277089e-03
7.119704005801562374e+00;8.959761523940998340e-03
7.138341974403137336e+00;8.959778321465638670e-03
7.156979943004712297e+00;8.959795565074623810e-03
7.175617911606287258e+00;8.959811627969790568e-03
7.194255880207862219e+00;8.959825010092178216e-03
7.212893848809437181e+00;8.959834458305974622e-03
7.231531817411012142e+00;8.959839068142960716e-03
7.250169786012587103e+00;8.959838364519459239e-03
7.268807754614162064e+00;8.959832356527868899e-03
7.287445723215737026e+00;8.959821558425572902e-03
7.306083691817311987e+00;8.959806967191162944e-03
7.324721660418886948e+00;8.959789988467253483e-03
7.343359629020461909e+00;8.959772308666845084e-03
7.361997597622036871e+00;8.959755721183692428e-03
7.380635566223611832e+00;8.959741926513456467e-03
7.399273534825186793e+00;8.959732335427355795e-03
7.417911503426761755e+00;8.959727906941652650e-03
7.436549472028336716e+00;8.959729046801907446e-03
7.455187440629911677e+00;8.959735579273099895e-03
