1.005000000000000560e+00;8.959706577753110551e-03
1.010000000000000453e+00;8.959712143479814719e-03
1.015000000000000346e+00;8.959718567241618456e-03
1.020000000000000240e+00;8.959725293627636075e-03
1.025000000000000133e+00;8.959731747097831808e-03
1.030000000000000027e+00;8.959737382692834623e-03
1.034999999999999920e+00;8.959741732135905953e-03
1.039999999999999813e+00;8.959744443443247788e-03
1.044999999999999707e+00;8.959745312403819689e-03
1.049999999999999600e+00;8.959744303953499911e-03
1.054999999999999494e+00;8.959741560929608550e-03
1.059999999999999387e+00;8.959737397477209736e-03
1.064999999999999281e+00;8.959732275017234446e-03
1.069999999999999174e+00;8.959726760501789469e-03
1.074999999999999067e+00;8.959721469574410957e-03
1.079999999999998961e+00;8.959717000585513264e-03
1.084999999999998854e+00;8.959713868126257738e-03
1.089999999999998748e+00;8.959712445757106458e-03
1.094999999999998641e+00;8.959712926334193264e-03
1.099999999999998535e+00;8.959715305038489300e-03
1.104999999999998428e+00;8.959719385922229606e-03
1.109999999999998321e+00;8.959724808846523253e-03
1.114999999999998215e+00;8.959731091140094028e-03
1.119999999999998108e+00;8.959737677536680142e-03
1.124999999999998002e+00;8.959743992641100441e-03
1.129999999999997895e+00;8.959749491624849696e-03
1.134999999999997788e+00;8.959753706316147051e-03
1.139999999999997682e+00;8.959756284800694456e-03
1.144999999999997575e+00;8.959757022894624182e-03
1.149999999999997469e+00;8.959755885515029161e-03
1.154999999999997362e+00;8.959753015434250220e-03
1.159999999999997256e+00;8.959748726690005063e-03
1.164999999999997149e+00;8.959743480561690315e-03
1.169999999999997042e+00;8.959737843837750279e-03
1.174999999999996936e+00;8.959732431991206461e-03
1.179999999999996829e+00;8.959727843211744147e-03
1.184999999999996723e+00;8.959724591955514628e-03
1.189999999999996616e+00;8.959723051686312514e-03
1.194999999999996509e+00;8.959723415209855379e-03
1.199999999999996403e+00;8.959725677704840144e-03
1.204999999999996296e+00;8.959729643265648691e-03
1.209999999999996190e+00;8.959734951831785713e-03
1.214999999999996083e+00;8.959741120835295128e-03
1.219999999999995977e+00;8.959747595125820696e-03
1.224999999999995870e+00;8.959753799424121506e-03
1.229999999999995763e+00;8.959759189006549426e-03
1.234999999999995657e+00;8.959763295785417789e-03
1.239999999999995550e+00;8.959765767902071534e-03
1.244999999999995444e+00;8.959766401194457081e-03
1.249999999999995337e+00;8.959765160564615166e-03
1.254999999999995230e+00;8.959762188732872668e-03
1.259999999999995124e+00;8.959757799651024701e-03
1.264999999999995017e+00;8.959752454485122794e-03
1.269999999999994911e+00;8.959746719892519931e-03
1.274999999999994804e+00;8.959741211209740902e-03
1.279999999999994698e+00;8.959736526497766654e-03
1.284999999999994591e+00;8.959733180104609285e-03
1.289999999999994484e+00;8.959731545416694740e-03
1.294999999999994378e+00;8.959731815199344085e-03
1.299999999999994271e+00;8.959733984629431047e-03
1.304999999999994165e+00;8.959737857835140332e-03
1.309999999999994058e+00;8.959743074818714639e-03
1.314999999999993952e+00;8.959749153095001445e-03
1.319999999999993845e+00;8.959755537606384559e-03
1.324999999999993738e+00;8.959761653166555678e-03
1.329999999999993632e+00;8.959766955135842897e-03
1.334999999999993525e+00;8.959770975493852943e-03
1.339999999999993419e+00;8.959773362426547844e-03
1.344999999999993312e+00;8.959773911789325335e-03
1.349999999999993205e+00;8.959772588472197583e-03
1.354999999999993099e+00;8.959769535153811262e-03
1.359999999999992992e+00;8.959765065717162358e-03
1.364999999999992886e+00;8.959759641237510439e-03
1.369999999999992779e+00;8.959753828267313230e-03
1.374999999999992673e+00;8.959748242033698656e-03
1.379999999999992566e+00;8.959743480494608558e-03
1.384999999999992459e+00;8.959740057911481925e-03
1.389999999999992353e+00;8.959738347608730072e-03
1.394999999999992246e+00;8.959738542319366575e-03
1.399999999999992140e+00;8.959740637218809728e-03
1.404999999999992033e+00;8.959744436462281636e-03
1.409999999999991926e+00;8.959749580102274735e-03
1.414999999999991820e+00;8.959755585719954979e-03
1.419999999999991713e+00;8.959761898332006119e-03
1.424999999999991607e+00;8.959767942826518672e-03
1.429999999999991500e+00;8.959773174631049941e-03
1.434999999999991394e+00;8.959777125779175636e-03
1.439999999999991287e+00;8.959779444492521963e-03
1.444999999999991180e+00;8.959779926640487613e-03
1.449999999999991074e+00;8.959778537103441423e-03
1.454999999999990967e+00;8.959775418526653989e-03
1.459999999999990861e+00;8.959770884738042090e-03
1.464999999999990754e+00;8.959765396740164770e-03
1.469999999999990647e+00;8.959759521001413318e-03
1.474999999999990541e+00;8.959753872661355492e-03
1.479999999999990434e+00;8.959749049595436624e-03
1.484999999999990328e+00;8.959745565995694619e-03
1.489999999999990221e+00;8.959743795136934641e-03
1.494999999999990115e+00;8.959743929726265640e-03
1.499999999999990008e+00;8.959745964937943646e-03
1.504999999999989901e+00;8.959749704948862664e-03
1.509999999999989795e+00;8.959754789851788470e-03
1.514999999999989688e+00;8.959760737280947004e-03
1.519999999999989582e+00;8.959766992312533443e-03
1.524999999999989475e+00;8.959772979894231257e-03
1.529999999999989369e+00;8.959778155507433159e-03
1.534999999999989262e+00;8.959782051228914676e-03
1.539999999999989155e+00;8.959784315308904137e-03
1.544999999999989049e+00;8.959784743627985729e-03
1.549999999999988942e+00;8.959783301058798360e-03
1.554999999999988836e+00;8.959780130219932581e-03
1.559999999999988729e+00;8.959775544895140845e-03
1.564999999999988622e+00;8.959770006028771813e-03
1.569999999999988516e+00;8.959764080021912977e-03
1.574999999999988409e+00;8.959758381944000691e-03
1.579999999999988303e+00;8.959753509604380384e-03
1.584999999999988196e+00;8.959749977139559729e-03
1.589999999999988090e+00;8.959748157784610048e-03
1.594999999999987983e+00;8.959748244225884325e-03
1.599999999999987876e+00;8.959750231636687962e-03
1.604999999999987770e+00;8.959753924211279544e-03
1.609999999999987663e+00;8.959758962074669889e-03
1.614999999999987557e+00;8.959764862903597804e-03
1.619999999999987450e+00;8.959771071821949484e-03
1.624999999999987343e+00;8.959777013825056050e-03
1.629999999999987237e+00;8.959782144437496154e-03
1.634999999999987130e+00;8.959785995770604486e-03
1.639999999999987024e+00;8.959788216097519867e-03
1.644999999999986917e+00;8.959788601307781125e-03
1.649999999999986811e+00;8.959787116267841148e-03
1.654999999999986704e+00;8.959783903574929098e-03
1.659999999999986597e+00;8.959779276977431622e-03
1.664999999999986491e+00;8.959773697373073220e-03
1.669999999999986384e+00;8.959767731109043523e-03
1.674999999999986278e+00;8.959761993198624153e-03
1.679999999999986171e+00;8.959757081398216777e-03
1.684999999999986064e+00;8.959753509799824739e-03
1.689999999999985958e+00;8.959751651606734021e-03
1.694999999999985851e+00;8.959751699488677223e-03
1.699999999999985745e+00;8.959753648618212080e-03
1.704999999999985638e+00;8.959757303203494047e-03
1.709999999999985532e+00;8.959762303395322341e-03
1.714999999999985425e+00;8.959768166904526557e-03
1.719999999999985318e+00;8.959774338893108231e-03
1.724999999999985212e+00;8.959780244394671689e-03
1.729999999999985105e+00;8.959785338968295765e-03
1.734999999999984999e+00;8.959789154753004803e-03
1.739999999999984892e+00;8.959791340040322224e-03
1.744999999999984786e+00;8.959791690726918306e-03
1.749999999999984679e+00;8.959790171674347076e-03
1.754999999999984572e+00;8.959786925462658730e-03
1.759999999999984466e+00;8.959782265811951779e-03
1.764999999999984359e+00;8.959776653582622943e-03
1.769999999999984253e+00;8.959770655078689791e-03
1.774999999999984146e+00;8.959764885268440421e-03
1.779999999999984039e+00;8.959759941865885063e-03
1.784999999999983933e+00;8.959756338927430536e-03
1.789999999999983826e+00;8.959754449630853712e-03
1.794999999999983720e+00;8.959754466632600944e-03
1.799999999999983613e+00;8.959756385104605467e-03
1.804999999999983507e+00;8.959760009266166600e-03
1.809999999999983400e+00;8.959764979288773606e-03
1.814999999999983293e+00;8.959770812910499913e-03
1.819999999999983187e+00;8.959776955323931966e-03
1.824999999999983080e+00;8.959782831593243388e-03
1.829999999999982974e+00;8.959787897305206139e-03
1.834999999999982867e+00;8.959791684621033411e-03
1.839999999999982760e+00;8.959793841846894896e-03
1.844999999999982654e+00;8.959794164885275664e-03
1.849999999999982547e+00;8.959792618593706917e-03
1.854999999999982441e+00;8.959789345538544947e-03
1.859999999999982334e+00;8.959784659417222366e-03
1.864999999999982228e+00;8.959779021060229262e-03
1.869999999999982121e+00;8.959772996736982409e-03
1.874999999999982014e+00;8.959767201379790005e-03
1.879999999999981908e+00;8.959762232668696397e-03
1.884999999999981801e+00;8.959758604631591281e-03
1.889999999999981695e+00;8.959756690425816489e-03
1.894999999999981588e+00;8.959756682697168906e-03
1.899999999999981481e+00;8.959758576617137676e-03
1.904999999999981375e+00;8.959762176413888293e-03
1.909999999999981268e+00;8.959767122275507853e-03
1.914999999999981162e+00;8.959772931961857909e-03
1.919999999999981055e+00;8.959779050690050428e-03
1.924999999999980949e+00;8.959784903548762003e-03
1.929999999999980842e+00;8.959789946146896195e-03
1.934999999999980735e+00;8.959793710663452315e-03
1.939999999999980629e+00;8.959795845416330257e-03
1.944999999999980522e+00;8.959796146312660678e-03
1.949999999999980416e+00;8.959794578206781157e-03
1.954999999999980309e+00;8.959791283654042898e-03
1.959999999999980203e+00;8.959786576333745450e-03
1.964999999999980096e+00;8.959780917052403287e-03
1.969999999999979989e+00;8.959774872051802508e-03
1.974999999999979883e+00;8.959769056235354287e-03
1.979999999999979776e+00;8.959764067255952813e-03
1.984999999999979670e+00;8.959760419118617189e-03
1.989999999999979563e+00;8.959758484964334274e-03
1.994999999999979456e+00;8.959758457430374787e-03
1.999999999999979350e+00;8.959760331687854906e-03
