1.005000000000000560e+00;8.959637268565353446e-03
1.010000000000000453e+00;8.959656120897416948e-03
1.015000000000000346e+00;8.959677755776914235e-03
1.020000000000000240e+00;8.959700190057021466e-03
1.025000000000000133e+00;8.959721487764161010e-03
1.030000000000000027e+00;8.959739875171904983e-03
1.034999999999999920e+00;8.959753826643213070e-03
1.039999999999999813e+00;8.959762140009193063e-03
1.044999999999999707e+00;8.959764016137966233e-03
1.049999999999999600e+00;8.959759147832703843e-03
1.054999999999999494e+00;8.959747809586393261e-03
1.059999999999999387e+00;8.959730924001537561e-03
1.064999999999999281e+00;8.959710067635138012e-03
1.069999999999999174e+00;8.959687376928319319e-03
1.074999999999999067e+00;8.959665332263106255e-03
1.079999999999998961e+00;8.959646436235840783e-03
1.084999999999998854e+00;8.959632847839909750e-03
1.089999999999998748e+00;8.959626062878549638e-03
1.094999999999998641e+00;8.959626722400186594e-03
1.099999999999998535e+00;8.959634586591552416e-03
1.104999999999998428e+00;8.959648655337234743e-03
1.109999999999998321e+00;8.959667377491847828e-03
1.114999999999998215e+00;8.959688882936496859e-03
1.119999999999998108e+00;8.959711189020865343e-03
1.124999999999998002e+00;8.959732360238359741e-03
1.129999999999997895e+00;8.959750623272854167e-03
1.134999999999997788e+00;8.959764452822358005e-03
1.139999999999997682e+00;8.959772646963248127e-03
1.144999999999997575e+00;8.959774406704324942e-03
1.149999999999997469e+00;8.959769424868856483e-03
1.154999999999997362e+00;8.959757975834342636e-03
1.159999999999997256e+00;8.959740981943275714e-03
1.164999999999997149e+00;8.959720019353342724e-03
1.169999999999997042e+00;8.959697223994542506e-03
1.174999999999996936e+00;8.959675075678791636e-03
1.179999999999996829e+00;8.959656076446534737e-03
1.184999999999996723e+00;8.959642384828324022e-03
1.189999999999996616e+00;8.959635496322244236e-03
1.194999999999996509e+00;8.959636051863227243e-03
1.199999999999996403e+00;8.959643811713217249e-03
1.204999999999996296e+00;8.959657775987344905e-03
1.209999999999996190e+00;8.959676393876027031e-03
1.214999999999996083e+00;8.959697795649203614e-03
1.219999999999995977e+00;8.959719999054276476e-03
1.224999999999995870e+00;8.959741068958686216e-03
1.229999999999995763e+00;8.959759232374948576e-03
1.234999999999995657e+00;8.959772964269514459e-03
1.239999999999995550e+00;8.959781062915173067e-03
1.244999999999995444e+00;8.959782729433415915e-03
1.249999999999995337e+00;8.959777656663663048e-03
1.254999999999995230e+00;8.959766118890960529e-03
1.259999999999995124e+00;8.959749038249536709e-03
1.264999999999995017e+00;8.959727990577280587e-03
1.269999999999994911e+00;8.959705111394822286e-03
1.274999999999994804e+00;8.959682880057426302e-03
1.279999999999994698e+00;8.959663798160297926e-03
1.284999999999994591e+00;8.959650023863282436e-03
1.289999999999994484e+00;8.959643052420074999e-03
1.294999999999994378e+00;8.959643524674659396e-03
1.299999999999994271e+00;8.959651200949261471e-03
1.304999999999994165e+00;8.959665081543655846e-03
1.309999999999994058e+00;8.959683615917228214e-03
1.314999999999993952e+00;8.959704934651393365e-03
1.319999999999993845e+00;8.959727055812077845e-03
1.324999999999993738e+00;8.959748044566399200e-03
1.329999999999993632e+00;8.959766128190034193e-03
1.334999999999993525e+00;8.959779781864476988e-03
1.339999999999993419e+00;8.959787804019845800e-03
1.344999999999993312e+00;8.959789395867907152e-03
1.349999999999993205e+00;8.959784250261046412e-03
1.354999999999993099e+00;8.959772641410224808e-03
1.359999999999992992e+00;8.959755491282882234e-03
1.364999999999992886e+00;8.959734375460758418e-03
1.369999999999992779e+00;8.959711429136546154e-03
1.374999999999992673e+00;8.959689131299802475e-03
1.379999999999992566e+00;8.959669983189075260e-03
1.384999999999992459e+00;8.959656142667278902e-03
1.389999999999992353e+00;8.959649104792341556e-03
1.394999999999992246e+00;8.959649510335466679e-03
1.399999999999992140e+00;8.959657119667070735e-03
1.404999999999992033e+00;8.959670933234914134e-03
1.409999999999991926e+00;8.959689400713748489e-03
1.414999999999991820e+00;8.959710652934521624e-03
1.419999999999991713e+00;8.959732708218320560e-03
1.424999999999991607e+00;8.959753631972206325e-03
1.429999999999991500e+00;8.959771651682733873e-03
1.434999999999991394e+00;8.959785242703620714e-03
1.439999999999991287e+00;8.959793203591009253e-03
1.444999999999991180e+00;8.959794735628958881e-03
1.449999999999991074e+00;8.959789531680254632e-03
1.454999999999990967e+00;8.959777865896540600e-03
1.459999999999990861e+00;8.959760660111587560e-03
1.464999999999990754e+00;8.959739489702025009e-03
1.469999999999990647e+00;8.959716489597868705e-03
1.474999999999990541e+00;8.959694138495732929e-03
1.479999999999990434e+00;8.959674937348498236e-03
1.484999999999990328e+00;8.959661043781238024e-03
1.489999999999990221e+00;8.959653952695101342e-03
1.494999999999990115e+00;8.959654304802893918e-03
1.499999999999990008e+00;8.959661860513749507e-03
1.504999999999989901e+00;8.959675620393863296e-03
1.509999999999989795e+00;8.959694034290612702e-03
1.514999999999989688e+00;8.959715233234747528e-03
1.519999999999989582e+00;8.959737235751703485e-03
1.524999999999989475e+00;8.959758107440797537e-03
1.529999999999989369e+00;8.959776075957468638e-03
1.534999999999989262e+00;8.959789616793358696e-03
1.539999999999989155e+00;8.959797528605605715e-03
1.544999999999989049e+00;8.959799012736151605e-03
1.549999999999988942e+00;8.959793762056095928e-03
1.554999999999988836e+00;8.959782050669565234e-03
1.559999999999988729e+00;8.959764800303351637e-03
1.564999999999988622e+00;8.959743586169690091e-03
1.569999999999988516e+00;8.959720542988250727e-03
1.574999999999988409e+00;8.959698149220957086e-03
1.579999999999988303e+00;8.959678905591902248e-03
1.584999999999988196e+00;8.959664969535652279e-03
1.589999999999988090e+00;8.959657835827739697e-03
1.594999999999987983e+00;8.959658145134268004e-03
1.599999999999987876e+00;8.959665657895320157e-03
1.604999999999987770e+00;8.959679374772022351e-03
1.609999999999987663e+00;8.959697745749901909e-03
1.614999999999987557e+00;8.959718902019837491e-03
1.619999999999987450e+00;8.959740862270963724e-03
1.624999999999987343e+00;8.959761692256564686e-03
1.629999999999987237e+00;8.959779619767337458e-03
1.634999999999987130e+00;8.959793120405451852e-03
1.639999999999987024e+00;8.959800992908883988e-03
1.644999999999986917e+00;8.959802438665986565e-03
1.649999999999986811e+00;8.959797150554513548e-03
1.654999999999986704e+00;8.959785402640500426e-03
1.659999999999986597e+00;8.959768116565004076e-03
1.664999999999986491e+00;8.959746867408687615e-03
1.669999999999986384e+00;8.959723789722671972e-03
1.674999999999986278e+00;8.959701361780902581e-03
1.679999999999986171e+00;8.959682084124240622e-03
1.684999999999986064e+00;8.959668114034624251e-03
1.689999999999985958e+00;8.959660946187011921e-03
1.694999999999985851e+00;8.959661221210059659e-03
1.699999999999985745e+00;8.959668699568653499e-03
1.704999999999985638e+00;8.959682381999933484e-03
1.709999999999985532e+00;8.959700718600189032e-03
1.714999999999985425e+00;8.959721840688434150e-03
1.719999999999985318e+00;8.959743767084953764e-03
1.724999999999985212e+00;8.959764563666377732e-03
1.729999999999985105e+00;8.959782458331767840e-03
1.734999999999984999e+00;8.959795926771768268e-03
1.739999999999984892e+00;8.959803767789150525e-03
1.744999999999984786e+00;8.959805182809407742e-03
1.749999999999984679e+00;8.959799864715621218e-03
1.754999999999984572e+00;8.959788087543388985e-03
1.759999999999984466e+00;8.959770772865067665e-03
1.764999999999984359e+00;8.959749495655859597e-03
1.769999999999984253e+00;8.959726390331941570e-03
1.774999999999984146e+00;8.959703935016709309e-03
1.779999999999984039e+00;8.959684630104193526e-03
1.784999999999983933e+00;8.959670632754115904e-03
1.789999999999983826e+00;8.959663437560858729e-03
1.794999999999983720e+00;8.959663685123102003e-03
1.799999999999983613e+00;8.959671135925609958e-03
1.804999999999983507e+00;8.959684790766380205e-03
1.809999999999983400e+00;8.959703099830372552e-03
1.814999999999983293e+00;8.959724194539340006e-03
1.819999999999983187e+00;8.959746093818580712e-03
1.824999999999983080e+00;8.959766863643515294e-03
1.829999999999982974e+00;8.959784731999979879e-03
1.834999999999982867e+00;8.959798174649535873e-03
1.839999999999982760e+00;8.959805990446838633e-03
1.844999999999982654e+00;8.959807380847114450e-03
1.849999999999982547e+00;8.959802038737746735e-03
1.854999999999982441e+00;8.959790238129873921e-03
1.859999999999982334e+00;8.959772900540887916e-03
1.864999999999982228e+00;8.959751600861536047e-03
1.869999999999982121e+00;8.959728473399869789e-03
1.874999999999982014e+00;8.959705996158688623e-03
1.879999999999981908e+00;8.959686669414435034e-03
1.884999999999981801e+00;8.959672650228943727e-03
1.889999999999981695e+00;8.959665433132040988e-03
1.894999999999981588e+00;8.959665658698389573e-03
1.899999999999981481e+00;8.959673087428650720e-03
1.904999999999981375e+00;8.959686720169638893e-03
1.909999999999981268e+00;8.959705007177331745e-03
1.914999999999981162e+00;8.959726079955720318e-03
1.919999999999981055e+00;8.959747957514235112e-03
1.924999999999980949e+00;8.959768705907434835e-03
1.929999999999980842e+00;8.959786553190678127e-03
1.934999999999980735e+00;8.959799975182290016e-03
1.939999999999980629e+00;8.959807770778482894e-03
1.944999999999980522e+00;8.959809141458351112e-03
1.949999999999980416e+00;8.959803780112692018e-03
1.954999999999980309e+00;8.959791960733067689e-03
1.959999999999980203e+00;8.959774604792823671e-03
1.964999999999980096e+00;8.959753287115077361e-03
1.969999999999979989e+00;8.959730141921234264e-03
1.974999999999979883e+00;8.959707647117561707e-03
1.979999999999979776e+00;8.959688302886266789e-03
1.984999999999979670e+00;8.959674266210774715e-03
1.989999999999979563e+00;8.959667031569211806e-03
1.994999999999979456e+00;8.959667239517016615e-03
1.999999999999979350e+00;8.959674650567609269e-03
