7.751167074919232923e-03
8.417539621283543633e-03
9.136803676185261194e-03
9.838552662523317865e-03
1.045409450014228060e-02
1.092317566524388973e-02
1.119987922510733667e-02
1.125711950738595563e-02
1.108929343443396283e-02
1.071282899158490856e-02
1.016457714148672441e-02
9.498204595122404156e-03
8.778940540220551286e-03
8.077191553882440839e-03
7.461649716263471163e-03
6.992568551161860296e-03
6.715864991298474938e-03
6.658624709019843844e-03
6.826450781971840978e-03
7.202915224821007135e-03
7.751167074919153993e-03
8.417539621283403120e-03
9.136803676185177928e-03
9.838552662523342152e-03
1.045409450014240724e-02
1.092317566524396433e-02
1.119987922510737310e-02
1.125711950738600246e-02
1.108929343443393854e-02
1.071282899158473856e-02
1.016457714148666716e-02
9.498204595122319155e-03
8.778940540220544347e-03
8.077191553882404410e-03
7.461649716263393968e-03
6.992568551161828204e-03
6.715864991298550399e-03
6.658624709019960071e-03
6.826450781972002307e-03
7.202915224821132903e-03
7.751167074919310986e-03
8.417539621283595674e-03
9.136803676185321910e-03
9.838552662523454909e-03
1.045409450014240203e-02
1.092317566524393310e-02
1.119987922510733147e-02
1.125711950738585675e-02
1.108929343443381538e-02
1.071282899158472121e-02
1.016457714148655961e-02
9.498204595122107519e-03
8.778940540220388222e-03
8.077191553882295122e-03
7.461649716263343661e-03
6.992568551161790040e-03
6.715864991298474938e-03
6.658624709019883743e-03
6.826450781971947664e-03
7.202915224821097341e-03
7.751167074919265883e-03
8.417539621283545367e-03
9.136803676185240378e-03
9.838552662523390724e-03
1.045409450014233785e-02
1.092317566524401984e-02
1.119987922510726729e-02
1.125711950738580124e-02
1.108929343443376681e-02
1.071282899158465182e-02
1.016457714148647114e-02
9.498204595122117927e-03
8.778940540220353528e-03
8.077191553882263897e-03
7.461649716263332385e-03
6.992568551161803050e-03
6.715864991298495755e-03
6.658624709019904560e-03
6.826450781971966746e-03
7.202915224821165863e-03
7.751167074919352619e-03
8.417539621283713636e-03
9.136803676185467626e-03
9.838552662523607564e-03
1.045409450014256163e-02
1.092317566524408402e-02
1.119987922510737137e-02
1.125711950738589491e-02
1.108929343443376681e-02
1.071282899158457896e-02
1.016457714148618317e-02
9.498204595121913230e-03
8.778940540220134953e-03
8.077191553882040118e-03
7.461649716263076514e-03
6.992568551161674681e-03
6.715864991298422029e-03
6.658624709019888080e-03
6.826450781971969348e-03
7.202915224821262140e-03
