8.918371548159468795e-03
8.935801230887982505e-03
8.956716563780792867e-03
8.979063180396394672e-03
9.000646648441487305e-03
9.019347275853137683e-03
9.033327600789155254e-03
9.041212254960680900e-03
9.042222594030684818e-03
9.036252916516968048e-03
9.023880810362282234e-03
9.006310614377207105e-03
8.985255528943454292e-03
8.962769915803558626e-03
8.941048202601617825e-03
8.922210076800007189e-03
8.908092995687830196e-03
8.900072323047226314e-03
8.898926698753860040e-03
8.904761819872797010e-03
8.917000094087487380e-03
8.934437178255866599e-03
8.955359867706135651e-03
8.977713796446221486e-03
8.999304532622048533e-03
9.018012384600147466e-03
9.031999890958241836e-03
9.039891683818215146e-03
9.040909119244934858e-03
9.034946496149477702e-03
9.022581402859601585e-03
9.005018178562826034e-03
8.983970024010089900e-03
8.961491301305588367e-03
8.939776438447857854e-03
8.920945123246613873e-03
8.906834813331555509e-03
8.898820872818782521e-03
8.897681941911579281e-03
8.903523717996429665e-03
8.915768609072198189e-03
8.933212272306490995e-03
8.954141503331554050e-03
8.976501936453898378e-03
8.998099140112797087e-03
9.016813422963003422e-03
9.030807323865528216e-03
9.038705475220759622e-03
9.039729233367405081e-03
9.033772897485867551e-03
9.021414056168908235e-03
9.003857048864765192e-03
8.982815076580975833e-03
8.960342501674363122e-03
8.938633752392222825e-03
8.919808516789282798e-03
8.905704252736538692e-03
8.897696324587945141e-03
8.896563372781104290e-03
8.902411094933523547e-03
8.914661899271838358e-03
8.932111443188266858e-03
8.953046522536560123e-03
8.975412771841804332e-03
8.997015759758940356e-03
9.015735795155507826e-03
9.029735417102649833e-03
9.037639258208145926e-03
9.038668675015496326e-03
9.032717966907419585e-03
9.020364722676459807e-03
9.002813281968275252e-03
8.981776845985504215e-03
8.959309777277756418e-03
8.937606504282895672e-03
8.918786715244061622e-03
8.904687868218567892e-03
8.896685327744605423e-03
8.895557734441991715e-03
8.901410786108527456e-03
8.913666891149210625e-03
8.931121707132727572e-03
8.952062030087521230e-03
8.974433494711556852e-03
8.996041669830912718e-03
9.014766864482595329e-03
9.028771617905504213e-03
9.036680562873582873e-03
9.037715056094908217e-03
9.031769397115200354e-03
9.019421174888480122e-03
9.001874729220427085e-03
8.980843261472196831e-03
8.958381134350514724e-03
8.936682776448953355e-03
8.917867876164987245e-03
8.903773891708941304e-03
8.895776187770673346e-03
8.894653405120384049e-03
8.900511241704999604e-03
