8.287783741805799034e-03
8.552984976155924776e-03
8.857819462991304432e-03
9.172447873610732605e-03
9.466072182160259821e-03
9.709950390963234187e-03
9.880209997488818147e-03
9.960184801209323244e-03
9.942046307409489747e-03
9.827570034776316257e-03
9.627961715242791194e-03
9.362760398856103880e-03
9.057925835408859802e-03
8.743297353243391704e-03
8.449672977878694771e-03
8.205794706678698827e-03
8.035535041882023791e-03
7.955560183743508665e-03
7.973698626723641283e-03
8.088174851897547354e-03
8.287783127110046402e-03
8.552984402106273212e-03
8.857818926900063589e-03
9.172447372967927615e-03
9.466071714621973957e-03
9.709949954340464998e-03
9.880209589737306772e-03
9.960184420419949253e-03
9.942045951799451803e-03
9.827569702680507072e-03
9.627961405106352094e-03
9.362760109227121624e-03
9.057925564931309723e-03
8.743297100650899642e-03
8.449672741988684121e-03
8.205794486386615641e-03
8.035534836156514246e-03
7.955559991621430002e-03
7.973698447305463052e-03
8.088174684343257467e-03
8.287782970635171678e-03
8.552984255978196559e-03
8.857818790434493841e-03
9.172447245526035506e-03
9.466071595606992059e-03
9.709949843195212274e-03
9.880209485941421690e-03
9.960184323487490665e-03
9.942045861276543189e-03
9.827569618143443958e-03
9.627961326159268848e-03
9.362760035500454492e-03
9.057925496079758526e-03
8.743297036352060819e-03
8.449672681941505087e-03
8.205794430310019150e-03
8.035534783787910001e-03
7.955559942715637392e-03
7.973698401633515925e-03
8.088174641691314726e-03
8.287782930803545833e-03
8.552984218780392695e-03
8.857818755696404700e-03
9.172447213084970047e-03
9.466071565311115141e-03
9.709949814902665149e-03
9.880209459519718324e-03
9.960184298812910578e-03
9.942045838233552063e-03
9.827569596624176687e-03
9.627961306063094124e-03
9.362760016733044990e-03
9.057925478553286933e-03
8.743297019984545837e-03
8.449672666656308367e-03
8.205794416035539982e-03
8.035534770457285203e-03
7.955559930266455082e-03
7.973698390007416537e-03
8.088174630833912943e-03
8.287782920663993441e-03
8.552984209311250210e-03
8.857818746853358613e-03
9.172447204826609038e-03
9.466071557598845082e-03
9.709949807700285832e-03
9.880209452793683664e-03
9.960184292531686773e-03
9.942045832367714733e-03
9.827569591146305059e-03
9.627961300947372042e-03
9.362760011955637354e-03
9.057925474091796728e-03
8.743297015818100870e-03
8.449672662765346162e-03
8.205794412401754001e-03
8.035534767063739342e-03
7.955559927097198558e-03
7.973698387047692057e-03
8.088174628069825373e-03
