8.935457175261760782e-03
8.955620615562966125e-03
8.976004447650742096e-03
8.994613360018091988e-03
9.009625782666348670e-03
9.019572195069042522e-03
9.023478973079614857e-03
9.020963694046240516e-03
9.012272571005515431e-03
8.998256351635230965e-03
8.980287041144322316e-03
8.960123600843064931e-03
8.939739768755252530e-03
8.921130856387994579e-03
8.906118433739789939e-03
8.896172021337012820e-03
8.892265243326447424e-03
8.894780522360014319e-03
8.903471645400857365e-03
8.917487864770898970e-03
8.935457175261700066e-03
8.955620615562910614e-03
8.976004447650804546e-03
8.994613360018135356e-03
9.009625782666468366e-03
9.019572195069179565e-03
9.023478973079699858e-03
9.020963694046127759e-03
9.012272571005361041e-03
8.998256351635159841e-03
8.980287041144301499e-03
8.960123600843011155e-03
8.939739768755164059e-03
8.921130856387897434e-03
8.906118433739736162e-03
8.896172021336931288e-03
8.892265243326466506e-03
8.894780522359948399e-03
8.903471645400796650e-03
8.917487864770918052e-03
8.935457175261823232e-03
8.955620615563012962e-03
8.976004447650717810e-03
8.994613360018027803e-03
9.009625782666341731e-03
9.019572195069068543e-03
9.023478973079588836e-03
9.020963694046034084e-03
9.012272571005307265e-03
8.998256351635293415e-03
8.980287041144428134e-03
8.960123600843352895e-03
8.939739768755476310e-03
8.921130856388044886e-03
8.906118433739836776e-03
8.896172021337057922e-03
8.892265243326596610e-03
8.894780522360125341e-03
8.903471645400805323e-03
8.917487864771006523e-03
8.935457175261875273e-03
8.955620615563033779e-03
8.976004447650698728e-03
8.994613360018012191e-03
9.009625782666369487e-03
9.019572195069035583e-03
9.023478973079540263e-03
9.020963694045891837e-03
9.012272571005170221e-03
8.998256351635140760e-03
8.980287041144219967e-03
8.960123600843016359e-03
8.939739768755164059e-03
8.921130856387932129e-03
8.906118433739567894e-03
8.896172021336842817e-03
8.892265243326376301e-03
8.894780522359908501e-03
8.903471645400730730e-03
8.917487864770933664e-03
8.935457175261880478e-03
8.955620615562974798e-03
8.976004447650792403e-03
8.994613360018100662e-03
9.009625782666350405e-03
9.019572195069039053e-03
9.023478973079515977e-03
9.020963694046094800e-03
9.012272571005175426e-03
8.998256351635074840e-03
8.980287041144159252e-03
8.960123600843116973e-03
8.939739768755373961e-03
8.921130856388020600e-03
8.906118433739734427e-03
8.896172021336957308e-03
8.892265243326482119e-03
8.894780522359969216e-03
8.903471645400727261e-03
8.917487864770940603e-03
