8.597118175498935644e-03
8.761151193238824256e-03
8.944440624794967182e-03
9.129044823551615145e-03
9.296893444319142760e-03
9.431556294624715911e-03
9.519851636427434372e-03
9.553136506480193121e-03
9.528152749791405848e-03
9.447345950536513437e-03
9.318626041239629759e-03
9.154593023465886284e-03
8.971303591879278144e-03
8.786699393095249305e-03
8.618850772303151067e-03
8.484187921975428967e-03
8.395892580152811493e-03
8.362607710082174683e-03
8.387591466754933112e-03
8.468398265995318031e-03
8.597118175279220773e-03
8.761151193041220170e-03
8.944440624617234353e-03
9.129044823391760377e-03
9.296893444175476431e-03
9.431556294495517176e-03
9.519851636311282492e-03
9.553136506375722869e-03
9.528152749697413326e-03
9.447345950451945668e-03
9.318626041163475399e-03
9.154593023397411544e-03
8.971303591817783932e-03
8.786699393040010506e-03
8.618850772253354095e-03
8.484187921930621060e-03
8.395892580112524275e-03
8.362607710045938045e-03
8.387591466722325514e-03
8.468398265966011612e-03
8.597118175252866853e-03
8.761151193017553337e-03
8.944440624596011746e-03
9.129044823372668011e-03
9.296893444158228076e-03
9.431556294480041708e-03
9.519851636297239905e-03
9.553136506363050715e-03
9.528152749686094256e-03
9.447345950441847842e-03
9.318626041154395856e-03
9.154593023389227119e-03
8.971303591810371458e-03
8.786699393033305799e-03
8.618850772247395320e-03
8.484187921925318010e-03
8.395892580107750316e-03
8.362607710041743483e-03
8.387591466718538613e-03
8.468398265962561247e-03
8.597118175249832822e-03
8.761151193014838495e-03
8.944440624593557113e-03
9.129044823370551648e-03
9.296893444156215797e-03
9.431556294478202901e-03
9.519851636295638755e-03
9.553136506361595282e-03
9.528152749684739437e-03
9.447345950440626597e-03
9.318626041153339409e-03
9.154593023388227918e-03
8.971303591809462463e-03
8.786699393032506092e-03
8.618850772246618164e-03
8.484187921924577283e-03
8.395892580107120612e-03
8.362607710041205719e-03
8.387591466718018196e-03
8.468398265962151852e-03
8.597118175249428632e-03
8.761151193014446448e-03
8.944440624593184147e-03
9.129044823370201234e-03
9.296893444156021508e-03
9.431556294478060654e-03
9.519851636295418446e-03
9.553136506361444361e-03
9.528152749684562495e-03
9.447345950440402818e-03
9.318626041153129508e-03
9.154593023388096079e-03
8.971303591809311542e-03
8.786699393032329150e-03
8.618850772246602551e-03
8.484187921924624121e-03
8.395892580107169184e-03
8.362607710041216127e-03
8.387591466718117075e-03
8.468398265962304508e-03
