8.934468652077899586e-03
9.409162742871396770e-03
9.839681362016929750e-03
1.018388234747289421e-02
1.040807290859381042e-02
1.049030771122967318e-02
1.042253703993461719e-02
1.021139476020136230e-02
9.877548949484761531e-03
9.453678761778352285e-03
8.981275564332053679e-03
8.506581473538650170e-03
8.076062854393243826e-03
7.731861868937229924e-03
7.507671307816265148e-03
7.425436505180383305e-03
7.493207176475377707e-03
7.704349456208780915e-03
8.038195266925450208e-03
8.462065454631906292e-03
8.934468652078126835e-03
9.409162742871434934e-03
9.839681362017068528e-03
1.018388234747311799e-02
1.040807290859385725e-02
1.049030771122957430e-02
1.042253703993462934e-02
1.021139476020127730e-02
9.877548949484686938e-03
9.453678761778333203e-03
8.981275564332038067e-03
8.506581473538754254e-03
8.076062854393124130e-03
7.731861868937007880e-03
7.507671307816094278e-03
7.425436505180461368e-03
7.493207176475587608e-03
7.704349456208793925e-03
8.038195266925370411e-03
8.462065454631758840e-03
8.934468652077937750e-03
9.409162742871408913e-03
9.839681362017023425e-03
1.018388234747312840e-02
1.040807290859382082e-02
1.049030771122950664e-02
1.042253703993431882e-02
1.021139476020102577e-02
9.877548949484621019e-03
9.453678761778315856e-03
8.981275564332008576e-03
8.506581473538553026e-03
8.076062854392980148e-03
7.731861868936858694e-03
7.507671307816018817e-03
7.425436505180481317e-03
7.493207176475576332e-03
7.704349456208893672e-03
8.038195266925578578e-03
8.462065454631958333e-03
8.934468652078250001e-03
9.409162742871755858e-03
9.839681362017207306e-03
1.018388234747306074e-02
1.040807290859396307e-02
1.049030771122967318e-02
1.042253703993465189e-02
1.021139476020123914e-02
9.877548949484445812e-03
9.453678761778019218e-03
8.981275564331901023e-03
8.506581473538435065e-03
8.076062854392876064e-03
7.731861868936917674e-03
7.507671307816029226e-03
7.425436505180364223e-03
7.493207176475565924e-03
7.704349456209040256e-03
8.038195266925687865e-03
8.462065454631975681e-03
8.934468652078152856e-03
9.409162742871615345e-03
9.839681362017132712e-03
1.018388234747316483e-02
1.040807290859398562e-02
1.049030771122951705e-02
1.042253703993446801e-02
1.021139476020090607e-02
9.877548949484457955e-03
9.453678761778050443e-03
8.981275564331658162e-03
8.506581473538273735e-03
8.076062854392808410e-03
7.731861868936900327e-03
7.507671307815998001e-03
7.425436505180460500e-03
7.493207176475578067e-03
7.704349456209045460e-03
8.038195266925680926e-03
8.462065454632157827e-03
