8.660874246731588982e-03
8.928039830722126965e-03
9.198125605886125697e-03
9.444693694752412383e-03
9.643608294841716708e-03
9.775398259177737678e-03
9.827163067816866576e-03
9.793835620622689392e-03
9.678678240332727264e-03
9.492963333678093932e-03
9.254869969674162783e-03
8.987704385683624800e-03
8.717618610519466474e-03
8.471050521653365403e-03
8.272135921563996894e-03
8.140345957227826737e-03
8.088581148588723860e-03
8.121908595782927065e-03
8.237065976073161544e-03
8.422780882727701202e-03
8.660874246731762455e-03
8.928039830722309111e-03
9.198125605886486519e-03
9.444693694752648305e-03
9.643608294841971712e-03
9.775398259178180033e-03
9.827163067817439035e-03
9.793835620623246238e-03
9.678678240332982269e-03
9.492963333678260465e-03
9.254869969674214825e-03
8.987704385683647351e-03
8.717618610519567088e-03
8.471050521653346321e-03
8.272135921564003833e-03
8.140345957227903065e-03
8.088581148588784575e-03
8.121908595783029414e-03
8.237065976073151136e-03
8.422780882727659568e-03
8.660874246731613268e-03
8.928039830722179007e-03
9.198125605886250597e-03
9.444693694752469629e-03
9.643608294841808648e-03
9.775398259177997887e-03
9.827163067817161479e-03
9.793835620622986030e-03
9.678678240332793184e-03
9.492963333678180668e-03
9.254869969674226968e-03
8.987704385683680311e-03
8.717618610519695457e-03
8.471050521653516324e-03
8.272135921564175570e-03
8.140345957227972454e-03
8.088581148588912945e-03
8.121908595782934004e-03
8.237065976073074808e-03
8.422780882727527729e-03
8.660874246731392959e-03
8.928039830721951758e-03
9.198125605886110084e-03
9.444693694752395036e-03
9.643608294841751402e-03
9.775398259177938906e-03
9.827163067817074743e-03
9.793835620622817761e-03
9.678678240332781041e-03
9.492963333678074850e-03
9.254869969674339725e-03
8.987704385683808680e-03
8.717618610519744030e-03
8.471050521653535406e-03
8.272135921564140876e-03
8.140345957227906534e-03
8.088581148588753350e-03
8.121908595782868084e-03
8.237065976072899601e-03
8.422780882727467014e-03
8.660874246731436327e-03
8.928039830721984718e-03
9.198125605886177739e-03
9.444693694752358606e-03
9.643608294841699360e-03
9.775398259177964927e-03
9.827163067817161479e-03
9.793835620623022459e-03
9.678678240333013494e-03
9.492963333678321181e-03
9.254869969674325847e-03
8.987704385683730618e-03
8.717618610519724948e-03
8.471050521653436527e-03
8.272135921564120059e-03
8.140345957227934290e-03
8.088581148588694369e-03
8.121908595782826451e-03
8.237065976072856233e-03
8.422780882727347318e-03
