8.673364974624873242e-03
8.803888928851586956e-03
8.950858239061275021e-03
9.099871542114239611e-03
9.236327608871828729e-03
9.346854611173323682e-03
9.420619046523009271e-03
9.450386193819083902e-03
9.433228295327748467e-03
9.370811143116787242e-03
9.269231016870500828e-03
9.138417934748640711e-03
8.991163631252319446e-03
8.841869410395138476e-03
8.705136443035279073e-03
8.594336499886357297e-03
8.520303026818464021e-03
8.490270689117635633e-03
8.507167189499974247e-03
8.569326681666850076e-03
8.670652832478609531e-03
8.801215571084557501e-03
8.948223111046154851e-03
9.097274097155038167e-03
9.233767308090449349e-03
9.344330923397765887e-03
9.418131448177253714e-03
9.447934168814276640e-03
9.430811334955355868e-03
9.368428745942907962e-03
9.266882688631888215e-03
9.136103188250092183e-03
8.988881986265722518e-03
8.839620393559779674e-03
8.702919587759582257e-03
8.592151346251191910e-03
8.518149121481646824e-03
8.488147585219887881e-03
8.505074446572245817e-03
8.567263865538904746e-03
8.668619515188959873e-03
8.799211330791688671e-03
8.946247531941035544e-03
9.095326769374776493e-03
9.231847827633352099e-03
9.342438892039416076e-03
9.416266473387982852e-03
9.446095863677735072e-03
9.428999318088127427e-03
9.366642641415503720e-03
9.265122125890703011e-03
9.134367802040615353e-03
8.987171416556576087e-03
8.837934285468206780e-03
8.701257591477743955e-03
8.590513116973549912e-03
8.516534319333482483e-03
8.486555875186804765e-03
8.503505498430633316e-03
8.565717353787468541e-03
8.667095118981156185e-03
8.797708733869143843e-03
8.944766422567938802e-03
9.093866840273322205e-03
9.230408775919775322e-03
9.341020419161362096e-03
9.414868285062405820e-03
9.444717669829943291e-03
9.427640832791628345e-03
9.365303582832575774e-03
9.263802216213996160e-03
9.133066767435495809e-03
8.985888987104333203e-03
8.836670195110030157e-03
8.700011577959522804e-03
8.589284921791525904e-03
8.515323687680551382e-03
8.485362555899669812e-03
8.502329243937685466e-03
8.564557920057445581e-03
8.665952265472532182e-03
8.796582223480184717e-03
8.943656021587562815e-03
9.092772318332498216e-03
9.229329905943894213e-03
9.339956977323000259e-03
9.413820050734971606e-03
9.443684425541861230e-03
9.426622364181194702e-03
9.364299678603554833e-03
9.262812668091716106e-03
9.132091370123671462e-03
8.984927538242492434e-03
8.835722495231467660e-03
8.699077430450017148e-03
8.588364132848448629e-03
8.514416066272727235e-03
8.484467913727726171e-03
8.501447395394984632e-03
8.563688682191566981e-03
