8.890362138607655479e-03
1.025967201589640838e-02
1.150155264804713674e-02
1.249444010609327034e-02
1.314114364778815568e-02
1.337835942462205392e-02
1.318286710357881308e-02
1.257380283511747542e-02
1.161078607343477009e-02
1.038808360889706753e-02
9.025382077802292582e-03
7.656072200513686261e-03
6.414191568363205101e-03
5.421304110316735834e-03
4.774600568621842692e-03
4.537384791788066744e-03
4.732877112831235591e-03
5.341941381292842142e-03
6.304958142975243887e-03
7.527660607512799869e-03
8.890362138607704051e-03
1.025967201589638063e-02
1.150155264804714368e-02
1.249444010609360514e-02
1.314114364778858762e-02
1.337835942462230546e-02
1.318286710357886166e-02
1.257380283511752399e-02
1.161078607343482214e-02
1.038808360889708488e-02
9.025382077802160743e-03
7.656072200513615138e-03
6.414191568363081068e-03
5.421304110316565832e-03
4.774600568621628453e-03
4.537384791787784852e-03
4.732877112831160998e-03
5.341941381292804845e-03
6.304958142975414757e-03
7.527660607513091302e-03
8.890362138608208856e-03
1.025967201589689931e-02
1.150155264804728593e-02
1.249444010609352881e-02
1.314114364778847487e-02
1.337835942462170524e-02
1.318286710357850430e-02
1.257380283511704347e-02
1.161078607343455152e-02
1.038808360889667028e-02
9.025382077801855432e-03
7.656072200513447737e-03
6.414191568362889381e-03
5.421304110316495575e-03
4.774600568621583351e-03
4.537384791787958324e-03
4.732877112831324062e-03
5.341941381293024288e-03
6.304958142975626394e-03
7.527660607513374062e-03
8.890362138608269571e-03
1.025967201589704676e-02
1.150155264804750450e-02
1.249444010609376474e-02
1.314114364778847487e-02
1.337835942462208515e-02
1.318286710357900911e-02
1.257380283511699837e-02
1.161078607343423059e-02
1.038808360889662517e-02
9.025382077801817268e-03
7.656072200513198804e-03
6.414191568362708970e-03
5.421304110316388890e-03
4.774600568621584218e-03
4.537384791787941844e-03
4.732877112831447228e-03
5.341941381293164801e-03
6.304958142975745222e-03
7.527660607513479013e-03
8.890362138608479473e-03
1.025967201589703635e-02
1.150155264804750450e-02
1.249444010609377688e-02
1.314114364778842456e-02
1.337835942462200708e-02
1.318286710357851471e-02
1.257380283511675030e-02
1.161078607343412131e-02
1.038808360889624527e-02
9.025382077801362771e-03
7.656072200512815430e-03
6.414191568362226717e-03
5.421304110316049751e-03
4.774600568621422889e-03
4.537384791787983478e-03
4.732877112831527025e-03
5.341941381293267149e-03
6.304958142975918695e-03
7.527660607513765242e-03
