8.670328665203034732e-03
8.772551049255368841e-03
8.892921067658494938e-03
9.019655776777140560e-03
9.140349224321185628e-03
9.243186829923923445e-03
9.318101878134933333e-03
9.357760918234982531e-03
9.358281613072998162e-03
9.319612768878113643e-03
9.245539346080865889e-03
9.143311960648190656e-03
9.022937142923237452e-03
8.896197828378013539e-03
8.775499961469082275e-03
8.672658115046184141e-03
8.597738997346471637e-03
8.558076052167296055e-03
8.557551610017472346e-03
8.596216858293972626e-03
8.670286830449907764e-03
8.772510904648998797e-03
8.892882544916057980e-03
9.019618810374429099e-03
9.140313751381265103e-03
9.243152790110086003e-03
9.318069213548083735e-03
9.357729573315256774e-03
9.358251534505090952e-03
9.319583905500715415e-03
9.245511648799564081e-03
9.143285382352171753e-03
9.022911638404853066e-03
8.896173354256060525e-03
8.775476476114948618e-03
8.672635578513122542e-03
8.597717371301594885e-03
8.558055299826349688e-03
8.557531696082393280e-03
8.596197748892692517e-03
8.670268493078859065e-03
8.772493308117721572e-03
8.892865659294212771e-03
9.019602606940881062e-03
9.140298202575246334e-03
9.243137869484312902e-03
9.318054895723713177e-03
9.357715833938776498e-03
9.358238350206883951e-03
9.319571253855301815e-03
9.245499508287543036e-03
9.143273732323459191e-03
9.022900459043619453e-03
8.896162626547059887e-03
8.775466181811244007e-03
8.672625700104888771e-03
8.597707891986430470e-03
8.558046203480672992e-03
8.557522967233987046e-03
8.596189372694528624e-03
8.670260455283639728e-03
8.772485595053790969e-03
8.892858257842233688e-03
9.019595504511566247e-03
9.140291387087952010e-03
9.243131329346428518e-03
9.318048619810970559e-03
9.357709811576322284e-03
9.358232571151153464e-03
9.319565708276642338e-03
9.245494186753279442e-03
9.143268625782074999e-03
9.022895558809283095e-03
8.896157924284876090e-03
8.775461669523034261e-03
8.672621370115584163e-03
8.597703736931061255e-03
8.558042216291816134e-03
8.557519141129756729e-03
8.596185701166977888e-03
8.670256932087797019e-03
8.772482214196988121e-03
8.892855013573912684e-03
9.019592391313484975e-03
9.140288399664764710e-03
9.243128462616739816e-03
9.318045868898765932e-03
9.357707171802464446e-03
9.358230038025584785e-03
9.319563277490717362e-03
9.245491854172440890e-03
9.143266387438795176e-03
9.022893410896300204e-03
8.896155863148739323e-03
8.775459691657865741e-03
8.672619472157236387e-03
8.597701915651251997e-03
8.558040468592648456e-03
8.557517464038582461e-03
8.596184091831195195e-03
