7.937243889540462199e-03
8.912599992548952965e-03
9.892712308853593428e-03
1.078164061609038563e-02
1.149237041801912627e-02
1.195533052968152272e-02
1.212520318971540417e-02
1.198536007858390200e-02
1.154949001434862205e-02
1.086025899578277158e-02
9.985133757138197827e-03
9.009777654129609917e-03
8.029665337824920882e-03
7.140737030588064499e-03
6.430007228659245788e-03
5.967047116997012401e-03
5.797174456963279272e-03
5.937017568094828286e-03
6.372887632329867109e-03
7.062118650895749666e-03
7.937243889540240155e-03
8.912599992548791636e-03
9.892712308853565673e-03
1.078164061609033011e-02
1.149237041801915056e-02
1.195533052968161987e-02
1.212520318971536254e-02
1.198536007858385689e-02
1.154949001434896552e-02
1.086025899578301965e-02
9.985133757138504873e-03
9.009777654129963800e-03
8.029665337825328542e-03
7.140737030588555426e-03
6.430007228659640438e-03
5.967047116997188476e-03
5.797174456963468357e-03
5.937017568095017371e-03
6.372887632330014561e-03
7.062118650895730584e-03
7.937243889540221073e-03
8.912599992548847147e-03
9.892712308853642000e-03
1.078164061609041512e-02
1.149237041801924250e-02
1.195533052968160773e-02
1.212520318971518907e-02
1.198536007858376842e-02
1.154949001434882501e-02
1.086025899578314281e-02
9.985133757138626304e-03
9.009777654130029720e-03
8.029665337825214050e-03
7.140737030588343789e-03
6.430007228659495588e-03
5.967047116997073117e-03
5.797174456963339120e-03
5.937017568094829154e-03
6.372887632329785577e-03
7.062118650895697625e-03
7.937243889540101377e-03
8.912599992548656327e-03
9.892712308853265565e-03
1.078164061609014797e-02
1.149237041801896148e-02
1.195533052968128333e-02
1.212520318971520294e-02
1.198536007858363832e-02
1.154949001434871225e-02
1.086025899578306995e-02
9.985133757138567323e-03
9.009777654129864921e-03
8.029665337825155069e-03
7.140737030588271798e-03
6.430007228659468700e-03
5.967047116997118220e-03
5.797174456963325243e-03
5.937017568094830888e-03
6.372887632329801190e-03
7.062118650895516346e-03
7.937243889539962599e-03
8.912599992548494998e-03
9.892712308853144135e-03
1.078164061609000052e-02
1.149237041801896494e-02
1.195533052968140303e-02
1.212520318971527754e-02
1.198536007858369903e-02
1.154949001434885276e-02
1.086025899578320006e-02
9.985133757138806715e-03
9.009777654130114721e-03
8.029665337825389257e-03
7.140737030588447005e-03
6.430007228659621356e-03
5.967047116997063576e-03
5.797174456963366876e-03
5.937017568094800531e-03
6.372887632329708382e-03
7.062118650895417467e-03
