8.172191668229541670e-03
8.529436653980390290e-03
8.928619887129108507e-03
9.330666531536619887e-03
9.696221460419679472e-03
9.989501610364008924e-03
1.018179867688625249e-02
1.025428928329910963e-02
1.019987754397214640e-02
1.002388965905653614e-02
9.743552548905128757e-03
9.386307563080540511e-03
8.987124329865597491e-03
8.585077685398474073e-03
8.219522756461757756e-03
7.926242606469189114e-03
7.733945539903606947e-03
7.661454933451676899e-03
7.715866672743620404e-03
7.891854557627720271e-03
8.172191667750806562e-03
8.529436653549840597e-03
8.928619886741857511e-03
9.330666531188323842e-03
9.696221460106485557e-03
9.989501610082506672e-03
1.018179867663300889e-02
1.025428928307143411e-02
1.019987754376729984e-02
1.002388965887229984e-02
9.743552548739336031e-03
9.386307562931434090e-03
8.987124329731470407e-03
8.585077685277870893e-03
8.219522756353344478e-03
7.926242606371635205e-03
7.733945539815913206e-03
7.661454933372839789e-03
7.715866672672719653e-03
7.891854557563911937e-03
8.172191667693506911e-03
8.529436653498357473e-03
8.928619886695616722e-03
9.330666531146808440e-03
9.696221460069185533e-03
9.989501610048905078e-03
1.018179867660286460e-02
1.025428928304431345e-02
1.019987754374279167e-02
1.002388965885026538e-02
9.743552548719478651e-03
9.386307562913564703e-03
8.987124329715301049e-03
8.585077685263325237e-03
8.219522756340198744e-03
7.926242606359927556e-03
7.733945539805374761e-03
7.661454933363375137e-03
7.715866672664273285e-03
7.891854557556388441e-03
8.172191667686729347e-03
8.529436653492268594e-03
8.928619886690209589e-03
9.330666531141921724e-03
9.696221460064742906e-03
9.989501610044788579e-03
1.018179867659912974e-02
1.025428928304079022e-02
1.019987754373977845e-02
1.002388965884742217e-02
9.743552548716854014e-03
9.386307562911214153e-03
8.987124329713203769e-03
8.585077685261460409e-03
8.219522756338505654e-03
7.926242606358381917e-03
7.733945539804053769e-03
7.661454933362251904e-03
7.715866672663310513e-03
7.891854557555569652e-03
8.172191667686044131e-03
8.529436653491690931e-03
8.928619886689687438e-03
9.330666531141451614e-03
9.696221460064317899e-03
9.989501610044367041e-03
1.018179867659868218e-02
1.025428928304046410e-02
1.019987754373932742e-02
1.002388965884702665e-02
9.743552548716498396e-03
9.386307562910811697e-03
8.987124329712844681e-03
8.585077685261045810e-03
8.219522756338111871e-03
7.926242606357925685e-03
7.733945539803637435e-03
7.661454933361994298e-03
7.715866672663131837e-03
7.891854557555451691e-03
