8.947250494918216127e-03
9.195895816855731431e-03
9.421566382968310852e-03
9.602171985905587695e-03
9.720033690898917389e-03
9.763614373072729280e-03
9.728648051611296296e-03
9.618557473684096956e-03
9.444119072104281698e-03
9.222408093002719756e-03
8.975127151765162348e-03
8.726481829827598471e-03
8.500811263715003438e-03
8.320205660777572204e-03
8.202343955784219959e-03
8.158763273610602357e-03
8.193729595072019728e-03
8.303820172999633667e-03
8.478258574579258106e-03
8.699969553680611881e-03
8.947250494918177963e-03
9.195895816856189398e-03
9.421566382968744532e-03
9.602171985906016172e-03
9.720033690899188006e-03
9.763614373072680708e-03
9.728648051610838329e-03
9.618557473683422149e-03
9.444119072103825466e-03
9.222408093002391893e-03
8.975127151764964589e-03
8.726481829827359080e-03
8.500811263714694657e-03
8.320205660777481999e-03
8.202343955784381288e-03
8.158763273610645725e-03
8.193729595072129016e-03
8.303820172999609381e-03
8.478258574579207799e-03
8.699969553680627493e-03
8.947250494918103370e-03
9.195895816855792146e-03
9.421566382968316056e-03
9.602171985905556470e-03
9.720033690898877490e-03
9.763614373072382335e-03
9.728648051610918127e-03
9.618557473683545314e-03
9.444119072103672810e-03
9.222408093002423118e-03
8.975127151764936834e-03
8.726481829827362549e-03
8.500811263714633942e-03
8.320205660777287709e-03
8.202343955784202612e-03
8.158763273610571132e-03
8.193729595072056157e-03
8.303820172999560809e-03
8.478258574579337903e-03
8.699969553680792292e-03
8.947250494918224800e-03
9.195895816855804289e-03
9.421566382968640449e-03
9.602171985905993620e-03
9.720033690899238313e-03
9.763614373072774383e-03
9.728648051611030884e-03
9.618557473683484599e-03
9.444119072103608625e-03
9.222408093002332913e-03
8.975127151765046121e-03
8.726481829827454489e-03
8.500811263714776189e-03
8.320205660777525367e-03
8.202343955784197407e-03
8.158763273610487865e-03
8.193729595072214017e-03
8.303820172999800200e-03
8.478258574579440252e-03
8.699969553680806170e-03
8.947250494918228270e-03
9.195895816855793881e-03
9.421566382968572795e-03
9.602171985905877394e-03
9.720033690899019738e-03
9.763614373072593972e-03
9.728648051610921596e-03
9.618557473683357964e-03
9.444119072103797710e-03
9.222408093002286075e-03
8.975127151765079081e-03
8.726481829827322650e-03
8.500811263714734556e-03
8.320205660777353629e-03
8.202343955784296287e-03
8.158763273610720318e-03
8.193729595072472491e-03
8.303820172999954591e-03
8.478258574579422904e-03
8.699969553680892906e-03
