8.296103666021388198e-03
8.674435064709048321e-03
9.080835919478663990e-03
9.475524883080337080e-03
9.819867049775461015e-03
1.008015580909534664e-02
1.023091228372162431e-02
1.025737937951974425e-02
1.015696631273106491e-02
9.939502213938798333e-03
9.626273984281978266e-03
9.247942585258071488e-03
8.841541730183531331e-03
8.446852766305164642e-03
8.102510599359194488e-03
7.842221839811851919e-03
7.691465364979175982e-03
7.664998268994025095e-03
7.765411335612969548e-03
7.982875434251392177e-03
8.296103663768591291e-03
8.674435062665882337e-03
9.080835917625580331e-03
9.475524881399657179e-03
9.819867048251117864e-03
1.008015580771286397e-02
1.023091228246783384e-02
1.025737937838242485e-02
1.015696631169952721e-02
9.939502213003152675e-03
9.626273983433355011e-03
9.247942584488534276e-03
8.841541729485612178e-03
8.446852765672255986e-03
8.102510598785216123e-03
7.842221839291237118e-03
7.691465364507134306e-03
7.664998268565991618e-03
7.765411335224780068e-03
7.982875433899326578e-03
8.296103663449275537e-03
8.674435062376265049e-03
9.080835917362891155e-03
9.475524881161448421e-03
9.819867048035141321e-03
1.008015580751698767e-02
1.023091228229002815e-02
1.025737937822121873e-02
1.015696631155343053e-02
9.939502212870611128e-03
9.626273983313083163e-03
9.247942584379307412e-03
8.841541729386510895e-03
8.446852765582433739e-03
8.102510598703737896e-03
7.842221839217370857e-03
7.691465364440166173e-03
7.664998268505271092e-03
7.765411335169746833e-03
7.982875433849508789e-03
8.296103663404101602e-03
8.674435062335323840e-03
9.080835917325950218e-03
9.475524881127940502e-03
9.819867048004660495e-03
1.008015580748930669e-02
1.023091228226496834e-02
1.025737937819844355e-02
1.015696631153260691e-02
9.939502212851742541e-03
9.626273983296046444e-03
9.247942584363866639e-03
8.841541729372499533e-03
8.446852765569681787e-03
8.102510598692207189e-03
7.842221839206979864e-03
7.691465364430690246e-03
7.664998268496688548e-03
7.765411335161988282e-03
7.982875433842490098e-03
8.296103663397752515e-03
8.674435062329618334e-03
9.080835917320615944e-03
9.475524881123088480e-03
9.819867048000337564e-03
1.008015580748537407e-02
1.023091228226131848e-02
1.025737937819512849e-02
1.015696631152956594e-02
9.939502212848899329e-03
9.626273983293515482e-03
9.247942584361564661e-03
8.841541729370365824e-03
8.446852765567744101e-03
8.102510598690425628e-03
7.842221839205272896e-03
7.691465364429247824e-03
7.664998268495416128e-03
7.765411335160918825e-03
7.982875433841558552e-03
