8.277089961069558632e-03
8.642349898911287978e-03
9.038820262495122354e-03
9.427691755009565480e-03
9.770898911017148955e-03
1.003484620937255059e-02
1.019369663685273410e-02
1.023190079497852262e-02
1.014571898342995181e-02
9.943587267925213524e-03
9.645291699289685466e-03
9.280031516904572314e-03
8.883560923676779575e-03
8.494689215510010591e-03
8.151481856989332281e-03
7.887534368459408682e-03
7.728683762391608258e-03
7.690479436559009493e-03
7.776661090618826495e-03
7.978792658230204893e-03
8.277088087983146963e-03
8.642348139947447078e-03
9.038818610700645115e-03
9.427690203854926718e-03
9.770897454370548740e-03
1.003484484147586404e-02
1.019369535229861824e-02
1.023189958868924061e-02
1.014571785063693096e-02
9.943586204150530600e-03
9.645290700328199018e-03
9.280030578807389047e-03
8.883560042735548154e-03
8.494688388242370783e-03
8.151481080125035431e-03
7.887533638927609128e-03
7.728683077308364652e-03
7.690478793216272771e-03
7.776660486473395764e-03
7.978792090893870731e-03
8.277087555213266667e-03
8.642347639637958795e-03
9.038818140873847856e-03
9.427689762653505834e-03
9.770897040050508658e-03
1.003484445239928406e-02
1.019369498692754457e-02
1.023189924557932340e-02
1.014571752843181768e-02
9.943585901576517880e-03
9.645290416189278293e-03
9.280030311980354621e-03
8.883559792165676011e-03
8.494688152939128614e-03
8.151480859158245426e-03
7.887533431423810262e-03
7.728682882447220071e-03
7.690478610227527087e-03
7.776660314633708319e-03
7.978791929523941159e-03
8.277087403675149543e-03
8.642347497332655837e-03
9.038818007238862834e-03
9.427689637160580755e-03
9.770896922203573323e-03
1.003484434173251838e-02
1.019369488300352587e-02
1.023189914798717029e-02
1.014571743678579531e-02
9.943585815514389969e-03
9.645290335370808321e-03
9.280030236085977033e-03
8.883559720895342626e-03
8.494688086011156769e-03
8.151480796308004789e-03
7.887533372402832921e-03
7.728682827022277657e-03
7.690478558179413004e-03
7.776660265756649669e-03
7.978791883624790360e-03
8.277087360572499622e-03
8.642347456856091029e-03
9.038817969228332347e-03
9.427689601465926925e-03
9.770896888683719764e-03
1.003484431025502069e-02
1.019369485344391590e-02
1.023189912022859187e-02
1.014571741071860003e-02
9.943585791035413832e-03
9.645290312383298856e-03
9.280030214499111058e-03
8.883559700623721439e-03
8.494688066974637880e-03
8.151480778431341098e-03
7.887533355615393427e-03
7.728682811257561736e-03
7.690478543375139746e-03
7.776660251854372770e-03
7.978791870569490463e-03
