9.116477625902659129e-03
9.377454196607614215e-03
9.597359149098760867e-03
9.754666654458662989e-03
9.833978358036996048e-03
9.827530677689868752e-03
9.735954757293651188e-03
9.568214685983827267e-03
9.340730030653872015e-03
9.075768574345950690e-03
8.799266590498941443e-03
8.538290019793972480e-03
8.318385067302751235e-03
8.161077561943059014e-03
8.081765858364831773e-03
8.088213538711801209e-03
8.179789459107720401e-03
8.347529530417651875e-03
8.575014185747879478e-03
8.839975642055788660e-03
9.116477625902945359e-03
9.377454196607707890e-03
9.597359149098922196e-03
9.754666654458928401e-03
9.833978358036784412e-03
9.827530677690047428e-03
9.735954757293959969e-03
9.568214685983946963e-03
9.340730030653849464e-03
9.075768574346032222e-03
8.799266590498899809e-03
8.538290019794324628e-03
8.318385067302978483e-03
8.161077561942852582e-03
8.081765858364807487e-03
8.088213538711782127e-03
8.179789459107873056e-03
8.347529530417768101e-03
8.575014185747827436e-03
8.839975642055733149e-03
9.116477625902796172e-03
9.377454196607392170e-03
9.597359149098724437e-03
9.754666654458784419e-03
9.833978358037070641e-03
9.827530677690297228e-03
9.735954757293847212e-03
9.568214685983816858e-03
9.340730030653872015e-03
9.075768574345985384e-03
8.799266590498859911e-03
8.538290019794090441e-03
8.318385067302947258e-03
8.161077561942859521e-03
8.081765858364781466e-03
8.088213538711738759e-03
8.179789459108001426e-03
8.347529530417664018e-03
8.575014185747903764e-03
8.839975642055734883e-03
9.116477625902624435e-03
9.377454196607537887e-03
9.597359149098523209e-03
9.754666654458619621e-03
9.833978358037107070e-03
9.827530677689875691e-03
9.735954757293838538e-03
9.568214685983789103e-03
9.340730030653729768e-03
9.075768574345973241e-03
8.799266590498922361e-03
8.538290019794038399e-03
8.318385067302725214e-03
8.161077561942892480e-03
8.081765858364654831e-03
8.088213538711794270e-03
8.179789459107997956e-03
8.347529530417799326e-03
8.575014185747806619e-03
8.839975642055861518e-03
9.116477625902879439e-03
9.377454196607801565e-03
9.597359149098988115e-03
9.754666654458692479e-03
9.833978358036886760e-03
9.827530677690134164e-03
9.735954757293763945e-03
9.568214685983619100e-03
9.340730030653493846e-03
9.075768574345551704e-03
8.799266590498667356e-03
8.538290019793911764e-03
8.318385067302785929e-03
8.161077561942852582e-03
8.081765858364743302e-03
8.088213538711646819e-03
8.179789459107869587e-03
8.347529530417828816e-03
8.575014185748231627e-03
8.839975642056054073e-03
