8.945134228407619625e-03
9.983997969206234030e-03
1.092241736129062439e-02
1.166853337621047947e-02
1.214931097993009711e-02
1.231768831082236462e-02
1.215718342258628216e-02
1.168350765198523065e-02
1.094302768373917219e-02
1.000822685636724649e-02
8.970609987992770110e-03
7.931746247194107133e-03
6.993326855110062849e-03
6.247210840189989199e-03
5.766433236470457427e-03
5.598055905577695515e-03
5.758560793813861239e-03
6.232236564414688970e-03
6.972716532660893154e-03
7.907517360032905590e-03
8.945134228407437479e-03
9.983997969206135151e-03
1.092241736129042490e-02
1.166853337621014813e-02
1.214931097993001904e-02
1.231768831082275147e-02
1.215718342258654064e-02
1.168350765198570770e-02
1.094302768373965791e-02
1.000822685636764547e-02
8.970609987993167361e-03
7.931746247194632754e-03
6.993326855110395049e-03
6.247210840190288439e-03
5.766433236470471305e-03
5.598055905577806537e-03
5.758560793813862107e-03
6.232236564414712389e-03
6.972716532660658099e-03
7.907517360032752934e-03
8.945134228407317784e-03
9.983997969205944331e-03
1.092241736129011959e-02
1.166853337621020364e-02
1.214931097992979527e-02
1.231768831082230911e-02
1.215718342258637757e-02
1.168350765198584822e-02
1.094302768373978801e-02
1.000822685636761598e-02
8.970609987993261036e-03
7.931746247194655305e-03
6.993326855110480918e-03
6.247210840190201703e-03
5.766433236470409722e-03
5.598055905577751894e-03
5.758560793813736339e-03
6.232236564414625653e-03
6.972716532660603456e-03
7.907517360032685280e-03
8.945134228407244925e-03
9.983997969205843717e-03
1.092241736129013520e-02
1.166853337621025742e-02
1.214931097993005894e-02
1.231768831082247391e-02
1.215718342258657186e-02
1.168350765198578577e-02
1.094302768373981577e-02
1.000822685636793691e-02
8.970609987993420631e-03
7.931746247194743776e-03
6.993326855110467040e-03
6.247210840190255479e-03
5.766433236470654318e-03
5.598055905577957458e-03
5.758560793813810065e-03
6.232236564414551060e-03
6.972716532660466413e-03
7.907517360032534359e-03
8.945134228407130433e-03
9.983997969205900963e-03
1.092241736129008836e-02
1.166853337620998680e-02
1.214931097992984384e-02
1.231768831082277055e-02
1.215718342258676615e-02
1.168350765198582913e-02
1.094302768373988689e-02
1.000822685636803405e-02
8.970609987993495224e-03
7.931746247194833982e-03
6.993326855110781892e-03
6.247210840190629312e-03
5.766433236470790494e-03
5.598055905577908019e-03
5.758560793813742411e-03
6.232236564414564937e-03
6.972716532660506311e-03
7.907517360032416398e-03
