8.959668278422696849e-03
8.986793222633905967e-03
9.011411829846284124e-03
9.031114259257759166e-03
9.043971899802466519e-03
9.048726156039748822e-03
9.044911648243881414e-03
9.032901767015386399e-03
9.013872123206517067e-03
8.989685470941003939e-03
8.962709368260712850e-03
8.935584424049304239e-03
8.910965816836894857e-03
8.891263387425659206e-03
8.878405746880913690e-03
8.873651490643638326e-03
8.877465998439446754e-03
8.889475879667948707e-03
8.908505523476550891e-03
8.932692175742442189e-03
8.959668278422898077e-03
8.986793222634384751e-03
9.011411829846535659e-03
9.031114259257927435e-03
9.043971899802565398e-03
9.048726156039752291e-03
9.044911648243744370e-03
9.032901767015303132e-03
9.013872123206610742e-03
8.989685470941024756e-03
8.962709368260466519e-03
8.935584424049257402e-03
8.910965816836943429e-03
8.891263387425608899e-03
8.878405746881021243e-03
8.873651490643784043e-03
8.877465998439667064e-03
8.889475879668125649e-03
8.908505523476710486e-03
8.932692175742431781e-03
8.959668278422728074e-03
8.986793222634117603e-03
9.011411829846476679e-03
9.031114259257767840e-03
9.043971899802671216e-03
9.048726156039578819e-03
9.044911648243704472e-03
9.032901767015178232e-03
9.013872123206390433e-03
8.989685470940854753e-03
8.962709368260400600e-03
8.935584424049014540e-03
8.910965816836816794e-03
8.891263387425485734e-03
8.878405746880721136e-03
8.873651490643620979e-03
8.877465998439401651e-03
8.889475879667941768e-03
8.908505523476389562e-03
8.932692175742149021e-03
8.959668278422655216e-03
8.986793222634062092e-03
9.011411829846325758e-03
9.031114259257708859e-03
9.043971899802554990e-03
9.048726156039587493e-03
9.044911648243810290e-03
9.032901767015471400e-03
9.013872123206465026e-03
8.989685470940813120e-03
8.962709368260374579e-03
8.935584424049090868e-03
8.910965816836985062e-03
8.891263387425612369e-03
8.878405746880787056e-03
8.873651490643603632e-03
8.877465998439568184e-03
8.889475879668000749e-03
8.908505523476495380e-03
8.932692175742192389e-03
8.959668278422533785e-03
8.986793222634027398e-03
9.011411829846348309e-03
9.031114259257662022e-03
9.043971899802182024e-03
9.048726156039431368e-03
9.044911648243513652e-03
9.032901767015183436e-03
9.013872123206492781e-03
8.989685470940944959e-03
8.962709368260411008e-03
8.935584424049106481e-03
8.910965816836943429e-03
8.891263387425648798e-03
8.878405746880804403e-03
8.873651490643815268e-03
8.877465998439634104e-03
8.889475879667988606e-03
8.908505523476667118e-03
8.932692175742204532e-03
