8.885161577395406587e-03
1.024140878796392026e-02
1.147233914857855031e-02
1.245746061914585791e-02
1.310034264638166440e-02
1.333805545823769576e-02
1.314733006844732814e-02
1.254683600702486204e-02
1.159535381659053919e-02
1.038602120331034474e-02
9.037216069287756781e-03
7.680968858718900498e-03
6.450038498104411835e-03
5.464917027537301124e-03
4.822035000301391414e-03
4.584322188445134547e-03
4.775047578235617519e-03
5.375541639658228468e-03
6.327023830092695297e-03
7.536356443373077099e-03
8.885161577395486385e-03
1.024140878796436435e-02
1.147233914857892847e-02
1.245746061914613026e-02
1.310034264638205645e-02
1.333805545823810168e-02
1.314733006844741835e-02
1.254683600702490714e-02
1.159535381659060858e-02
1.038602120331023025e-02
9.037216069287545145e-03
7.680968858718848456e-03
6.450038498104208005e-03
5.464917027537151070e-03
4.822035000301245697e-03
4.584322188445239497e-03
4.775047578235832625e-03
5.375541639658465258e-03
6.327023830092915607e-03
7.536356443373367665e-03
8.885161577395921800e-03
1.024140878796454303e-02
1.147233914857925981e-02
1.245746061914634883e-02
1.310034264638203390e-02
1.333805545823798372e-02
1.314733006844733681e-02
1.254683600702484296e-02
1.159535381659048021e-02
1.038602120331000300e-02
9.037216069287349121e-03
7.680968858718743505e-03
6.450038498104193260e-03
5.464917027537121580e-03
4.822035000301231819e-03
4.584322188445243834e-03
4.775047578235886402e-03
5.375541639658504289e-03
6.327023830093055252e-03
7.536356443373541138e-03
8.885161577396169866e-03
1.024140878796482926e-02
1.147233914857918695e-02
1.245746061914614587e-02
1.310034264638215880e-02
1.333805545823840352e-02
1.314733006844760570e-02
1.254683600702475449e-02
1.159535381659040215e-02
1.038602120330988331e-02
9.037216069287338713e-03
7.680968858718562227e-03
6.450038498104096116e-03
5.464917027537091222e-03
4.822035000301419169e-03
4.584322188445317560e-03
4.775047578235844768e-03
5.375541639658723732e-03
6.327023830093288573e-03
7.536356443373721549e-03
8.885161577396332930e-03
1.024140878796480671e-02
1.147233914857912103e-02
1.245746061914623261e-02
1.310034264638209288e-02
1.333805545823809127e-02
1.314733006844720324e-02
1.254683600702435377e-02
1.159535381658979673e-02
1.038602120330915125e-02
9.037216069286297879e-03
7.680968858717787673e-03
6.450038498103676313e-03
5.464917027536777237e-03
4.822035000301067020e-03
4.584322188445190925e-03
4.775047578235879463e-03
5.375541639658754089e-03
6.327023830093423881e-03
7.536356443373914103e-03
