8.792812745297789306e-03
9.003666023942478655e-03
9.210036675049531468e-03
9.391723701419722042e-03
9.530942311023938088e-03
9.614064816360984311e-03
9.632954607459713603e-03
9.585762619954810854e-03
9.477108334389238234e-03
9.317627589272722832e-03
9.122931471105025572e-03
8.912078192460258161e-03
8.705707541353196674e-03
8.524020514983134469e-03
8.384801905378934037e-03
8.301679400041839241e-03
8.282789608942898313e-03
8.329981596447842696e-03
8.438635882013732770e-03
8.598116627130197864e-03
8.792812745297777163e-03
9.003666023942454369e-03
9.210036675049491570e-03
9.391723701419642245e-03
9.530942311023806249e-03
9.614064816360899310e-03
9.632954607459663296e-03
9.585762619954699831e-03
9.477108334388957209e-03
9.317627589272450481e-03
9.122931471104850365e-03
8.912078192460219997e-03
8.705707541353214021e-03
8.524020514983131000e-03
8.384801905378982609e-03
8.301679400042017917e-03
8.282789608943151582e-03
8.329981596447939840e-03
8.438635882013640829e-03
8.598116627130125006e-03
8.792812745297638385e-03
9.003666023942402327e-03
9.210036675049585245e-03
9.391723701419619694e-03
9.530942311023830535e-03
9.614064816360816043e-03
9.632954607459727481e-03
9.585762619954816058e-03
9.477108334389148028e-03
9.317627589272750588e-03
9.122931471105238943e-03
8.912078192460598167e-03
8.705707541353491577e-03
8.524020514983191715e-03
8.384801905379069345e-03
8.301679400042102919e-03
8.282789608943248727e-03
8.329981596448019637e-03
8.438635882013571440e-03
8.598116627130111128e-03
8.792812745297556853e-03
9.003666023942492533e-03
9.210036675049519325e-03
9.391723701419557244e-03
9.530942311023587674e-03
9.614064816360522875e-03
9.632954607459482885e-03
9.585762619954691158e-03
9.477108334389149763e-03
9.317627589272743649e-03
9.122931471105105369e-03
8.912078192460246018e-03
8.705707541353137693e-03
8.524020514983044264e-03
8.384801905378930567e-03
8.301679400041976284e-03
8.282789608943068316e-03
8.329981596447948514e-03
8.438635882013652972e-03
8.598116627130175313e-03
8.792812745297730326e-03
9.003666023942435287e-03
9.210036675049536672e-03
9.391723701419652653e-03
9.530942311023795840e-03
9.614064816360925331e-03
9.632954607459859320e-03
9.585762619954909733e-03
9.477108334389319766e-03
9.317627589272799160e-03
9.122931471105225065e-03
8.912078192460478471e-03
8.705707541353377085e-03
8.524020514983226410e-03
8.384801905379043324e-03
8.301679400042045673e-03
8.282789608943109949e-03
8.329981596447872186e-03
8.438635882013507256e-03
8.598116627130003575e-03
