8.937059381314678419e-03
8.946522824645806657e-03
8.957097214927911208e-03
8.967747457163825764e-03
8.977431031438897618e-03
8.985200042033500423e-03
8.990294004060539468e-03
8.992214285025097384e-03
8.990772914446889044e-03
8.986110983720662498e-03
8.978684835107376278e-03
8.969221391774263516e-03
8.958647001490389547e-03
8.947996759252882515e-03
8.938313184976341350e-03
8.930544174380491279e-03
8.925450212352267418e-03
8.923529931386647851e-03
8.924971301963910766e-03
8.929633232689401789e-03
8.937059381301910854e-03
8.946522824634336665e-03
8.957097214917560113e-03
8.967747457154520707e-03
8.977431031430459923e-03
8.985200042025886721e-03
8.990294004053749760e-03
8.992214285019077893e-03
8.990772914441500993e-03
8.986110983715782721e-03
8.978684835102961406e-03
8.969221391770259774e-03
8.958647001486802139e-03
8.947996759249648990e-03
8.938313184973577935e-03
8.930544174378034911e-03
8.925450212350107687e-03
8.923529931384675470e-03
8.924971301962162165e-03
8.929633232687771149e-03
8.937059381300493585e-03
8.946522824633094603e-03
8.957097214916526218e-03
8.967747457153613447e-03
8.977431031429703584e-03
8.985200042025206710e-03
8.990294004053071483e-03
8.992214285018429107e-03
8.990772914440879962e-03
8.986110983715224140e-03
8.978684835102493031e-03
8.969221391769826093e-03
8.958647001486425704e-03
8.947996759249298576e-03
8.938313184973229256e-03
8.930544174377717456e-03
8.925450212349767681e-03
8.923529931384399649e-03
8.924971301961858589e-03
8.929633232687455430e-03
8.937059381300176131e-03
8.946522824632721638e-03
8.957097214916149783e-03
8.967747457153238747e-03
8.977431031429368782e-03
8.985200042024845887e-03
8.990294004052759233e-03
8.992214285018141143e-03
8.990772914440609345e-03
8.986110983714993422e-03
8.978684835102227618e-03
8.969221391769616192e-03
8.958647001486214068e-03
8.947996759249163268e-03
8.938313184973161601e-03
8.930544174377628985e-03
8.925450212349689619e-03
8.923529931384399649e-03
8.924971301961881140e-03
8.929633232687505737e-03
8.937059381300155314e-03
8.946522824632686943e-03
8.957097214916120292e-03
8.967747457153278645e-03
8.977431031429365313e-03
8.985200042024982930e-03
8.990294004052852908e-03
8.992214285018229614e-03
8.990772914440716898e-03
8.986110983715085362e-03
8.978684835102397621e-03
8.969221391769784460e-03
8.958647001486413561e-03
8.947996759249223983e-03
8.938313184973132111e-03
8.930544174377615108e-03
8.925450212349677476e-03
8.923529931384312913e-03
8.924971301961825629e-03
8.929633232687391245e-03
