8.145357385791874780e-03
8.594048233677199083e-03
9.078352697310974190e-03
9.550863681445283596e-03
9.965328518775440000e-03
1.028117650327715557e-02
1.046749023358518361e-02
1.050603202365285246e-02
1.039302913453186462e-02
1.013954307634671800e-02
9.770386830613955048e-03
9.321695982728689725e-03
8.837391519094862577e-03
8.364880534960513273e-03
7.950415697630417583e-03
7.634567713128688135e-03
7.448253982820693050e-03
7.409712192753066702e-03
7.522715081874039797e-03
7.776201140059101416e-03
8.145357385791850494e-03
8.594048233677145307e-03
9.078352697310930822e-03
9.550863681445358189e-03
9.965328518775440000e-03
1.028117650327715731e-02
1.046749023358512290e-02
1.050603202365275012e-02
1.039302913453159401e-02
1.013954307634658270e-02
9.770386830613774637e-03
9.321695982728559621e-03
8.837391519094760228e-03
8.364880534960374495e-03
7.950415697630254519e-03
7.634567713128519867e-03
7.448253982820576824e-03
7.409712192752954812e-03
7.522715081874023317e-03
7.776201140059084936e-03
8.145357385791812330e-03
8.594048233677155715e-03
9.078352697311067865e-03
9.550863681445415435e-03
9.965328518775462552e-03
1.028117650327709832e-02
1.046749023358504137e-02
1.050603202365269807e-02
1.039302913453164258e-02
1.013954307634659310e-02
9.770386830613701779e-03
9.321695982728417373e-03
8.837391519094591960e-03
8.364880534960194083e-03
7.950415697630146966e-03
7.634567713128397569e-03
7.448253982820425036e-03
7.409712192752805626e-03
7.522715081873925305e-03
7.776201140059015547e-03
8.145357385791866106e-03
8.594048233677230308e-03
9.078352697311067865e-03
9.550863681445429312e-03
9.965328518775502450e-03
1.028117650327729435e-02
1.046749023358527035e-02
1.050603202365283512e-02
1.039302913453175881e-02
1.013954307634666076e-02
9.770386830613837087e-03
9.321695982728566560e-03
8.837391519094715125e-03
8.364880534960414393e-03
7.950415697630252784e-03
7.634567713128485172e-03
7.448253982820557742e-03
7.409712192753027671e-03
7.522715081874063216e-03
7.776201140059215908e-03
8.145357385792034374e-03
8.594048233677304902e-03
9.078352697311189295e-03
9.550863681445460537e-03
9.965328518775599595e-03
1.028117650327727874e-02
1.046749023358523392e-02
1.050603202365277787e-02
1.039302913453167901e-02
1.013954307634646994e-02
9.770386830613698309e-03
9.321695982728462476e-03
8.837391519094522571e-03
8.364880534960256533e-03
7.950415697630179926e-03
7.634567713128501652e-03
7.448253982820649682e-03
7.409712192753105733e-03
7.522715081874234086e-03
7.776201140059330399e-03
