8.511926001841706863e-03
8.767487608902231611e-03
9.042010040600926765e-03
9.308621128596790764e-03
9.541223121993626724e-03
9.717047317030906226e-03
9.818882816447275369e-03
9.836761252019389154e-03
9.768932557897245031e-03
9.622036279242811643e-03
9.410451647289291843e-03
9.154890040001648424e-03
8.880367608096942714e-03
8.613756519914396448e-03
8.381154526348249742e-03
8.205330331157244250e-03
8.103494831601441503e-03
8.085616395902816070e-03
8.153445089910215174e-03
8.300341368460634542e-03
8.511926000319903346e-03
8.767487607522005816e-03
9.042010039349129488e-03
9.308621127461481903e-03
9.541223120963749152e-03
9.717047316096821818e-03
9.818882815600119690e-03
9.836761251251121760e-03
9.768932557200429162e-03
9.622036278610853616e-03
9.410451646716064614e-03
9.154890039481613020e-03
8.880367607625354667e-03
8.613756519486573740e-03
8.381154525960306592e-03
8.205330330805492636e-03
8.103494831282408509e-03
8.085616395613517970e-03
8.153445089647949270e-03
8.300341368222869873e-03
8.511926000104311912e-03
8.767487607326493806e-03
9.042010039171792177e-03
9.308621127300594975e-03
9.541223120817883194e-03
9.717047315964575174e-03
9.818882815480177439e-03
9.836761251142260923e-03
9.768932557101634925e-03
9.622036278521178820e-03
9.410451646634671388e-03
9.154890039407869926e-03
8.880367607558437709e-03
8.613756519425901786e-03
8.381154525905156263e-03
8.205330330755416374e-03
8.103494831237022938e-03
8.085616395572333900e-03
8.153445089610624960e-03
8.300341368188957764e-03
8.511926000073543122e-03
8.767487607298637617e-03
9.042010039146486031e-03
9.308621127277682747e-03
9.541223120797071716e-03
9.717047315945586891e-03
9.818882815462932553e-03
9.836761251126615452e-03
9.768932557087401519e-03
9.622036278508310642e-03
9.410451646622949862e-03
9.154890039397229132e-03
8.880367607548768361e-03
8.613756519417205618e-03
8.381154525897292762e-03
8.205330330748312681e-03
8.103494831230600992e-03
8.085616395566555537e-03
8.153445089605379156e-03
8.300341368184223703e-03
8.511926000069317336e-03
8.767487607294767449e-03
9.042010039143021788e-03
9.308621127274572388e-03
9.541223120794278811e-03
9.717047315943101032e-03
9.818882815460680882e-03
9.836761251124506028e-03
9.768932557085566182e-03
9.622036278506627960e-03
9.410451646621582900e-03
9.154890039395980131e-03
8.880367607547637321e-03
8.613756519416060700e-03
8.381154525896220703e-03
8.205330330747433176e-03
8.103494831229901899e-03
8.085616395565958792e-03
8.153445089604863943e-03
8.300341368183871554e-03
