8.940709924663422029e-03
8.960217046723506495e-03
8.979819293049595003e-03
8.997597859194364500e-03
9.011812455233001590e-03
9.021071657466187693e-03
9.024469110666842250e-03
9.021672248444259634e-03
9.012954847159623806e-03
8.999170226788231336e-03
8.981667722015265753e-03
8.962160599955068530e-03
8.942558353628940124e-03
8.924779787484236546e-03
8.910565191445707009e-03
8.901305989212444578e-03
8.897908536011705019e-03
8.900705398234355289e-03
8.909422799519084793e-03
8.923207419890376649e-03
8.940709924663324884e-03
8.960217046723525577e-03
8.979819293049567247e-03
8.997597859194395725e-03
9.011812455232946079e-03
9.021071657466265756e-03
9.024469110667034805e-03
9.021672248444348105e-03
9.012954847159663704e-03
8.999170226788307664e-03
8.981667722015408001e-03
8.962160599955288839e-03
8.942558353628993900e-03
8.924779787484272975e-03
8.910565191445771194e-03
8.901305989212541722e-03
8.897908536011857675e-03
8.900705398234492333e-03
8.909422799519181937e-03
8.923207419890517161e-03
8.940709924663444580e-03
8.960217046723626191e-03
8.979819293049647044e-03
8.997597859194378378e-03
9.011812455232900976e-03
9.021071657466137386e-03
9.024469110666814495e-03
9.021672248444198919e-03
9.012954847159511049e-03
8.999170226788172355e-03
8.981667722015264019e-03
8.962160599955037305e-03
8.942558353629025125e-03
8.924779787484286853e-03
8.910565191445569966e-03
8.901305989212422026e-03
8.897908536011737979e-03
8.900705398234455903e-03
8.909422799519221836e-03
8.923207419890584816e-03
8.940709924663312741e-03
8.960217046723466597e-03
8.979819293049629697e-03
8.997597859194501543e-03
9.011812455233058836e-03
9.021071657466281368e-03
9.024469110666965416e-03
9.021672248444361983e-03
9.012954847159719216e-03
8.999170226788420421e-03
8.981667722015531166e-03
8.962160599955292309e-03
8.942558353629160434e-03
8.924779787484300730e-03
8.910565191445733030e-03
8.901305989212569478e-03
8.897908536011810837e-03
8.900705398234304982e-03
8.909422799519086528e-03
8.923207419890402670e-03
8.940709924663257230e-03
8.960217046723449250e-03
8.979819293049634901e-03
8.997597859194465114e-03
9.011812455233011998e-03
9.021071657466168611e-03
9.024469110666811025e-03
9.021672248444218001e-03
9.012954847159550947e-03
8.999170226788203580e-03
8.981667722015371572e-03
8.962160599955077203e-03
8.942558353628960940e-03
8.924779787484340629e-03
8.910565191445845787e-03
8.901305989212607642e-03
8.897908536011973901e-03
8.900705398234559987e-03
8.909422799519240918e-03
8.923207419890557060e-03
