8.775971067679241150e-03
8.836424312850203050e-03
8.909535464717380573e-03
8.988136373424241918e-03
9.064521685899974701e-03
9.131203096923518753e-03
9.181642354070509299e-03
9.210891264911029441e-03
9.216076058094149412e-03
9.196678685680626658e-03
9.154587530891294955e-03
9.093912557642719330e-03
9.020582996320905197e-03
8.941766947112177177e-03
8.865169714160625603e-03
8.798279554492863946e-03
8.747634673060144736e-03
8.718183215529804950e-03
8.712798907190118930e-03
8.731999750607098015e-03
8.773897317865719109e-03
8.834381601024277747e-03
8.907523326330516952e-03
8.986154350880914271e-03
9.062569328453520812e-03
9.129279960573695799e-03
9.179748001462480905e-03
9.209025265235950414e-03
9.214237986991107021e-03
9.194868125140188281e-03
9.152804069160440023e-03
9.092155789131185079e-03
9.018852521508928868e-03
8.940062372459662426e-03
8.863490652017649851e-03
8.796625623011495448e-03
8.746005496107633545e-03
8.716578422602988194e-03
8.711218133331196517e-03
8.730442636320629585e-03
8.772363509036899473e-03
8.832870748838346844e-03
8.906035087193491656e-03
8.984688386341362770e-03
9.061125305125683135e-03
9.127857550061615685e-03
9.178346880285338100e-03
9.207645114754478902e-03
9.212878493335177263e-03
9.193528979137374768e-03
9.151484966265747631e-03
9.090856429357726046e-03
9.017572609359758573e-03
8.938801616860605689e-03
8.862248766251031029e-03
8.795402324650973547e-03
8.744800506953949795e-03
8.715391468620738852e-03
8.710048944586500780e-03
8.729290946919716909e-03
8.771229057065650994e-03
8.831753276302730174e-03
8.904934339960869985e-03
8.983604114082773678e-03
9.060057261258833844e-03
9.126805491694846284e-03
9.177310568162327237e-03
9.206624313199931325e-03
9.211872970201120253e-03
9.192538505750448563e-03
9.150509317375142906e-03
9.089895383083997429e-03
9.016625947144337253e-03
8.937869123416116932e-03
8.861330229512289977e-03
8.794497535726837970e-03
8.743909260079767848e-03
8.714513561111521950e-03
8.709184176790885773e-03
8.728439122174519796e-03
8.770389981651173505e-03
8.830926759398706472e-03
8.904120193603044797e-03
8.982802153120165653e-03
9.059267303311623401e-03
9.126027357112933072e-03
9.176544079984427088e-03
9.205869297113349753e-03
9.211129254502108815e-03
9.191805921305201341e-03
9.149787697581257886e-03
9.089184563832656064e-03
9.015925766782955861e-03
8.937179422711528931e-03
8.860650851614649756e-03
8.793828326133821399e-03
8.743250066601527398e-03
8.713864233836054671e-03
8.708544568049932100e-03
8.727809086509967160e-03
