8.958680160588481864e-03
8.959781714026067434e-03
8.961069859556249420e-03
8.962418267295456376e-03
8.963694709652516787e-03
8.964774004679607403e-03
8.965550269746755396e-03
8.965947286064568020e-03
8.965925959503760756e-03
8.965488147394312657e-03
8.964676476710609770e-03
8.963570171439644296e-03
8.962277297578952195e-03
8.960924184877403637e-03
8.959643060793031841e-03
8.958559107142001487e-03
8.957778206424111753e-03
8.957376577299908799e-03
8.957393313771247825e-03
8.957826558382035384e-03
8.958633684033075542e-03
8.959735466613773583e-03
8.961023840004279928e-03
8.962372474334524483e-03
8.963649142026498817e-03
8.964728661145166325e-03
8.965505149072974800e-03
8.965902387032645068e-03
8.965881280906673120e-03
8.965443688036553102e-03
8.964632235407825334e-03
8.963526147018424650e-03
8.962233488876508725e-03
8.960880590741331780e-03
8.959599680081056089e-03
8.958515938721732519e-03
8.957735249172812247e-03
8.957333830104290476e-03
8.957350775527226847e-03
8.957784227994539800e-03
8.958591560415847532e-03
8.959693548689182108e-03
8.960982126703157663e-03
8.962330964595957919e-03
8.963607834797627030e-03
8.964687555381109854e-03
8.965464243736610134e-03
8.965861681094451988e-03
8.965840773344649697e-03
8.965403377835979778e-03
8.964592121561207674e-03
8.963486228525342422e-03
8.962193764743445895e-03
8.960841059981621004e-03
8.959560341714729523e-03
8.958476791775398657e-03
8.957696292679531019e-03
8.957295063103542024e-03
8.957312197064736317e-03
8.957745837122188873e-03
8.958553356191632788e-03
8.959655530177065841e-03
8.960944292972963798e-03
8.962293314723356399e-03
8.963570367864027999e-03
8.964650270473512733e-03
8.965427139947617502e-03
8.965824757522168967e-03
8.965804029092553848e-03
8.965366812012960998e-03
8.964555733281392991e-03
8.963450016908083851e-03
8.962157728913240640e-03
8.960805199068062887e-03
8.959524654852439596e-03
8.958441278103938463e-03
8.957660951343435554e-03
8.957259893252134120e-03
8.957277197852176950e-03
8.957711007707402570e-03
8.958518695738191401e-03
8.959621037853238851e-03
8.960909967951617705e-03
8.962259156181902678e-03
8.963536374984386670e-03
8.964616442442095018e-03
8.965393475955232144e-03
8.965791256764013561e-03
8.965770690768195758e-03
8.965333635326222864e-03
8.964522717440387423e-03
8.963417161125128430e-03
8.962125032404882202e-03
8.960772661054952626e-03
8.959492274559371222e-03
8.958409054759792697e-03
8.957628884181112472e-03
8.957227981508579170e-03
8.957245440768318509e-03
8.957679404528103365e-03
