8.934019825091187722e-03
1.029776372782902766e-02
1.153067436645096103e-02
1.251206585745496744e-02
1.314587276394508022e-02
1.337005364992168918e-02
1.316266412830530488e-02
1.254400493043924918e-02
1.157463472906272023e-02
1.034944223348623765e-02
8.988357821594759878e-03
7.624613918856804583e-03
6.391703280234984838e-03
5.410311789231020928e-03
4.776504882740858701e-03
4.552323996764475258e-03
4.759713518380840475e-03
5.378372716246850212e-03
6.347742917623138900e-03
7.572935413199585047e-03
8.934019825091168640e-03
1.029776372782916644e-02
1.153067436645109287e-02
1.251206585745490325e-02
1.314587276394481655e-02
1.337005364992135958e-02
1.316266412830500998e-02
1.254400493043903581e-02
1.157463472906288850e-02
1.034944223348662797e-02
8.988357821595285499e-03
7.624613918857141986e-03
6.391703280235165249e-03
5.410311789231145828e-03
4.776504882741065133e-03
4.552323996764400665e-03
4.759713518380879506e-03
5.378372716246799037e-03
6.347742917623027011e-03
7.572935413199456678e-03
8.934019825090995168e-03
1.029776372782901378e-02
1.153067436645082572e-02
1.251206585745491193e-02
1.314587276394507155e-02
1.337005364992150877e-02
1.316266412830507937e-02
1.254400493043923356e-02
1.157463472906312268e-02
1.034944223348675113e-02
8.988357821595282030e-03
7.624613918857246070e-03
6.391703280235228567e-03
5.410311789231197870e-03
4.776504882740935029e-03
4.552323996764274031e-03
4.759713518380792770e-03
5.378372716246612555e-03
6.347742917622815374e-03
7.572935413199184326e-03
8.934019825090665570e-03
1.029776372782864081e-02
1.153067436645074245e-02
1.251206585745492927e-02
1.314587276394499522e-02
1.337005364992158683e-02
1.316266412830535172e-02
1.254400493043925785e-02
1.157463472906326493e-02
1.034944223348698879e-02
8.988357821595583871e-03
7.624613918857533167e-03
6.391703280235527806e-03
5.410311789231370475e-03
4.776504882741030439e-03
4.552323996764496943e-03
4.759713518380814454e-03
5.378372716246647249e-03
6.347742917622721699e-03
7.572935413199068100e-03
8.934019825090571895e-03
1.029776372782838754e-02
1.153067436645051173e-02
1.251206585745454937e-02
1.314587276394484257e-02
1.337005364992142030e-02
1.316266412830515570e-02
1.254400493043939663e-02
1.157463472906305677e-02
1.034944223348704083e-02
8.988357821595656730e-03
7.624613918857549646e-03
6.391703280235471428e-03
5.410311789231433792e-03
4.776504882741268963e-03
4.552323996764474391e-03
4.759713518380791035e-03
5.378372716246623830e-03
6.347742917622608942e-03
7.572935413198951873e-03
