8.955432346356652709e-03
8.958042825441195692e-03
8.960982211645384526e-03
8.963962477706439308e-03
8.966691599041575617e-03
8.968902139087577344e-03
8.970377427794577405e-03
8.970972770740505073e-03
8.970629612770661399e-03
8.969381269726451472e-03
8.967349667201524391e-03
8.964733405559073207e-03
8.961788319489150459e-03
8.958802435072009754e-03
8.956067775724796745e-03
8.953851776861820183e-03
8.952371107400460687e-03
8.951770460646452793e-03
8.952108390654097900e-03
8.953351580497431392e-03
8.955378103513638582e-03
8.957989358285759970e-03
8.960929509084981925e-03
8.963910528807159800e-03
8.966640393025878883e-03
8.968851665331994266e-03
8.970327675827583294e-03
8.970923730240318306e-03
8.970581273563153074e-03
8.969333621782916294e-03
8.967302700636685733e-03
8.964687110629039613e-03
8.961742686589342644e-03
8.958757454735221185e-03
8.956023438619222996e-03
8.953808073789044919e-03
8.952328029293637676e-03
8.951727998568394240e-03
8.952066535795447783e-03
8.953310324174779816e-03
8.955337437167781856e-03
8.957949273479840976e-03
8.960889997502823057e-03
8.963871582251495274e-03
8.966602003416665120e-03
8.968813824704787926e-03
8.970290376331763182e-03
8.970886964137565756e-03
8.970545033225765796e-03
8.969297899692321718e-03
8.967267489381803430e-03
8.964652402904815451e-03
8.961708475195111212e-03
8.958723732573356177e-03
8.955990198693556878e-03
8.953775309203463803e-03
8.952295733250650173e-03
8.951696164367712455e-03
8.952035156832592599e-03
8.953279393939710465e-03
8.955306949243575787e-03
8.957919221541335575e-03
8.960860375315314597e-03
8.963842383669422265e-03
8.966573222382357572e-03
8.968785455247178448e-03
8.970262412565212576e-03
8.970859400260549829e-03
8.970517863519773816e-03
8.969271118520598732e-03
8.967241091188222699e-03
8.964626382212643324e-03
8.961682826606009664e-03
8.958698450766116456e-03
8.955965278423093368e-03
8.953750745299700331e-03
8.952271520617480910e-03
8.951672297981867407e-03
8.952011631742626263e-03
8.953256205265025178e-03
8.955284092173325383e-03
8.957896691333479960e-03
8.960838167295618814e-03
8.963820493230519743e-03
8.966551644982749189e-03
8.968764186410304456e-03
8.970241447878529728e-03
8.970838735374670955e-03
8.970497494147459949e-03
8.969251040435896952e-03
8.967221300225649075e-03
8.964606874266293005e-03
8.961663597628660022e-03
8.958679496768437792e-03
8.955946595472816241e-03
8.953732329520791566e-03
8.952253368189265828e-03
8.951654405138356752e-03
8.951993994771695676e-03
8.953238820507643247e-03
