8.767387431868811296e-03
8.855273561048128406e-03
8.954232896589310944e-03
9.054568520644970531e-03
9.146448938928422590e-03
9.220870453811400719e-03
9.270538506946859533e-03
9.290581719459546639e-03
9.279028734475398832e-03
9.237001185320007496e-03
9.168603900314190383e-03
9.080523091685480455e-03
8.981371860664593559e-03
8.880847085287430637e-03
8.788780220598476495e-03
8.714174925544869790e-03
8.664325720345830359e-03
8.644103946293935775e-03
8.655480923218036859e-03
8.697334981277071025e-03
8.765561256156999964e-03
8.853473500151660264e-03
8.952458577059134795e-03
9.052819574372436909e-03
9.144725003068966337e-03
9.219171170709253987e-03
9.268863524060767453e-03
9.288930689289699033e-03
9.277401314491373271e-03
9.235397037889640434e-03
9.167022692633534225e-03
9.078964495709806667e-03
8.979835553040325588e-03
8.879332747284989294e-03
8.787287538046200872e-03
8.712703588763880125e-03
8.662875424085704490e-03
8.642674389669457655e-03
8.654071809646706609e-03
8.695946018417588172e-03
8.764192155848615773e-03
8.852123978354461617e-03
8.951128353795016757e-03
9.051508373667065815e-03
9.143432552894499230e-03
9.217897202927913258e-03
9.267607774369279391e-03
9.287692897164372477e-03
9.276181223134031748e-03
9.234194394174475434e-03
9.165837247054449410e-03
9.077796002328723107e-03
8.978683769436139259e-03
8.878197434503300525e-03
8.786168460549706460e-03
8.711600514383551278e-03
8.661788123972577122e-03
8.641602638247135662e-03
8.653015384564640561e-03
8.694904700504891767e-03
8.763165729068629964e-03
8.851112229759884251e-03
8.950131073483752128e-03
9.050525354738696987e-03
9.142463591407315460e-03
9.216942097856655608e-03
9.266666327563351235e-03
9.286764913306827171e-03
9.275266509701025203e-03
9.233292761395284209e-03
9.164948507872090755e-03
9.076919972361235933e-03
8.977820266938255425e-03
8.877346280328757971e-03
8.785329478114086224e-03
8.710773529627622788e-03
8.660972965326236769e-03
8.640799136593775576e-03
8.652223373206041276e-03
8.694124015126680413e-03
8.762396207706175597e-03
8.850353712764675446e-03
8.949383403490301925e-03
9.049788376631884984e-03
9.141737152290229512e-03
9.216226047018841183e-03
9.265960516449562104e-03
9.286069195486204575e-03
9.274580740836696827e-03
9.232616799214398567e-03
9.164282212136450056e-03
9.076263204837949766e-03
8.977172891371267005e-03
8.876708162410517841e-03
8.784700485457673513e-03
8.710153531739279337e-03
8.660361833578296767e-03
8.640196744197992454e-03
8.651629595187265015e-03
8.693538728296971996e-03
