8.596202452669561567e-02
8.722119697981452202e-02
8.863772652549008202e-02
9.007295338225462800e-02
9.138638754554141708e-02
9.244946092824012085e-02
9.315811250077478400e-02
9.344297450975823371e-02
9.327616267699082031e-02
9.267400570691343431e-02
9.169544691925315960e-02
9.043627446614159460e-02
8.901974492047137755e-02
8.758451806370508297e-02
8.627108390040480468e-02
8.520801051771237367e-02
8.449935894516646950e-02
8.421449693618351939e-02
8.438130876894318899e-02
8.498346573901596757e-02
8.596202452668705307e-02
8.722119697980050546e-02
8.863772652548385089e-02
9.007295338224964587e-02
9.138638754553662924e-02
9.244946092824050943e-02
9.315811250076729000e-02
9.344297450974427266e-02
9.327616267698199404e-02
9.267400570692335693e-02
9.169544691925111957e-02
9.043627446614041498e-02
8.901974492046553500e-02
8.758451806369875470e-02
8.627108390038279451e-02
8.520801051768082945e-02
8.449935894514681856e-02
8.421449693617398535e-02
8.438130876894915644e-02
8.498346573901977008e-02
8.596202452667808802e-02
8.722119697979674457e-02
8.863772652547427522e-02
9.007295338224180492e-02
9.138638754554723187e-02
9.244946092823949635e-02
9.315811250076781735e-02
9.344297450974277386e-02
9.327616267697907970e-02
9.267400570691647355e-02
9.169544691925374247e-02
9.043627446613905496e-02
8.901974492046672849e-02
8.758451806370239068e-02
8.627108390040955088e-02
8.520801051770787726e-02
8.449935894517304757e-02
8.421449693619298404e-02
8.438130876895572063e-02
8.498346573902679224e-02
8.596202452669531036e-02
8.722119697980731945e-02
8.863772652547434461e-02
9.007295338224112491e-02
9.138638754553615740e-02
9.244946092824490869e-02
9.315811250077789263e-02
9.344297450976235542e-02
9.327616267699340158e-02
9.267400570692556350e-02
9.169544691924869095e-02
9.043627446614357912e-02
8.901974492047251553e-02
8.758451806370569359e-02
8.627108390040484631e-02
8.520801051771544066e-02
8.449935894517528190e-02
8.421449693619655064e-02
8.438130876895552634e-02
8.498346573902307299e-02
8.596202452668470773e-02
8.722119697980069974e-02
8.863772652548003450e-02
9.007295338224768910e-02
9.138638754553689292e-02
9.244946092824102291e-02
9.315811250077445094e-02
9.344297450975118380e-02
9.327616267698585206e-02
9.267400570693061501e-02
9.169544691926462265e-02
9.043627446614538323e-02
8.901974492046983711e-02
8.758451806370852466e-02
8.627108390040205688e-02
8.520801051771333123e-02
8.449935894516893975e-02
8.421449693619195709e-02
8.438130876895480470e-02
8.498346573902336443e-02
