8.851770493516603056e-02
8.868227280199141027e-02
8.886117747998709127e-02
8.903690653277544775e-02
8.919225837627210718e-02
8.931202608964794454e-02
8.938448597463789780e-02
8.940254515286907844e-02
8.936443586611608758e-02
8.927388851690881699e-02
8.913976651065877443e-02
8.897519864382938404e-02
8.879629396583761658e-02
8.862056491305958517e-02
8.846521306956538211e-02
8.834544535619388850e-02
8.827298547119732941e-02
8.825492629297901348e-02
8.829303557972555117e-02
8.838358292891809742e-02
8.851770493516603056e-02
8.868227280199141027e-02
8.886117747998709127e-02
8.903690653277274158e-02
8.919225837626826303e-02
8.931202608964795842e-02
8.938448597463781453e-02
8.940254515286892578e-02
8.936443586611593493e-02
8.927388851690881699e-02
8.913976651066141121e-02
8.897519864382644195e-02
8.879629396582913725e-02
8.862056491305406181e-02
8.846521306956274533e-02
8.834544535618726879e-02
8.827298547120017436e-02
8.825492629298278824e-02
8.829303557973279537e-02
8.838358292893701285e-02
8.851770493518515415e-02
8.868227280200585705e-02
8.886117748000865735e-02
8.903690653277732125e-02
8.919225837627457742e-02
8.931202608964546041e-02
8.938448597464115908e-02
8.940254515286634451e-02
8.936443586611304835e-02
8.927388851690479243e-02
8.913976651066100876e-02
8.897519864382467947e-02
8.879629396583547940e-02
8.862056491305489447e-02
8.846521306956638131e-02
8.834544535619431871e-02
8.827298547119553918e-02
8.825492629298027636e-02
8.829303557972846550e-02
8.838358292892363466e-02
8.851770493516590566e-02
8.868227280198763551e-02
8.886117747998069361e-02
8.903690653276853662e-02
8.919225837626508502e-02
8.931202608964333711e-02
8.938448597463112544e-02
8.940254515285417369e-02
8.936443586611153567e-02
8.927388851690286342e-02
8.913976651066425616e-02
8.897519864383196531e-02
8.879629396583982315e-02
8.862056491306408157e-02
8.846521306957391695e-02
8.834544535619168193e-02
8.827298547119689920e-02
8.825492629297880531e-02
8.829303557972538463e-02
8.838358292891809742e-02
8.851770493516608607e-02
8.868227280199565687e-02
8.886117747998671657e-02
8.903690653277239464e-02
8.919225837626773568e-02
8.931202608965205236e-02
8.938448597464006273e-02
8.940254515287049397e-02
8.936443586611790557e-02
8.927388851692077965e-02
8.913976651067045953e-02
8.897519864382875954e-02
8.879629396583790801e-02
8.862056491306617712e-02
8.846521306957257080e-02
8.834544535619179295e-02
8.827298547120314420e-02
8.825492629298110903e-02
8.829303557972380256e-02
8.838358292892962986e-02
