9.275941308765850435e-02
9.765594008320070685e-02
1.017158602724117233e-01
1.045417603801052087e-01
1.058570216144966714e-01
1.055328970420145590e-01
1.036011142340827473e-01
1.002507695515214153e-01
9.580981807507722714e-02
9.071297107714178243e-02
8.545914345376587340e-02
8.056261645821929940e-02
7.650269626897701625e-02
7.367679616129832465e-02
7.236153492693850331e-02
7.268565949941516169e-02
7.461744230730019134e-02
7.796778698986403522e-02
8.240873846633327282e-02
8.750558546425474260e-02
9.275941308765779658e-02
9.765594008320511998e-02
1.017158602724134164e-01
1.045417603801087059e-01
1.058570216144932158e-01
1.055328970420122969e-01
1.036011142340886454e-01
1.002507695515471725e-01
9.580981807507109316e-02
9.071297107715842190e-02
8.545914345372905563e-02
8.056261645821996553e-02
7.650269626896404052e-02
7.367679616128695874e-02
7.236153492691502209e-02
7.268565949940465620e-02
7.461744230730830985e-02
7.796778698986976675e-02
8.240873846634787225e-02
8.750558546425614426e-02
9.275941308767088334e-02
9.765594008318775887e-02
1.017158602724200500e-01
1.045417603801114537e-01
1.058570216144977677e-01
1.055328970420130047e-01
1.036011142340842045e-01
1.002507695515223590e-01
9.580981807507953085e-02
9.071297107714716701e-02
8.545914345373034626e-02
8.056261645821991002e-02
7.650269626897721054e-02
7.367679616129832465e-02
7.236153492693850331e-02
7.268565949941516169e-02
7.461744230730019134e-02
7.796778698986403522e-02
8.240873846633969824e-02
8.750558546426143169e-02
9.275941308766179338e-02
9.765594008319432306e-02
1.017158602724316796e-01
1.045417603801066520e-01
1.058570216144859022e-01
1.055328970419939366e-01
1.036011142340982766e-01
1.002507695515462427e-01
9.580981807507248094e-02
9.071297107716548569e-02
8.545914345373203935e-02
8.056261645821125028e-02
7.650269626899224018e-02
7.367679616130816400e-02
7.236153492690784728e-02
7.268565949939902182e-02
7.461744230732286765e-02
7.796778698986484013e-02
8.240873846633811617e-02
8.750558546427032736e-02
9.275941308767202131e-02
9.765594008319208874e-02
1.017158602724245742e-01
1.045417603801176015e-01
1.058570216145115622e-01
1.055328970420101736e-01
1.036011142340792918e-01
1.002507695515300890e-01
9.580981807509404702e-02
9.071297107716345953e-02
8.545914345375169030e-02
8.056261645821255479e-02
7.650269626897382436e-02
7.367679616128580689e-02
7.236153492691320410e-02
7.268565949940047899e-02
7.461744230731785776e-02
7.796778698987433254e-02
8.240873846633352262e-02
8.750558546425801776e-02
