8.814015863674863616e-02
8.830401088843167767e-02
8.851926194927223213e-02
8.876484013492981495e-02
8.901670518750731675e-02
8.925020150121673601e-02
8.944247158266455111e-02
8.957469349946747816e-02
8.963392330011293874e-02
8.961436205618572570e-02
8.951792350002805987e-02
8.935404669349621132e-02
8.913877206511663931e-02
8.889317125952998777e-02
8.864128449653355113e-02
8.840776734534502856e-02
8.821547726425645053e-02
8.808323615196478329e-02
8.802398792764756785e-02
8.804353148868794554e-02
8.813995307295970083e-02
8.830381359001383823e-02
8.851907258389013489e-02
8.876465838360761418e-02
8.901653074409746069e-02
8.925003407187946658e-02
8.944231088537585306e-02
8.957453926354455587e-02
8.963377526575509735e-02
8.961421997403944129e-02
8.951778713076208316e-02
8.935391580740802142e-02
8.913864644173644103e-02
8.889305068725417147e-02
8.864116877226502211e-02
8.840765627415304861e-02
8.821537065904759556e-02
8.808313383316918044e-02
8.802388972291774749e-02
8.804343723260292520e-02
8.813986260674880335e-02
8.830372676129616405e-02
8.851898924640735911e-02
8.876457839698385921e-02
8.901645397359954359e-02
8.924996038819220379e-02
8.944224016438546976e-02
8.957447138612358029e-02
8.963371011757015339e-02
8.961415744535206063e-02
8.951772711624798873e-02
8.935385820597507855e-02
8.913859115635718033e-02
8.889299762480620815e-02
8.864111784336707600e-02
8.840760739301899152e-02
8.821532374334199733e-02
8.808308880386593598e-02
8.802384650416553158e-02
8.804339575160485820e-02
8.813982279363302696e-02
8.830368854899828257e-02
8.851895257056062449e-02
8.876454319581104924e-02
8.901642018780647758e-02
8.924992796087030666e-02
8.944220904091165769e-02
8.957444151407266408e-02
8.963368144662280101e-02
8.961412992721326520e-02
8.951770070456648021e-02
8.935383285626170846e-02
8.913856682591314584e-02
8.889297427264770957e-02
8.864109543015911974e-02
8.840758588100777748e-02
8.821530309629251054e-02
8.808306898699971854e-02
8.802382748410272906e-02
8.804337749630422594e-02
8.813980527234727136e-02
8.830367173221309596e-02
8.851893642994879130e-02
8.876452770418397087e-02
8.901640531907095699e-02
8.924991368998096142e-02
8.944219534382948089e-02
8.957442836772790129e-02
8.963366882887088827e-02
8.961411781680149458e-02
8.951768908109426770e-02
8.935382170015154779e-02
8.913855611837244453e-02
8.889296399563845208e-02
8.864108556637149972e-02
8.840757641382555876e-02
8.821529400976899082e-02
8.808306026582916892e-02
8.802381911359627442e-02
8.804336946236272776e-02
