8.153506951051933682e-02
8.337056459203151526e-02
8.574034349563562640e-02
8.841243575079238415e-02
9.112527834978931263e-02
9.361331935736103005e-02
9.563301198431133077e-02
9.698665464412842274e-02
9.754174336174180338e-02
9.724394218581977611e-02
9.612240197023955157e-02
9.428690688542602782e-02
9.191712797883214159e-02
8.924503572097285120e-02
8.653219311953128101e-02
8.404415210974419681e-02
8.202445948078873617e-02
8.067081681915724833e-02
8.011572809989930821e-02
8.041352927433451092e-02
8.153506948857147663e-02
8.337056457216525385e-02
8.574034347765316366e-02
8.841243573451371129e-02
9.112527833505527919e-02
9.361331934402536414e-02
9.563301197223926520e-02
9.698665463320263469e-02
9.754174335185711309e-02
9.724394217687223896e-02
9.612240196213760191e-02
9.428690687809347659e-02
9.191712797219736553e-02
8.924503571496616994e-02
8.653219311409002246e-02
8.404415210481890053e-02
8.202445947633067724e-02
8.067081681512050517e-02
8.011572809623958291e-02
8.041352927102449200e-02
8.153506948557392997e-02
8.337056456944971772e-02
8.574034347519314536e-02
8.841243573228654840e-02
9.112527833304163993e-02
9.361331934220287754e-02
9.563301197059055625e-02
9.698665463170874634e-02
9.754174335050143363e-02
9.724394217564159837e-02
9.612240196102590784e-02
9.428690687708808638e-02
9.191712797128613610e-02
8.924503571414296732e-02
8.653219311334538200e-02
8.404415210414588333e-02
8.202445947572276075e-02
8.067081681456864106e-02
8.011572809574409038e-02
8.041352927057551780e-02
8.153506948516510422e-02
8.337056456908116531e-02
8.574034347486089724e-02
8.841243573198637185e-02
9.112527833276642952e-02
9.361331934195092630e-02
9.563301197036140622e-02
9.698665463150175914e-02
9.754174335031672027e-02
9.724394217547807640e-02
9.612240196087716571e-02
9.428690687695431838e-02
9.191712797116736999e-02
8.924503571403562263e-02
8.653219311324934770e-02
8.404415210405999370e-02
8.202445947564591944e-02
8.067081681449843333e-02
8.011572809568151543e-02
8.041352927051664823e-02
8.153506948511043961e-02
8.337056456903155222e-02
8.574034347481593321e-02
8.841243573194386418e-02
9.112527833273127709e-02
9.361331934191956250e-02
9.563301197033126366e-02
9.698665463147525256e-02
9.754174335029219822e-02
9.724394217545168084e-02
9.612240196085276855e-02
9.428690687693265515e-02
9.191712797114838518e-02
8.924503571401673496e-02
8.653219311323204210e-02
8.404415210404285463e-02
8.202445947562736484e-02
8.067081681448269592e-02
8.011572809566649966e-02
8.041352927050282595e-02
