9.069260734683769198e-02
9.444909578608065570e-02
9.765542422301003167e-02
9.999773489038672747e-02
1.012467461002783536e-01
1.012801959330729973e-01
1.000948100860591383e-01
9.780662238504825301e-02
9.463961658493885709e-02
9.090380127922526032e-02
8.696486409908714410e-02
8.320837565979186112e-02
8.000204722288731252e-02
7.765973655548250032e-02
7.641072534559946450e-02
7.637727551280697191e-02
7.756266135982149701e-02
7.985084906086152567e-02
8.301785486097476574e-02
8.675367016664863040e-02
9.069260734680584246e-02
9.444909578607053879e-02
9.765542422301537462e-02
9.999773489041730024e-02
1.012467461003043329e-01
1.012801959330620616e-01
1.000948100860585832e-01
9.780662238505011263e-02
9.463961658491881757e-02
9.090380127921052211e-02
8.696486409906224735e-02
8.320837565980405970e-02
8.000204722289072645e-02
7.765973655547277199e-02
7.641072534558987495e-02
7.637727551280443228e-02
7.756266135982026189e-02
7.985084906083533829e-02
8.301785486095693278e-02
8.675367016666599151e-02
9.069260734682846326e-02
9.444909578608350065e-02
9.765542422303619130e-02
9.999773489040096608e-02
1.012467461003177388e-01
1.012801959330706242e-01
1.000948100860442613e-01
9.780662238505820338e-02
9.463961658492363316e-02
9.090380127922843834e-02
8.696486409905644643e-02
8.320837565980808426e-02
8.000204722289457060e-02
7.765973655548935595e-02
7.641072534561343943e-02
7.637727551281144056e-02
7.756266135981111642e-02
7.985084906085010426e-02
8.301785486099065581e-02
8.675367016663694530e-02
9.069260734681283687e-02
9.444909578609336775e-02
9.765542422300317604e-02
9.999773489041731411e-02
1.012467461003014740e-01
1.012801959330856261e-01
1.000948100860420548e-01
9.780662238502947636e-02
9.463961658492563156e-02
9.090380127921289521e-02
8.696486409905235249e-02
8.320837565979936901e-02
8.000204722289304404e-02
7.765973655548902288e-02
7.641072534561389740e-02
7.637727551281844884e-02
7.756266135981955412e-02
7.985084906085818113e-02
8.301785486100161926e-02
8.675367016663942943e-02
9.069260734680771596e-02
9.444909578607206535e-02
9.765542422300196868e-02
9.999773489040066077e-02
1.012467461002924951e-01
1.012801959330527218e-01
1.000948100860798579e-01
9.780662238505977157e-02
9.463961658492023310e-02
9.090380127921333930e-02
8.696486409904100046e-02
8.320837565982139306e-02
8.000204722289276649e-02
7.765973655549980592e-02
7.641072534559772977e-02
7.637727551280044935e-02
7.756266135980435794e-02
7.985084906085378187e-02
8.301785486099645672e-02
8.675367016664832509e-02
