8.085406639513607885e-02
8.435685521924855823e-02
8.829738286448653162e-02
9.228992302966476657e-02
9.594365806575570754e-02
9.890093493036011818e-02
1.008722747594105740e-01
1.016647090752938049e-01
1.012006688859639209e-01
9.952557767832845292e-02
9.680340505080603508e-02
9.330061622669716392e-02
8.936008858145248757e-02
8.536754841626288670e-02
8.171381338017597029e-02
7.875653651558359170e-02
7.678519668652974972e-02
7.599276237064118977e-02
7.645680255996564756e-02
7.813189376761062177e-02
8.085406639511817650e-02
8.435685521923734498e-02
8.829738286448553242e-02
9.228992302966397554e-02
9.594365806576189704e-02
9.890093493036566930e-02
1.008722747594135993e-01
1.016647090752974686e-01
1.012006688859726222e-01
9.952557767832653779e-02
9.680340505080600733e-02
9.330061622669344468e-02
8.936008858145952360e-02
8.536754841626804924e-02
8.171381338017209839e-02
7.875653651558071899e-02
7.678519668652675212e-02
7.599276237063497252e-02
7.645680255995832009e-02
7.813189376760203142e-02
8.085406639512873750e-02
8.435685521923522168e-02
8.829738286448400586e-02
9.228992302966049222e-02
9.594365806575724798e-02
9.890093493035960470e-02
1.008722747594086588e-01
1.016647090752965665e-01
1.012006688859730941e-01
9.952557767833079827e-02
9.680340505080820002e-02
9.330061622669738597e-02
8.936008858146161915e-02
8.536754841627219870e-02
8.171381338018317286e-02
7.875653651557699975e-02
7.678519668652168673e-02
7.599276237063719297e-02
7.645680255997461261e-02
7.813189376761286997e-02
8.085406639513091631e-02
8.435685521924370101e-02
8.829738286448585161e-02
9.228992302965786931e-02
9.594365806576037048e-02
9.890093493036244965e-02
1.008722747594140157e-01
1.016647090752949428e-01
1.012006688859727749e-01
9.952557767832648228e-02
9.680340505080446689e-02
9.330061622669005850e-02
8.936008858145903788e-02
8.536754841627862411e-02
8.171381338018009199e-02
7.875653651557487644e-02
7.678519668653498165e-02
7.599276237064689354e-02
7.645680255997322483e-02
7.813189376762029459e-02
8.085406639513244287e-02
8.435685521924499164e-02
8.829738286448704510e-02
9.228992302965863259e-02
9.594365806575524958e-02
9.890093493036017369e-02
1.008722747594045233e-01
1.016647090752920285e-01
1.012006688859681397e-01
9.952557767832127811e-02
9.680340505080170521e-02
9.330061622668801846e-02
8.936008858144559031e-02
8.536754841627054724e-02
8.171381338017766338e-02
7.875653651558302271e-02
7.678519668653427388e-02
7.599276237064928052e-02
7.645680255997351626e-02
7.813189376761665861e-02
