8.626870718483373168e-02
8.691295380284734529e-02
8.774473050411107922e-02
8.868261718969490393e-02
8.963480697609715886e-02
9.050809289266094348e-02
9.121699162927303373e-02
9.169211123834658528e-02
9.188694370214826879e-02
9.178241746159258863e-02
9.138876427334229058e-02
9.074451765416932658e-02
8.991274095185433635e-02
8.897485426532041053e-02
8.802266447806043892e-02
8.714937856072028921e-02
8.644047982340433145e-02
8.596536021369144409e-02
8.577052774931302748e-02
8.587505398934849876e-02
8.626870717712563363e-02
8.691295379586740089e-02
8.774473049779203671e-02
8.868261718397509041e-02
8.963480697092007787e-02
9.050809288797428964e-02
9.121699162503056624e-02
9.169211123450701773e-02
9.188694369867095313e-02
9.178241745844344102e-02
9.138876427049180684e-02
9.074451765158868255e-02
8.991274094951977325e-02
8.897485426320717039e-02
8.802266447614470746e-02
8.714937855898496899e-02
8.644047982183560019e-02
8.596536021226958146e-02
8.577052774802845780e-02
8.587505398818465197e-02
8.626870717607125483e-02
8.691295379491582873e-02
8.774473049693282123e-02
8.868261718319961351e-02
8.963480697021837529e-02
9.050809288733827063e-02
9.121699162445476294e-02
9.169211123398468555e-02
9.188694369819835894e-02
9.178241745801715701e-02
9.138876427010636516e-02
9.074451765124179337e-02
8.991274094920465032e-02
8.897485426292225941e-02
8.802266447588784348e-02
8.714937855875179440e-02
8.644047982162443577e-02
8.596536021207903944e-02
8.577052774785581812e-02
8.587505398802873502e-02
8.626870717592993731e-02
8.691295379478747307e-02
8.774473049681597026e-02
8.868261718309010389e-02
8.963480697011966258e-02
9.050809288725196466e-02
9.121699162437786612e-02
9.169211123391782237e-02
9.188694369813581175e-02
9.178241745796097972e-02
9.138876427005078462e-02
9.074451765119145863e-02
8.991274094916061610e-02
8.897485426288284649e-02
8.802266447585353759e-02
8.714937855872063877e-02
8.644047982159500099e-02
8.596536021205532230e-02
8.577052774783475164e-02
8.587505398800795997e-02
8.626870717591067494e-02
8.691295379476955685e-02
8.774473049679980263e-02
8.868261718307592079e-02
8.963480697010578480e-02
9.050809288723998813e-02
9.121699162436483488e-02
9.169211123390552665e-02
9.188694369812901164e-02
9.178241745795431838e-02
9.138876427004935521e-02
9.074451765119040392e-02
8.991274094915710502e-02
8.897485426287919663e-02
8.802266447584823628e-02
8.714937855871640604e-02
8.644047982159180910e-02
8.596536021205143652e-02
8.577052774782967237e-02
8.587505398800347745e-02
