8.752669905091373104e-02
8.783652876318723268e-02
8.824354895095959384e-02
8.870791497474662946e-02
8.918416889234705158e-02
8.962568919463212436e-02
8.998925443955149706e-02
9.023927406405157781e-02
9.035127223254457718e-02
9.031428369857477656e-02
9.013192715602123817e-02
8.982205101276129200e-02
8.941498626091529123e-02
8.895057746489838657e-02
8.847428249486612162e-02
8.803272279080057161e-02
8.766911972837966582e-02
8.741906380695547985e-02
8.730703080097436397e-02
8.734398589821254499e-02
8.752631034846874991e-02
8.783615568980873700e-02
8.824319087822730945e-02
8.870757129951292730e-02
8.918383903571026894e-02
8.962537260097115654e-02
8.998895057558441157e-02
9.023898241793819330e-02
9.035099231302744227e-02
9.031401503414498988e-02
9.013166929413304884e-02
8.982180351906238203e-02
8.941474871851770589e-02
8.895034947367772005e-02
8.847406367078645972e-02
8.803251276526391500e-02
8.766891814761222645e-02
8.741887033140800789e-02
8.730684510475089644e-02
8.734380766852017919e-02
8.752613928509048180e-02
8.783599150459904525e-02
8.824303329462671042e-02
8.870742005207959968e-02
8.918369386968047485e-02
8.962523327181952382e-02
8.998881684862099217e-02
9.023885406790990715e-02
9.035086912373628543e-02
9.031389679808719817e-02
9.013155581214535306e-02
8.982169459999310435e-02
8.941464417890021554e-02
8.895024913742154149e-02
8.847396736888113455e-02
8.803242033549649181e-02
8.766882943428926100e-02
8.741878518509750562e-02
8.730676338202834896e-02
8.734372923173021330e-02
8.752606400211129789e-02
8.783591924862017841e-02
8.824296394393775500e-02
8.870735348986429070e-02
8.918362998381909601e-02
8.962517195470112719e-02
8.998875799696050282e-02
9.023879758257521977e-02
9.035081490957891370e-02
9.031384476378918891e-02
9.013150587005845649e-02
8.982164666599325165e-02
8.941459817224417517e-02
8.895020498061430303e-02
8.847392498754438894e-02
8.803237965824005362e-02
8.766879039259592443e-02
8.741874771320372328e-02
8.730672741681719251e-02
8.734369471261847762e-02
8.752603087095399415e-02
8.783588744961079442e-02
8.824293342351399727e-02
8.870732419661618573e-02
8.918360186840319781e-02
8.962514496975869382e-02
8.998873209703756038e-02
9.023877272404262628e-02
9.035079105056804949e-02
9.031382186410731594e-02
9.013148389113434522e-02
8.982162557080351772e-02
8.941457792525636661e-02
8.895018554772328445e-02
8.847390633601766308e-02
8.803236175666023788e-02
8.766877321080825125e-02
8.741873122226659354e-02
8.730671158895213224e-02
8.734367952116546541e-02
