8.875361822259164590e-02
8.877149301368394974e-02
8.879497494759333587e-02
8.882176529511863483e-02
8.884924148267275834e-02
8.887471380780427588e-02
8.889568872578053338e-02
8.891011293488577938e-02
8.891657436768379830e-02
8.891444041380071328e-02
8.890391984403708814e-02
8.888604237423403109e-02
8.886255786931956946e-02
8.883576505416468372e-02
8.880828649820236842e-02
8.878281189989022104e-02
8.876183480013417892e-02
8.874740849697430878e-02
8.874094505432203461e-02
8.874307707916265220e-02
8.875359579744752925e-02
8.877147149021705208e-02
8.879495428954900516e-02
8.882174546770027490e-02
8.884922245248035033e-02
8.887469554278473738e-02
8.889567119516690596e-02
8.891009610914804573e-02
8.891655821847943564e-02
8.891442491392871628e-02
8.890390496738966031e-02
8.888602809575149588e-02
8.886254416495206754e-02
8.883575190082680650e-02
8.880827387373636805e-02
8.878279978303420250e-02
8.876182317047706660e-02
8.874739733492680027e-02
8.874093434108026868e-02
8.874306679668081399e-02
8.875358592840609795e-02
8.877146201799372693e-02
8.879494519818766085e-02
8.882173674188645340e-02
8.884921407751772415e-02
8.887468750456441191e-02
8.889566348014858732e-02
8.891008870433900202e-02
8.891655111140565892e-02
8.891441809261760310e-02
8.890389842035308077e-02
8.888602181195920382e-02
8.886253813381855826e-02
8.883574611219557937e-02
8.880826831785737507e-02
8.878279445054612640e-02
8.876181805239975742e-02
8.874739242263840477e-02
8.874092962630805714e-02
8.874306227148313908e-02
8.875358158515889162e-02
8.877145784938093864e-02
8.879494119718769896e-02
8.882173290175968128e-02
8.884921039179571878e-02
8.887468396703826490e-02
8.889566008486061988e-02
8.891008544556974758e-02
8.891654798366631363e-02
8.891441509064007542e-02
8.890389553907732112e-02
8.888601904653417596e-02
8.886253547958762600e-02
8.883574356468518229e-02
8.880826587277938777e-02
8.878279210378092756e-02
8.876181579999443960e-02
8.874739026079796200e-02
8.874092755139001421e-02
8.874306027999415147e-02
8.875357967374526702e-02
8.877145601482176740e-02
8.879493943639382714e-02
8.882173121176539787e-02
8.884920876975239967e-02
8.887468241021603821e-02
8.889565859063555675e-02
8.891008401142305728e-02
8.891654660718464886e-02
8.891441376950470765e-02
8.890389427106215603e-02
8.888601782950593388e-02
8.886253431149462867e-02
8.883574244355953164e-02
8.880826479673063767e-02
8.878279107099973366e-02
8.876181480873839014e-02
8.874738930939934933e-02
8.874092663824795224e-02
8.874305940356819189e-02
