9.219263591256143808e-02
9.708884502079019596e-02
1.011764970793855994e-01
1.040554642244821970e-01
1.054439330930241753e-01
1.052059906780419690e-01
1.033649284410108615e-01
1.001009623811515981e-01
9.573359223774044469e-02
9.069032662966221292e-02
8.546483553319295101e-02
8.056862642499604266e-02
7.648097436638746915e-02
7.360200722128311390e-02
7.221353835275744204e-02
7.245148076773492984e-02
7.429254300473681072e-02
7.755650906460358207e-02
8.192387920801325052e-02
8.696714481607296932e-02
9.219263591254116263e-02
9.708884502079900836e-02
1.011764970793850998e-01
1.040554642244823219e-01
1.054439330930241753e-01
1.052059906780419135e-01
1.033649284410107227e-01
1.001009623811470461e-01
9.573359223772527626e-02
9.069032662969016279e-02
8.546483553321869431e-02
8.056862642499967864e-02
7.648097436639013369e-02
7.360200722128037998e-02
7.221353835275973188e-02
7.245148076773492984e-02
7.429254300474828765e-02
7.755650906463339156e-02
8.192387920804013179e-02
8.696714481608008862e-02
9.219263591255355550e-02
9.708884502079030698e-02
1.011764970793841423e-01
1.040554642244842926e-01
1.054439330929967528e-01
1.052059906780308668e-01
1.033649284410116248e-01
1.001009623811437155e-01
9.573359223773819648e-02
9.069032662967957403e-02
8.546483553317417436e-02
8.056862642498298366e-02
7.648097436638719160e-02
7.360200722130189055e-02
7.221353835275513833e-02
7.245148076773499923e-02
7.429254300473828176e-02
7.755650906461984684e-02
8.192387920804899970e-02
8.696714481608397440e-02
9.219263591255830170e-02
9.708884502078403422e-02
1.011764970793796459e-01
1.040554642244855416e-01
1.054439330929967528e-01
1.052059906780278553e-01
1.033649284410262381e-01
1.001009623811263544e-01
9.573359223772419380e-02
9.069032662967076164e-02
8.546483553321547466e-02
8.056862642496517846e-02
7.648097436636264179e-02
7.360200722126518380e-02
7.221353835275810817e-02
7.245148076771847079e-02
7.429254300474945338e-02
7.755650906463991412e-02
8.192387920803391455e-02
8.696714481606926395e-02
9.219263591254932277e-02
9.708884502077248790e-02
1.011764970793963964e-01
1.040554642244884698e-01
1.054439330929955870e-01
1.052059906780305337e-01
1.033649284410168012e-01
1.001009623811252858e-01
9.573359223773490745e-02
9.069032662967940750e-02
8.546483553322258009e-02
8.056862642499018623e-02
7.648097436639272884e-02
7.360200722128693029e-02
7.221353835275386157e-02
7.245148076773473556e-02
7.429254300472389050e-02
7.755650906461318550e-02
8.192387920805446755e-02
8.696714481607856206e-02
