8.629977987923827254e-02
8.690156451269326343e-02
8.769212295432746163e-02
8.859406465437535960e-02
8.951909630202196932e-02
9.037666458146070836e-02
9.108282015332413994e-02
9.156843519321902769e-02
9.178597009740696588e-02
9.171412698334806268e-02
9.135993446800207141e-02
9.075805965128619368e-02
8.996741465250966685e-02
8.906538987563107634e-02
8.814027849153451000e-02
8.728263368171249037e-02
8.657640465662319595e-02
8.609071911693240431e-02
8.587311654762420920e-02
8.594489471726295127e-02
8.629902489949305144e-02
8.690083988940100479e-02
8.769142746690666845e-02
8.859339713132331762e-02
8.951845561893843894e-02
9.037604965915548016e-02
9.108222995600143146e-02
9.156786872672754984e-02
9.178542640757277049e-02
9.171360515436001448e-02
9.135943362087353692e-02
9.075757894237169998e-02
8.996695327208321935e-02
8.906494704652948013e-02
8.813985346783693997e-02
8.728222574749651408e-02
8.657601312475043942e-02
8.609034332789237964e-02
8.587275586842342545e-02
8.594454854036084890e-02
8.629869264177675303e-02
8.690052099120451623e-02
8.769112139106496895e-02
8.859310336227245453e-02
8.951817366184422475e-02
9.037577903907834109e-02
9.108197021709782404e-02
9.156761943148444827e-02
9.178518713606895196e-02
9.171337550355705692e-02
9.135921320393881884e-02
9.075736738802707426e-02
8.996675022397904176e-02
8.906475216264540806e-02
8.813966641990483852e-02
8.728204622044463679e-02
8.657584081617665517e-02
8.609017794755387254e-02
8.587259713774754444e-02
8.594439619197558056e-02
8.629854641906246904e-02
8.690038064785689242e-02
8.769098669068640939e-02
8.859297407796830337e-02
8.951804957584245936e-02
9.037565994236247680e-02
9.108185590905935880e-02
9.156750971957830498e-02
9.178508183549109745e-02
9.171327443693585990e-02
9.135911620103509545e-02
9.075727428544676234e-02
8.996666086489585323e-02
8.906466639653840001e-02
8.813958410230686435e-02
8.728196721269795844e-02
8.657576498519713171e-02
8.609010516560834658e-02
8.587252728223980502e-02
8.594432914523963962e-02
8.629848206816104206e-02
8.690031888439582464e-02
8.769092741062861629e-02
8.859291718146075634e-02
8.951799496704736236e-02
9.037560752929552077e-02
9.108180560343234755e-02
9.156746143665539517e-02
9.178503549394270711e-02
9.171322995870298533e-02
9.135907351119637587e-02
9.075723331209323286e-02
8.996662153901199832e-02
8.906462865188219391e-02
8.813954787529813817e-02
8.728193244231638448e-02
8.657573161287183960e-02
8.609007313512889725e-02
8.587249653965343954e-02
8.594429963876176748e-02
