8.714730352922767098e-02
8.756254041131565635e-02
8.810172131414789609e-02
8.871206745412356376e-02
8.933383389840235389e-02
8.990615781520082395e-02
9.037301615182470604e-02
9.068870956139768458e-02
9.082233577333324870e-02
9.076081452290524210e-02
9.051016793867160126e-02
9.009493105459559503e-02
8.955575014995294236e-02
8.894540400833160498e-02
8.832363756255795506e-02
8.775131364439729686e-02
8.728445530653451689e-02
8.696876189583388483e-02
8.683513568287425100e-02
8.689665693237161315e-02
8.714730351575360190e-02
8.756254039905694841e-02
8.810172130299831483e-02
8.871206744398241195e-02
8.933383388917785772e-02
8.990615780681268654e-02
9.037301614419564200e-02
9.068870955445726412e-02
9.082233576701970179e-02
9.076081451715937998e-02
9.051016793344755784e-02
9.009493104984162004e-02
8.955575014563006697e-02
8.894540400440077710e-02
8.832363755898113566e-02
8.775131364114223398e-02
8.728445530357470394e-02
8.696876189314252381e-02
8.683513568042816599e-02
8.689665693014682335e-02
8.714730351372841632e-02
8.756254039721073079e-02
8.810172130131876944e-02
8.871206744245467568e-02
8.933383388778447232e-02
8.990615780554250813e-02
9.037301614303958064e-02
9.068870955340389839e-02
9.082233576606256464e-02
9.076081451629246233e-02
9.051016793265698190e-02
9.009493104912698336e-02
8.955575014497962894e-02
8.894540400380668288e-02
8.832363755843952724e-02
8.775131364065030803e-02
8.728445530312574363e-02
8.696876189273697322e-02
8.683513568005231387e-02
8.689665692980295952e-02
8.714730351341563874e-02
8.756254039693012192e-02
8.810172130106154464e-02
8.871206744221914187e-02
8.933383388757366872e-02
8.990615780535007873e-02
9.037301614286616380e-02
9.068870955324623284e-02
9.082233576591942914e-02
9.076081451615961027e-02
9.051016793253652271e-02
9.009493104901405980e-02
8.955575014487511532e-02
8.894540400371334088e-02
8.832363755835602459e-02
8.775131364057521532e-02
8.728445530305865840e-02
8.696876189267287172e-02
8.683513567999827376e-02
8.689665692975388767e-02
8.714730351337009184e-02
8.756254039688673996e-02
8.810172130102184029e-02
8.871206744218226858e-02
8.933383388754093102e-02
8.990615780532268397e-02
9.037301614283901885e-02
9.068870955322257121e-02
9.082233576589862634e-02
9.076081451614229079e-02
9.051016793252006365e-02
9.009493104900054283e-02
8.955575014486695518e-02
8.894540400370531952e-02
8.832363755834411745e-02
8.775131364056512617e-02
8.728445530304863864e-02
8.696876189266670998e-02
8.683513567999169569e-02
8.689665692974797573e-02
