9.836940517909681381e-02
1.089690924312110287e-01
1.176247627018180142e-01
1.234891386772170863e-01
1.259881743774784457e-01
1.248772467764316108e-01
1.202651012079360565e-01
1.126032066149914440e-01
1.026415626238414147e-01
9.135528435524269131e-02
7.984915136225771704e-02
6.924946411015295289e-02
6.059379383954660581e-02
5.472941786412873627e-02
5.223038216388504323e-02
5.334130976493602072e-02
5.795345533339751193e-02
6.561534992637449437e-02
7.557699391751367124e-02
8.686327218610234713e-02
9.836940517908099313e-02
1.089690924311907255e-01
1.176247627017781711e-01
1.234891386772200977e-01
1.259881743774725060e-01
1.248772467764130562e-01
1.202651012079425236e-01
1.126032066149838112e-01
1.026415626238245948e-01
9.135528435524173374e-02
7.984915136225324839e-02
6.924946411015357739e-02
6.059379383955250387e-02
5.472941786412620357e-02
5.223038216388202482e-02
5.334130976492691689e-02
5.795345533340739985e-02
6.561534992639729558e-02
7.557699391752302487e-02
8.686327218610420675e-02
9.836940517908467074e-02
1.089690924311933623e-01
1.176247627017866643e-01
1.234891386772165173e-01
1.259881743774637630e-01
1.248772467764237559e-01
1.202651012079268417e-01
1.126032066149517674e-01
1.026415626238265932e-01
9.135528435523726509e-02
7.984915136225108345e-02
6.924946411015885095e-02
6.059379383956326609e-02
5.472941786412286597e-02
5.223038216386848009e-02
5.334130976493010878e-02
5.795345533341263178e-02
6.561534992640108421e-02
7.557699391751131202e-02
8.686327218611122891e-02
9.836940517909022186e-02
1.089690924312014531e-01
1.176247627017899255e-01
1.234891386772174054e-01
1.259881743774658169e-01
1.248772467764216187e-01
1.202651012079362230e-01
1.126032066149786209e-01
1.026415626238203205e-01
9.135528435523447566e-02
7.984915136225062549e-02
6.924946411015475700e-02
6.059379383955555698e-02
5.472941786412229698e-02
5.223038216387875660e-02
5.334130976494208531e-02
5.795345533341208361e-02
6.561534992639660169e-02
7.557699391752099871e-02
8.686327218610276346e-02
9.836940517909720239e-02
1.089690924312090581e-01
1.176247627017966563e-01
1.234891386772102029e-01
1.259881743774724783e-01
1.248772467764227706e-01
1.202651012079328507e-01
1.126032066149725425e-01
1.026415626238119660e-01
9.135528435521975132e-02
7.984915136224575438e-02
6.924946411015180103e-02
6.059379383956525061e-02
5.472941786411478216e-02
5.223038216386899357e-02
5.334130976492919285e-02
5.795345533341563632e-02
6.561534992639105057e-02
7.557699391751267204e-02
8.686327218610170875e-02
