8.888199961877296662e-02
8.916354442979823602e-02
8.941231583182525366e-02
8.960396234674482263e-02
8.971972427838993680e-02
8.974827004234781080e-02
8.968680538036540029e-02
8.954134688177928236e-02
8.932613303789978254e-02
8.906223047927804004e-02
8.877547182703826589e-02
8.849392701604781586e-02
8.824515561402852815e-02
8.805350909909596957e-02
8.793774716741403763e-02
8.790920140345373501e-02
8.797066606545798917e-02
8.811612456406089922e-02
8.833133840792022073e-02
8.859524096657117598e-02
8.888199961877296662e-02
8.916354442979823602e-02
8.941231583182525366e-02
8.960396234674482263e-02
8.971972427838993680e-02
8.974827004234781080e-02
8.968680538036540029e-02
8.954134688177928236e-02
8.932613303789978254e-02
8.906223047927804004e-02
8.877547182703826589e-02
8.849392701604781586e-02
8.824515561402852815e-02
8.805350909909727408e-02
8.793774716740705710e-02
8.790920140345348521e-02
8.797066606543534062e-02
8.811612456402968807e-02
8.833133840793418179e-02
8.859524096655739533e-02
8.888199961878251454e-02
8.916354442976928696e-02
8.941231583182072951e-02
8.960396234674758431e-02
8.971972427839224051e-02
8.974827004235519379e-02
8.968680538035425642e-02
8.954134688177094181e-02
8.932613303789996295e-02
8.906223047928352177e-02
8.877547182702778816e-02
8.849392701602790123e-02
8.824515561400585184e-02
8.805350909907858070e-02
8.793774716742340514e-02
8.790920140345163947e-02
8.797066606544735878e-02
8.811612456404971372e-02
8.833133840792951885e-02
8.859524096656254399e-02
8.888199961880048627e-02
8.916354442980073403e-02
8.941231583181225018e-02
8.960396234675145621e-02
8.971972427839287889e-02
8.974827004235519379e-02
8.968680538036712113e-02
8.954134688179096746e-02
8.932613303790205850e-02
8.906223047928217562e-02
8.877547182701217565e-02
8.849392701604233413e-02
8.824515561402912489e-02
8.805350909909163970e-02
8.793774716740651587e-02
8.790920140345345746e-02
8.797066606543534062e-02
8.811612456402968807e-02
8.833133840793273850e-02
8.859524096657515890e-02
8.888199961879018896e-02
8.916354442977678096e-02
8.941231583180403453e-02
8.960396234675563343e-02
8.971972427839845776e-02
8.974827004235957917e-02
8.968680538037428207e-02
8.954134688179761492e-02
8.932613303792398540e-02
8.906223047927024072e-02
8.877547182704188800e-02
8.849392701605826583e-02
8.824515561401116703e-02
8.805350909909678836e-02
8.793774716741260822e-02
8.790920140344919698e-02
8.797066606543968437e-02
8.811612456403622451e-02
8.833133840792453673e-02
8.859524096656103131e-02
