8.662097043622858650e-02
8.812788441673373441e-02
8.973086406540961568e-02
9.127299856563245162e-02
9.260333304783431585e-02
9.359164510390702296e-02
9.414119186383929083e-02
9.419817986183635916e-02
9.375703071560761992e-02
9.286092717724891976e-02
9.159758610461549155e-02
9.009067212411278613e-02
8.848769247544205352e-02
8.694555797522186824e-02
8.561522349302726209e-02
8.462691143695041940e-02
8.407736467702052463e-02
8.402037667901697537e-02
8.446152582523935859e-02
8.535762936359447828e-02
8.662097043622858650e-02
8.812788441673355400e-02
8.973086406540961568e-02
9.127299856563245162e-02
9.260333304783431585e-02
9.359164510390702296e-02
9.414119186383929083e-02
9.419817986183635916e-02
9.375703071560761992e-02
9.286092717724891976e-02
9.159758610461550543e-02
9.009067212411278613e-02
8.848769247544205352e-02
8.694555797522186824e-02
8.561522349302726209e-02
8.462691143695041940e-02
8.407736467702051075e-02
8.402037667901697537e-02
8.446152582523935859e-02
8.535762936359445052e-02
8.662097043623132042e-02
8.812788441673255480e-02
8.973086406540656257e-02
9.127299856563050873e-02
9.260333304783295583e-02
9.359164510390570457e-02
9.414119186383720916e-02
9.419817986183236236e-02
9.375703071560245738e-02
9.286092717724397927e-02
9.159758610461224415e-02
9.009067212411248082e-02
8.848769247544142902e-02
8.694555797522379725e-02
8.561522349302898294e-02
8.462691143694740792e-02
8.407736467702063565e-02
8.402037667901769702e-02
8.446152582524002472e-02
8.535762936359650443e-02
8.662097043622660197e-02
8.812788441673465034e-02
8.973086406540778381e-02
9.127299856563252101e-02
9.260333304783455177e-02
9.359164510390588498e-02
9.414119186383103355e-02
9.419817986183172398e-02
9.375703071560355373e-02
9.286092717724542256e-02
9.159758610461841977e-02
9.009067212411499270e-02
8.848769247543876448e-02
8.694555797521941187e-02
8.561522349302103096e-02
8.462691143694475726e-02
8.407736467701486249e-02
8.402037667901221529e-02
8.446152582524424357e-02
8.535762936360567765e-02
8.662097043623348536e-02
8.812788441673394257e-02
8.973086406540763116e-02
9.127299856563098057e-02
9.260333304783308073e-02
9.359164510390562131e-02
9.414119186383697324e-02
9.419817986183240399e-02
9.375703071559987611e-02
9.286092717724260537e-02
9.159758610461604666e-02
9.009067212410837300e-02
8.848769247543353256e-02
8.694555797522050822e-02
8.561522349302141954e-02
8.462691143694518747e-02
8.407736467701666661e-02
8.402037667901665619e-02
8.446152582524113495e-02
8.535762936359732322e-02
