1.030824209249363854e-01
1.169311705608027385e-01
1.280290580735460315e-01
1.352897449099010330e-01
1.380025044541562940e-01
1.359017929012065196e-01
1.291932425343697843e-01
1.185335330047803115e-01
1.049661109517342483e-01
8.981905017555262549e-02
7.457505052085296182e-02
6.072630088501065893e-02
4.962841337225668698e-02
4.236772653589915283e-02
3.965496699163675864e-02
4.175567854457341160e-02
4.846422891143113698e-02
5.912393844102625806e-02
7.269136049406808853e-02
8.783842127022865875e-02
1.030824209249328743e-01
1.169311705608025165e-01
1.280290580735582440e-01
1.352897449099184080e-01
1.380025044541563217e-01
1.359017929012277803e-01
1.291932425343820523e-01
1.185335330047837810e-01
1.049661109517332491e-01
8.981905017554082937e-02
7.457505052087876063e-02
6.072630088500107631e-02
4.962841337225463306e-02
4.236772653592243976e-02
3.965496699163682109e-02
4.175567854457981620e-02
4.846422891145171080e-02
5.912393844101468399e-02
7.269136049406182964e-02
8.783842127026222912e-02
1.030824209249151385e-01
1.169311705607814222e-01
1.280290580735423955e-01
1.352897449099269289e-01
1.380025044541831059e-01
1.359017929012049097e-01
1.291932425343876867e-01
1.185335330047506269e-01
1.049661109517433522e-01
8.981905017558863835e-02
7.457505052086149666e-02
6.072630088500370615e-02
4.962841337225065014e-02
4.236772653590933219e-02
3.965496699163675864e-02
4.175567854458831635e-02
4.846422891142255357e-02
5.912393844100684304e-02
7.269136049407744216e-02
8.783842127021601609e-02
1.030824209249187329e-01
1.169311705607988111e-01
1.280290580735300721e-01
1.352897449098764693e-01
1.380025044541790535e-01
1.359017929012278358e-01
1.291932425343755020e-01
1.185335330047701946e-01
1.049661109517077279e-01
8.981905017557965942e-02
7.457505052085411368e-02
6.072630088502553591e-02
4.962841337226056582e-02
4.236772653588199294e-02
3.965496699163887501e-02
4.175567854456750660e-02
4.846422891146273670e-02
5.912393844103755458e-02
7.269136049405884592e-02
8.783842127025540125e-02
1.030824209249093099e-01
1.169311705608071794e-01
1.280290580735511108e-01
1.352897449099249305e-01
1.380025044541563217e-01
1.359017929012301396e-01
1.291932425343745861e-01
1.185335330047953134e-01
1.049661109517534968e-01
8.981905017560035120e-02
7.457505052086388364e-02
6.072630088502094237e-02
4.962841337224124100e-02
4.236772653589585685e-02
3.965496699163630068e-02
4.175567854457674921e-02
4.846422891138883055e-02
5.912393844103130958e-02
7.269136049409063993e-02
8.783842127020742574e-02
