9.154749762658831447e-02
9.407696889590312639e-02
9.609270653564942755e-02
9.739739610119109436e-02
9.786332548751955351e-02
9.744488628006665876e-02
9.618303822378194978e-02
9.420129979828628652e-02
9.169365736827761459e-02
8.890557644647180402e-02
8.610997381931122241e-02
8.358050255002148765e-02
8.156476491023516295e-02
8.026007534469303817e-02
7.979414595838210666e-02
8.021258516583948395e-02
8.147443322209091399e-02
8.345617164758296902e-02
8.596381407763582783e-02
8.875189499938915261e-02
9.154749762658831447e-02
9.407696889590480560e-02
9.609270653564942755e-02
9.739739610119109436e-02
9.786332548751955351e-02
9.744488628006665876e-02
9.618303822378194978e-02
9.420129979828628652e-02
9.169365736827761459e-02
8.890557644647180402e-02
8.610997381931122241e-02
8.358050255002148765e-02
8.156476491023516295e-02
8.026007534469303817e-02
7.979414595838210666e-02
8.021258516583948395e-02
8.147443322209091399e-02
8.345617164758296902e-02
8.596381407761348459e-02
8.875189499938915261e-02
9.154749762658831447e-02
9.407696889590312639e-02
9.609270653564945530e-02
9.739739610119109436e-02
9.786332548751955351e-02
9.744488628006665876e-02
9.618303822378194978e-02
9.420129979828628652e-02
9.169365736826620705e-02
8.890557644648700020e-02
8.610997381931122241e-02
8.358050255002148765e-02
8.156476491023516295e-02
8.026007534469303817e-02
7.979414595838210666e-02
8.021258516583948395e-02
8.147443322209091399e-02
8.345617164758296902e-02
8.596381407763582783e-02
8.875189499938891668e-02
9.154749762656182177e-02
9.407696889587784106e-02
9.609270653563761755e-02
9.739739610119792224e-02
9.786332548751955351e-02
9.744488628006665876e-02
9.618303822378194978e-02
9.420129979828628652e-02
9.169365736827761459e-02
8.890557644648727775e-02
8.610997381931122241e-02
8.358050255002148765e-02
8.156476491023516295e-02
8.026007534468478088e-02
7.979414595838210666e-02
8.021258516583948395e-02
8.147443322209091399e-02
8.345617164758296902e-02
8.596381407763407922e-02
8.875189499938891668e-02
9.154749762658831447e-02
9.407696889590312639e-02
9.609270653564945530e-02
9.739739610119109436e-02
9.786332548751955351e-02
9.744488628006665876e-02
9.618303822378194978e-02
9.420129979828628652e-02
9.169365736827761459e-02
8.890557644647180402e-02
8.610997381931122241e-02
8.358050255002148765e-02
8.156476491023516295e-02
8.026007534469303817e-02
7.979414595838210666e-02
8.021258516583948395e-02
8.147443322209091399e-02
8.345617164758296902e-02
8.596381407763407922e-02
8.875189499938915261e-02
