3.600916095840306363e-01
3.610859387321936897e-01
3.618714880259485400e-01
3.623713733638240231e-01
3.625366889167983553e-01
3.623512862090639275e-01
3.618333438699689597e-01
3.610335785931103603e-01
3.600302760912981737e-01
3.589216301884182170e-01
3.578161390962010246e-01
3.568219958355007826e-01
3.560365071481154109e-01
3.555365729835036626e-01
3.553711567554596606e-01
3.555564842853065066e-01
3.560744445125182955e-01
3.568743527187436260e-01
3.578779073386596510e-01
3.589868568918945790e-01
3.600926256903789757e-01
3.610869529682547707e-01
3.618724998049900332e-01
3.623723818933762830e-01
3.625376932800586371e-01
3.623522854576314289e-01
3.618343371187657809e-01
3.610345651082206841e-01
3.600312553622467826e-01
3.589226019780109578e-01
3.578171034632866010e-01
3.568229531286973844e-01
3.560374579713718735e-01
3.555375181370907800e-01
3.553720971583507748e-01
3.555574208866603692e-01
3.560753782009825619e-01
3.568752842384432800e-01
3.578788372200040202e-01
3.589877854038386884e-01
3.600935528186063328e-01
3.610878784211838943e-01
3.618734230467572921e-01
3.623733022003311488e-01
3.625386098150214509e-01
3.623531973545103257e-01
3.618352435691798985e-01
3.610354654416749187e-01
3.600321491121205586e-01
3.589234889270706552e-01
3.578179836644977962e-01
3.568238268995297391e-01
3.560383258623950886e-01
3.555383808781405475e-01
3.553729555876943280e-01
3.555582758702045543e-01
3.560762305494788449e-01
3.568761346307833260e-01
3.578796861400361795e-01
3.589886330967601014e-01
3.600943992710172181e-01
3.610887233665414642e-01
3.618742659954650720e-01
3.623741424912945708e-01
3.625394466834383489e-01
3.623540300091218636e-01
3.618360712713691862e-01
3.610362875786842785e-01
3.600329652573242556e-01
3.589242988815579127e-01
3.578187874760995757e-01
3.568246248576442126e-01
3.560391184693301181e-01
3.555391687999682748e-01
3.553737395895714135e-01
3.555590567425911397e-01
3.560770090325209303e-01
3.568769113442462060e-01
3.578804615255841703e-01
3.589894073781068617e-01
3.600951724356871719e-01
3.610894951708301104e-01
3.618750359919051252e-01
3.623749100757344133e-01
3.625402111569538399e-01
3.623547906485811709e-01
3.618368274016893760e-01
3.610370386397247500e-01
3.600337108589590773e-01
3.589250388416811988e-01
3.578195218380224585e-01
3.568253538853864426e-01
3.560398426214559375e-01
3.555398886846948270e-01
3.553744559056854491e-01
3.555597702120432690e-01
3.560777203313328920e-01
3.568776210384878023e-01
3.578811700186206313e-01
3.589901148741758141e-01
