3.889077600272537460e-01
4.004162145844145648e-01
4.074556225619769823e-01
4.102768357632184948e-01
4.090946640650661714e-01
4.040454957638865974e-01
3.952255457752829049e-01
3.827725528941560706e-01
3.669891276187647877e-01
3.485184493456177091e-01
3.285663635386802950e-01
3.091057572848719959e-01
2.928985042265111471e-01
2.830930282704485768e-01
2.822707033724028980e-01
2.912467679680337262e-01
3.084076686567077119e-01
3.302313216386650874e-01
3.527355971711944593e-01
3.728451334060660649e-01
3.889077600272354829e-01
4.004162145844255005e-01
4.074556225620120653e-01
4.102768357632416429e-01
4.090946640651074162e-01
4.040454957639016964e-01
3.952255457752459900e-01
3.827725528941532951e-01
3.669891276187305373e-01
3.485184493456720545e-01
3.285663635387048864e-01
3.091057572848827095e-01
2.928985042264904970e-01
2.830930282704300915e-01
2.822707033724322634e-01
2.912467679680017518e-01
3.084076686567183145e-01
3.302313216387045558e-01
3.527355971711793603e-01
3.728451334059953992e-01
3.889077600272017876e-01
4.004162145844271659e-01
4.074556225619817562e-01
4.102768357632381457e-01
4.090946640651532129e-01
4.040454957639186828e-01
3.952255457752632539e-01
3.827725528941683941e-01
3.669891276187329243e-01
3.485184493456371380e-01
3.285663635386954495e-01
3.091057572848814328e-01
2.928985042264766747e-01
2.830930282704408052e-01
2.822707033724644599e-01
2.912467679680664778e-01
3.084076686567066017e-01
3.302313216387231520e-01
3.527355971712058391e-01
3.728451334060582378e-01
3.889077600272230484e-01
4.004162145844532006e-01
4.074556225620342143e-01
4.102768357632354812e-01
4.090946640651212940e-01
4.040454957639647016e-01
3.952255457752867351e-01
3.827725528941894328e-01
3.669891276187111639e-01
3.485184493455911192e-01
3.285663635387159331e-01
3.091057572848633916e-01
2.928985042264823924e-01
2.830930282704228751e-01
2.822707033724309866e-01
2.912467679680375010e-01
3.084076686566913916e-01
3.302313216386902339e-01
3.527355971711682581e-01
3.728451334060549072e-01
3.889077600272118351e-01
4.004162145844362142e-01
4.074556225619854199e-01
4.102768357632382568e-01
4.090946640651546007e-01
4.040454957639229572e-01
3.952255457752709145e-01
3.827725528941653965e-01
3.669891276187249307e-01
3.485184493456399135e-01
3.285663635386995574e-01
3.091057572848577850e-01
2.928985042265196959e-01
2.830930282704443024e-01
2.822707033724835002e-01
2.912467679680167398e-01
3.084076686567316927e-01
3.302313216386840167e-01
3.527355971711891858e-01
3.728451334060627342e-01
