3.758549118102463282e-01
3.811442812448973538e-01
3.841097593235385244e-01
3.846516290840533148e-01
3.828634714554169372e-01
3.789750182683695456e-01
3.733165215605236953e-01
3.663072748279334045e-01
3.584604692160179296e-01
3.503906545071255318e-01
3.428073987400754308e-01
3.364791056544933490e-01
3.321561762821444996e-01
3.304551978631630749e-01
3.317251314936440210e-01
3.359356982558555638e-01
3.426347408878329670e-01
3.510047011463202082e-01
3.600110093137571243e-01
3.685960292307527975e-01
3.758549118102713638e-01
3.811442812449446493e-01
3.841097593235511809e-01
3.846516290840564234e-01
3.828634714554529084e-01
3.789750182683883639e-01
3.733165215605236953e-01
3.663072748279256885e-01
3.584604692160153760e-01
3.503906545071349687e-01
3.428073987400963030e-01
3.364791056545065051e-01
3.321561762821816921e-01
3.304551978632108145e-01
3.317251314937229578e-01
3.359356982559351668e-01
3.426347408879141798e-01
3.510047011463849342e-01
3.600110093137882661e-01
3.685960292307402519e-01
3.758549118102348929e-01
3.811442812449056250e-01
3.841097593235136554e-01
3.846516290840370500e-01
3.828634714554706164e-01
3.789750182684084590e-01
3.733165215605355192e-01
3.663072748278995983e-01
3.584604692160270889e-01
3.503906545071132084e-01
3.428073987400646616e-01
3.364791056545202164e-01
3.321561762821924058e-01
3.304551978632236375e-01
3.317251314936958129e-01
3.359356982559065785e-01
3.426347408878467338e-01
3.510047011463386379e-01
3.600110093137890988e-01
3.685960292308088082e-01
3.758549118102653686e-01
3.811442812449642448e-01
3.841097593236048047e-01
3.846516290840749641e-01
3.828634714554514096e-01
3.789750182683794266e-01
3.733165215605477316e-01
3.663072748279503354e-01
3.584604692160315298e-01
3.503906545071293621e-01
3.428073987401092926e-01
3.364791056545431980e-01
3.321561762821849118e-01
3.304551978631927178e-01
3.317251314936773277e-01
3.359356982559102422e-01
3.426347408878881451e-01
3.510047011463589550e-01
3.600110093138021994e-01
3.685960292308040898e-01
3.758549118102601505e-01
3.811442812449518103e-01
3.841097593235525687e-01
3.846516290840642505e-01
3.828634714554919327e-01
3.789750182684073487e-01
3.733165215605603882e-01
3.663072748279911361e-01
3.584604692160406336e-01
3.503906545071445167e-01
3.428073987401189515e-01
3.364791056545401449e-01
3.321561762821885755e-01
3.304551978632063736e-01
3.317251314937178508e-01
3.359356982559420501e-01
3.426347408879089063e-01
3.510047011463747202e-01
3.600110093138334522e-01
3.685960292307856045e-01
