3.601373141021989022e-01
3.605610921897914323e-01
3.608277659370348611e-01
3.609123080147744189e-01
3.608073213471788554e-01
3.605234314109861948e-01
3.600881166536915590e-01
3.595431379583923226e-01
3.589407727647683233e-01
3.583391019504922337e-01
3.577966598193990100e-01
3.573668443345803247e-01
3.570925797275552593e-01
3.570017927203867347e-01
3.571042657408831089e-01
3.573903334985226721e-01
3.578316857269303597e-01
3.583842553972960143e-01
3.589928655177873629e-01
3.595970498623358158e-01
3.601373141022208846e-01
3.605610921898108057e-01
3.608277659370322521e-01
3.609123080147010332e-01
3.608073213470983087e-01
3.605234314109555527e-01
3.600881166536639699e-01
3.595431379583971521e-01
3.589407727647627167e-01
3.583391019504741926e-01
3.577966598193368375e-01
3.573668443345887624e-01
3.570925797275851243e-01
3.570017927204104380e-01
3.571042657409100873e-01
3.573903334985683578e-01
3.578316857269134288e-01
3.583842553972498290e-01
3.589928655177515582e-01
3.595970498622990674e-01
3.601373141022171653e-01
3.605610921898028676e-01
3.608277659370296986e-01
3.609123080147075835e-01
3.608073213471175711e-01
3.605234314109476701e-01
3.600881166536512579e-01
3.595431379584337894e-01
3.589407727647964674e-01
3.583391019505036135e-01
3.577966598193956793e-01
3.573668443346196821e-01
3.570925797276037761e-01
3.570017927204470198e-01
3.571042657409144172e-01
3.573903334985579217e-01
3.578316857269356333e-01
3.583842553973020650e-01
3.589928655177658245e-01
3.595970498622812483e-01
3.601373141022031210e-01
3.605610921898023125e-01
3.608277659370161539e-01
3.609123080146834361e-01
3.608073213471195695e-01
3.605234314109317384e-01
3.600881166536288869e-01
3.595431379584165255e-01
3.589407727647861979e-01
3.583391019504793551e-01
3.577966598193456083e-01
3.573668443345566215e-01
3.570925797275203428e-01
3.570017927203433805e-01
3.571042657408913801e-01
3.573903334985248925e-01
3.578316857269090989e-01
3.583842553972876321e-01
3.589928655177682115e-01
3.595970498622923506e-01
3.601373141021756430e-01
3.605610921897889898e-01
3.608277659370376367e-01
3.609123080147162987e-01
3.608073213471360008e-01
3.605234314109684868e-01
3.600881166536621381e-01
3.595431379583948761e-01
3.589407727647617175e-01
3.583391019504963970e-01
3.577966598194197712e-01
3.573668443346615375e-01
3.570925797276215952e-01
3.570017927204455765e-01
3.571042657408947663e-01
3.573903334985625291e-01
3.578316857269417395e-01
3.583842553972906853e-01
3.589928655177520023e-01
3.595970498622653722e-01
