3.927131606006451503e-01
4.170532325887466030e-01
4.354814264163006099e-01
4.462404000811235338e-01
4.483879866218768995e-01
4.418463726828190108e-01
4.273594407531564054e-01
4.063814015831155313e-01
3.809215270747803306e-01
3.533644047538385125e-01
3.262768044835714365e-01
3.022053410841801235e-01
2.834668853877242989e-01
2.719374005006996997e-01
2.688534471231377454e-01
2.746505912073894939e-01
2.888694452600046314e-01
3.101583537391703893e-01
3.363894437293498685e-01
3.648836568252178392e-01
3.927163912016270464e-01
4.170565492274491692e-01
4.354847736511696099e-01
4.462437145184519616e-01
4.483912043214207110e-01
4.418494357647226867e-01
4.273623025980094470e-01
4.063840303336296311e-01
3.809239074157004246e-01
3.533665381205765010e-01
3.262787079253021139e-01
3.022070450122699703e-01
2.834684304188903048e-01
2.719388335980322813e-01
2.688548172719475438e-01
2.746519449370352084e-01
2.888708224103893052e-01
3.101597839274580215e-01
3.363909439536996171e-01
3.648852305241828686e-01
3.927180288815013132e-01
4.170582305221954278e-01
4.354864704559411881e-01
4.462453946972536056e-01
4.483928354611896316e-01
4.418509885245832103e-01
4.273637533453126247e-01
4.063853629190431471e-01
3.809251140755020026e-01
3.533676195824252964e-01
3.262796728318936301e-01
3.022079087799426356e-01
2.834692136373745397e-01
2.719395600742011143e-01
2.688555118377951025e-01
2.746526311795604580e-01
2.888715205255246166e-01
3.101605089289538042e-01
3.363917044583846772e-01
3.648860282751555384e-01
3.927188590661419565e-01
4.170590828164006947e-01
4.354873306126074151e-01
4.462462464257566097e-01
4.483936623304659030e-01
4.418517756609472991e-01
4.273644887687278460e-01
4.063860384429730521e-01
3.809257257643033356e-01
3.533681678049657160e-01
3.262801619693880273e-01
3.022083466473616808e-01
2.834696106722108810e-01
2.719399283448093452e-01
2.688558639321944055e-01
2.746529790546410332e-01
2.888718744191616783e-01
3.101608764520248362e-01
3.363920899789961672e-01
3.648864326769201694e-01
3.927192799094211817e-01
4.170595148676232156e-01
4.354877666495232114e-01
4.462466781902071356e-01
4.483940814930966745e-01
4.418521746818716567e-01
4.273648615749418012e-01
4.063863808844911385e-01
3.809260358460489493e-01
3.533684457139270596e-01
3.262804099265233515e-01
3.022085686143003436e-01
2.834698119400033134e-01
2.719401150312302784e-01
2.688560424184540665e-01
2.746531554020160693e-01
2.888720538175060804e-01
3.101610627594990621e-01
3.363922854099143378e-01
3.648866376792181954e-01
