4.198691470947107929e-01
4.523233869076174196e-01
4.744461232854812471e-01
4.844860581379664133e-01
4.821292350126912263e-01
4.682675788960767860e-01
4.446708591064058025e-01
4.136759889668368828e-01
3.779603879331600025e-01
3.404112034025716382e-01
3.040570353396931935e-01
2.720013070372606090e-01
2.472898340910320847e-01
2.326626208354891368e-01
2.301836546174972908e-01
2.408068890822373243e-01
2.640009166853558020e-01
2.975847298203480040e-01
3.378919175927708185e-01
3.802793478193848276e-01
4.198691473889061831e-01
4.523233871981146015e-01
4.744461235643648300e-01
4.844860583982147917e-01
4.821292352490023081e-01
4.682675791052263725e-01
4.446708592872068988e-01
4.136759891198790173e-01
3.779603880603661925e-01
3.404112035068391218e-01
3.040570354245421547e-01
2.720013071064898980e-01
2.472898341485277596e-01
2.326626208849857658e-01
2.301836546623682866e-01
2.408068891253090649e-01
2.640009167287276082e-01
2.975847298652728457e-01
3.378919176396459889e-01
3.802793478678305750e-01
4.198691474379903088e-01
4.523233872465804994e-01
4.744461236108959423e-01
4.844860584416314508e-01
4.821292352884088972e-01
4.682675791400958687e-01
4.446708593173436808e-01
4.136759891453833937e-01
3.779603880815655681e-01
3.404112035242225498e-01
3.040570354386838425e-01
2.720013071180373831e-01
2.472898341581233894e-01
2.326626208932555950e-01
2.301836546698687036e-01
2.408068891325105543e-01
2.640009167359737008e-01
2.975847298727779533e-01
3.378919176474743380e-01
3.802793478759244339e-01
4.198691474461888062e-01
4.523233872546728596e-01
4.744461236186474085e-01
4.844860584488669408e-01
4.821292352949805848e-01
4.682675791459112169e-01
4.446708593223654415e-01
4.136759891496289421e-01
3.779603880850856967e-01
3.404112035270959735e-01
3.040570354410149778e-01
2.720013071199419152e-01
2.472898341597087601e-01
2.326626208946174501e-01
2.301836546711110709e-01
2.408068891337070971e-01
2.640009167371866194e-01
2.975847298740373348e-01
3.378919176487872322e-01
3.802793478772846791e-01
4.198691474475564345e-01
4.523233872560220581e-01
4.744461236199420950e-01
4.844860584500655376e-01
4.821292352960687144e-01
4.682675791468601800e-01
4.446708593231828988e-01
4.136759891503185571e-01
3.779603880856659548e-01
3.404112035275870252e-01
3.040570354414127152e-01
2.720013071202654897e-01
2.472898341599744088e-01
2.326626208948501251e-01
2.301836546713255105e-01
2.408068891339200102e-01
2.640009167374000043e-01
2.975847298742659852e-01
3.378919176490359222e-01
3.802793478775420843e-01
