4.332540371203049689e-01
4.794028495793098421e-01
5.123289006688948044e-01
5.292067894187205690e-01
5.291387518831792702e-01
5.129440356715436744e-01
4.827775234189755071e-01
4.417219279453326597e-01
3.934519417475015324e-01
3.420041428631996339e-01
2.916272809797896826e-01
2.466477135750860528e-01
2.112711992496006663e-01
1.892594374606132446e-01
1.834693636368763259e-01
1.953179215487297338e-01
2.243112434345545247e-01
2.678167259408424927e-01
3.212242105307071549e-01
3.785329768180101806e-01
4.332541778753817852e-01
4.794029967899500755e-01
5.123290492342976732e-01
5.292069342036146429e-01
5.291388883474403837e-01
5.129441602819265755e-01
4.827776338377763321e-01
4.417220230389649060e-01
3.934520214782783465e-01
3.420042081239910714e-01
2.916273334127896799e-01
2.466477553931843147e-01
2.112712330593412846e-01
1.892594660749695734e-01
1.834693898664106204e-01
1.953179479712464084e-01
2.243112721617626371e-01
2.678167584180569660e-01
3.212242474126100200e-01
3.785330179537919060e-01
4.332542224115740193e-01
4.794030433687334058e-01
5.123290962417291761e-01
5.292069800148639924e-01
5.291389315259764636e-01
5.129441997097843320e-01
4.827776687752938223e-01
4.417220531274593243e-01
3.934520467058255644e-01
3.420042287730996611e-01
2.916273500030738819e-01
2.466477686248150503e-01
2.112712437570567203e-01
1.892594751288170785e-01
1.834693981656835837e-01
1.953179563315803335e-01
2.243112812513206322e-01
2.678167686941518855e-01
3.212242590823915500e-01
3.785330309695407180e-01
4.332542365032377996e-01
4.794030581067006413e-01
5.123291111153308597e-01
5.292069945099818762e-01
5.291389451880784689e-01
5.129442121851505165e-01
4.827776798298720751e-01
4.417220626477715850e-01
3.934520546880934666e-01
3.420042353067017649e-01
2.916273552524187851e-01
2.466477728114482015e-01
2.112712471419285476e-01
1.892594779935434790e-01
1.834694007916430059e-01
1.953179589768511415e-01
2.243112841273163516e-01
2.678167719455707418e-01
3.212242627747795010e-01
3.785330350877998962e-01
4.332542409619346002e-01
4.794030627698978031e-01
5.123291158214536845e-01
5.292069990963530479e-01
5.291389495108866914e-01
5.129442161324678784e-01
4.827776833276490875e-01
4.417220656600832629e-01
3.934520572137500394e-01
3.420042373739907715e-01
2.916273569133619459e-01
2.466477741361348119e-01
2.112712482129300018e-01
1.892594788999665267e-01
1.834694016225119906e-01
1.953179598138268525e-01
2.243112850372913358e-01
2.678167729743325953e-01
3.212242639430679114e-01
3.785330363908483431e-01
