4.411200672106767029e-01
4.842450464456691250e-01
5.130032653506199081e-01
5.253339884943583060e-01
5.212146826028569713e-01
5.021961438084417972e-01
4.708404283311554139e-01
4.302490197719710530e-01
3.837750651344672415e-01
3.349207292381830570e-01
2.873527666266736391e-01
2.449299640872609485e-01
2.116235619511233901e-01
1.912312332899682721e-01
1.868481293506353003e-01
2.001672908568847831e-01
2.308079287609918206e-01
2.759481485866320249e-01
3.304969978779806472e-01
3.878613288252564240e-01
4.411200676310954583e-01
4.842450468690653875e-01
5.130032657613196045e-01
5.253339888786648926e-01
5.212146829505812651e-01
5.021961441134372706e-01
4.708404285911310660e-01
4.302490199877928023e-01
3.837750653093388031e-01
3.349207293768937110e-01
2.873527667349714543e-01
2.449299641714045295e-01
2.116235620175258014e-01
1.912312333448920321e-01
1.868481293998517367e-01
2.001672909053292537e-01
2.308079288123734418e-01
2.759481486431648034e-01
3.304969979403015179e-01
3.878613288925278901e-01
4.411200677013842886e-01
4.842450469398448809e-01
5.130032658299752413e-01
5.253339889429198273e-01
5.212146830087187599e-01
5.021961441644253732e-01
4.708404286345858614e-01
4.302490200238611173e-01
3.837750653385673116e-01
3.349207294000698942e-01
2.873527667530690888e-01
2.449299641854663090e-01
2.116235620286285313e-01
1.912312333540750198e-01
1.868481294080873989e-01
2.001672909134371292e-01
2.308079288209731461e-01
2.759481486526247362e-01
3.304969979507200173e-01
3.878613289037732836e-01
4.411200677131354442e-01
4.842450469516758060e-01
5.130032658414510616e-01
5.253339889536451368e-01
5.212146830184255508e-01
5.021961441729388964e-01
4.708404286418403917e-01
4.302490200298850209e-01
3.837750653434551795e-01
3.349207294039515670e-01
2.873527667560922261e-01
2.449299641878056044e-01
2.116235620304764420e-01
1.912312333556103749e-01
1.868481294094687384e-01
2.001672909148017876e-01
2.308079288224233472e-01
2.759481486542272322e-01
3.304969979524953194e-01
3.878613289056909719e-01
4.411200677151331795e-01
4.842450469536875302e-01
5.130032658433949511e-01
5.253339889554681230e-01
5.212146830200597991e-01
5.021961441743737486e-01
4.708404286430453167e-01
4.302490200308710655e-01
3.837750653442414950e-01
3.349207294045717376e-01
2.873527667565807242e-01
2.449299641881918788e-01
2.116235620307782561e-01
1.912312333558597033e-01
1.868481294096949463e-01
2.001672909150303825e-01
2.308079288226710379e-01
2.759481486545032336e-01
3.304969979528012969e-01
3.878613289060272584e-01
