3.605709148956845467e-01
3.611332298797341744e-01
3.614819697308146451e-01
3.615839483717256386e-01
3.614302087877269143e-01
3.610365091229761347e-01
3.604415116743042158e-01
3.597029526835582303e-01
3.588921838408494769e-01
3.580875462477957627e-01
3.573670902560182605e-01
3.568012072514236688e-01
3.564457912092510172e-01
3.563365782683844407e-01
3.564852886852890590e-01
3.568780852940349191e-01
3.574766507538064131e-01
3.582218859684246914e-01
3.590398891409161686e-01
3.598495558865556498e-01
3.605709148957123578e-01
3.611332298797614859e-01
3.614819697308486179e-01
3.615839483717577796e-01
3.614302087877472869e-01
3.610365091229932322e-01
3.604415116743026060e-01
3.597029526835489599e-01
3.588921838408270504e-01
3.580875462477718929e-01
3.573670902559814566e-01
3.568012072513819244e-01
3.564457912091879566e-01
3.563365782683238225e-01
3.564852886852403202e-01
3.568780852940169335e-01
3.574766507537616156e-01
3.582218859683946044e-01
3.590398891408865256e-01
3.598495558865265065e-01
3.605709148956963706e-01
3.611332298797189089e-01
3.614819697308029878e-01
3.615839483716994929e-01
3.614302087876971603e-01
3.610365091229650880e-01
3.604415116742611391e-01
3.597029526835200386e-01
3.588921838408217213e-01
3.580875462477745019e-01
3.573670902560051599e-01
3.568012072514050170e-01
3.564457912092255376e-01
3.563365782683671212e-01
3.564852886852626357e-01
3.568780852940234838e-01
3.574766507537806004e-01
3.582218859683961032e-01
3.590398891408732029e-01
3.598495558865162369e-01
3.605709148956942611e-01
3.611332298797243490e-01
3.614819697307846136e-01
3.615839483717013803e-01
3.614302087877046543e-01
3.610365091229747470e-01
3.604415116743025504e-01
3.597029526835522351e-01
3.588921838408463127e-01
3.580875462477872140e-01
3.573670902559831219e-01
3.568012072513753186e-01
3.564457912092244829e-01
3.563365782683426408e-01
3.564852886852375446e-01
3.568780852940027226e-01
3.574766507537477933e-01
3.582218859683926060e-01
3.590398891408692617e-01
3.598495558865175137e-01
3.605709148956763865e-01
3.611332298797264029e-01
3.614819697308116475e-01
3.615839483716998815e-01
3.614302087876885561e-01
3.610365091229670309e-01
3.604415116742856751e-01
3.597029526835450186e-01
3.588921838408427600e-01
3.580875462477876026e-01
3.573670902560074913e-01
3.568012072513925825e-01
3.564457912091811842e-01
3.563365782683095562e-01
3.564852886852370450e-01
3.568780852940127146e-01
3.574766507537803784e-01
3.582218859684208057e-01
3.590398891409076754e-01
3.598495558865342780e-01
