4.055615430518503262e-01
4.473039082472057282e-01
4.803281112875585901e-01
5.014055544733160286e-01
5.084888169158300331e-01
5.009060393898633334e-01
4.794184895460513740e-01
4.461388060374055775e-01
4.043206789106608134e-01
3.580418866851137194e-01
3.118111293212679214e-01
2.701348627144679604e-01
2.370834265321577761e-01
2.158961735135360160e-01
2.086628865618133377e-01
2.161132242859628017e-01
2.375370819264649713e-01
2.708468001859750118e-01
3.127779314262237320e-01
3.592102932221374334e-01
4.055773094977273563e-01
4.473212578698526620e-01
4.803466992396256963e-01
5.014249136282317165e-01
5.085084045465758651e-01
5.009252907652841369e-01
4.794368730884816521e-01
4.461558746898108274e-01
4.043361128716830288e-01
3.580555235905321099e-01
3.118229791682351482e-01
2.701451062305133544e-01
2.370923971827748333e-01
2.159043248236553747e-01
2.086707477964457602e-01
2.161213486820908192e-01
2.375459924718562876e-01
2.708569382881416132e-01
3.127896136244782688e-01
3.592236803443842885e-01
4.055923914051402512e-01
4.473378553015781023e-01
4.803644824637771649e-01
5.014434358518241597e-01
5.085271465502196886e-01
5.009437121728086417e-01
4.794544651479589747e-01
4.461722094439927733e-01
4.043508840815977501e-01
3.580685756546928555e-01
3.118343214443791145e-01
2.701549115117788391e-01
2.371009845086415047e-01
2.159121282249236162e-01
2.086782738862635600e-01
2.161291271041878848e-01
2.375545239879180148e-01
2.708666456203298045e-01
3.128007999883672952e-01
3.592364998894261863e-01
4.056068345759986649e-01
4.473537505726839503e-01
4.803815141705637948e-01
5.014611761625894504e-01
5.085450981977658325e-01
5.009613575525478923e-01
4.794713168761565170e-01
4.461878574693311506e-01
4.043650349067728911e-01
3.580810800650843229e-01
3.118451882556246280e-01
2.701643061364663589e-01
2.371092125110933480e-01
2.159196053933629955e-01
2.086854856102785816e-01
2.161365808995723004e-01
2.375626997504995397e-01
2.708759485114808907e-01
3.128115206826184713e-01
3.592487862273521237e-01
4.056206775126972031e-01
4.473689858169239697e-01
4.803978392530401376e-01
5.014781810618876845e-01
5.085623062865014532e-01
5.009782726545812803e-01
4.794874717327369806e-01
4.462028589100157649e-01
4.043786014639809134e-01
3.580930685757116594e-01
3.118556070613041076e-01
2.701733137290801001e-01
2.371171017828335725e-01
2.159267749553485938e-01
2.086924008512530959e-01
2.161437284676829829e-01
2.375705398509687094e-01
2.708848697215643919e-01
3.128218018206913031e-01
3.592605691546018054e-01
