4.231728869713455854e-01
4.718176496887512283e-01
5.087688781804684535e-01
5.305318819733572111e-01
5.352865400687792929e-01
5.229441633585323324e-01
4.950133228022237653e-01
4.543414432508344203e-01
4.047964798777665130e-01
3.509319887666906834e-01
2.976513848936345186e-01
2.498648279679866746e-01
2.121234566259129484e-01
1.882243909282642902e-01
1.808042025437212041e-01
1.909704015172124514e-01
2.180466551898618821e-01
2.595132235885990180e-01
3.111998399279154448e-01
3.677359830791132045e-01
4.231988182502814944e-01
4.718458576009870731e-01
5.087985467623917790e-01
5.305620512476655337e-01
5.353162179698699452e-01
5.229724277107998809e-01
4.950394031665823480e-01
4.543647780377788048e-01
4.048167487324205727e-01
3.509491229296286541e-01
2.976655589568003024e-01
2.498764357655050561e-01
2.121330728536706123e-01
1.882327194218090249e-01
1.808120126436492114e-01
1.909784557928090043e-01
2.180556345166819177e-01
2.595236581522021302e-01
3.112120558900095535e-01
3.677500734445016684e-01
4.232146427955621459e-01
4.718630714603464504e-01
5.088166519945924726e-01
5.305804620272054350e-01
5.353343288893694929e-01
5.229896760131850231e-01
4.950553186918912330e-01
4.543790180763490061e-01
4.048291177878728386e-01
3.509595790415430128e-01
2.976742086697690692e-01
2.498835194165427986e-01
2.121389411505501810e-01
1.882378018797228325e-01
1.808167787522043934e-01
1.909833709094292675e-01
2.180611141452440394e-01
2.595300258381196823e-01
3.112195106732620897e-01
3.677586720812144327e-01
4.232242997144977092e-01
4.718735762073602014e-01
5.088277007013547459e-01
5.305916971940676241e-01
5.353453810668500346e-01
5.230002017791242075e-01
4.950650311314545582e-01
4.543877080511733446e-01
4.048366659964056091e-01
3.509659598774586553e-01
2.976794871518427810e-01
2.498878422102777108e-01
2.121425222751567585e-01
1.882409034465815645e-01
1.808196872670638500e-01
1.909863703563755566e-01
2.180644580852691972e-01
2.595339117146153174e-01
3.112240599502549832e-01
3.677639193940984152e-01
4.232301928434688554e-01
4.718799867229079847e-01
5.088344431680156266e-01
5.305985534478923071e-01
5.353521256515191284e-01
5.230066251214643414e-01
4.950709581418615279e-01
4.543930111030851648e-01
4.048412722861264301e-01
3.509698537787406813e-01
2.976827083423527198e-01
2.498904801925559138e-01
2.121447076542932186e-01
1.882427961758937063e-01
1.808214621865128768e-01
1.909882007670777038e-01
2.180664987226667018e-01
2.595362830684198041e-01
3.112268361438187969e-01
3.677671215636428848e-01
