3.602681026138437881e-01
3.612172901846901762e-01
3.619456725284244669e-01
3.623820191890997910e-01
3.624837866263735942e-01
3.622412183088729587e-01
3.616782216598157795e-01
3.608499658283493838e-01
3.598374590676814977e-01
3.587396449906112283e-01
3.576637814780758151e-01
3.567150195401354584e-01
3.559861724775161829e-01
3.555486531179893883e-01
3.554454576501170915e-01
3.556868926400803543e-01
3.562494879959721694e-01
3.570782321535199144e-01
3.580919345072921534e-01
3.591911988080283002e-01
3.602682171460587779e-01
3.612174011827811726e-01
3.619457800342539833e-01
3.623821232274655468e-01
3.624838872154569347e-01
3.622413154701888960e-01
3.616783154268030653e-01
3.608500562528819677e-01
3.598375462240154254e-01
3.587397289766190434e-01
3.576638624138124278e-01
3.567150975640699939e-01
3.559862477409746484e-01
3.555487257784337718e-01
3.554455278639790383e-01
3.556869605558695691e-01
3.562495537483211239e-01
3.570782958586851685e-01
3.580919962604315332e-01
3.591912586824638209e-01
3.602682751944443207e-01
3.612174574399632521e-01
3.619458345214532358e-01
3.623821759572463108e-01
3.624839381970391128e-01
3.622413647144729354e-01
3.616783629507340780e-01
3.608501020827539763e-01
3.598375903974677659e-01
3.587397715432560918e-01
3.576639034344797352e-01
3.567151371089483103e-01
3.559862858867657298e-01
3.555487626049381178e-01
3.554455634504766759e-01
3.556869949776345075e-01
3.562495870735952197e-01
3.570783281463866254e-01
3.580920275587854973e-01
3.591912890286325100e-01
3.602683046151144430e-01
3.612174859528008986e-01
3.619458621372055318e-01
3.623822026822914322e-01
3.624839640360380533e-01
3.622413896729536065e-01
3.616783870372932141e-01
3.608501253107148643e-01
3.598376127859087004e-01
3.587397931173113563e-01
3.576639242249888273e-01
3.567151571514804442e-01
3.559863052201984734e-01
3.555487812697166183e-01
3.554455814867826802e-01
3.556870124236191089e-01
3.562496039638440859e-01
3.570783445107588716e-01
3.580920434217306769e-01
3.591913044089867224e-01
3.602683195263946536e-01
3.612175004039577253e-01
3.619458761336910024e-01
3.623822162273409586e-01
3.624839771320171322e-01
3.622414023226603330e-01
3.616783992450806617e-01
3.608501370833385180e-01
3.598376241330351055e-01
3.587398040516833198e-01
3.576639347622378451e-01
3.567151673096352615e-01
3.559863150189589986e-01
3.555487907295843963e-01
3.554455906281264732e-01
3.556870212657713415e-01
3.562496125243331813e-01
3.570783528047200561e-01
3.580920514615473782e-01
3.591913122042079687e-01
