4.361409930768633259e-01
4.491196896915458092e-01
4.553165589015378267e-01
4.554192513475856519e-01
4.502770513686838449e-01
4.406259913019020535e-01
4.270396856162955723e-01
4.100294716598354428e-01
3.902240478370166965e-01
3.685821352780384030e-01
3.465942617412348103e-01
3.264009350143032839e-01
3.107110480906560834e-01
3.023961565153233111e-01
3.037339712335687114e-01
3.155026620278655880e-01
3.363674217643528030e-01
3.630048027433866453e-01
3.910415104065553815e-01
4.163654544567090277e-01
4.361409930768312959e-01
4.491196896915346515e-01
4.553165589015349957e-01
4.554192513475641690e-01
4.502770513686820686e-01
4.406259913019299757e-01
4.270396856163461985e-01
4.100294716598515965e-01
3.902240478370481158e-01
3.685821352780632720e-01
3.465942617412363091e-01
3.264009350142934029e-01
3.107110480906505878e-01
3.023961565153344133e-01
3.037339712335771491e-01
3.155026620278815752e-01
3.363674217643490838e-01
3.630048027433816493e-01
3.910415104065315117e-01
4.163654544567205185e-01
4.361409930768352372e-01
4.491196896915354841e-01
4.553165589015314429e-01
4.554192513475385229e-01
4.502770513686770171e-01
4.406259913019249796e-01
4.270396856163331534e-01
4.100294716598648637e-01
3.902240478370708754e-01
3.685821352781023519e-01
3.465942617412666737e-01
3.264009350143509125e-01
3.107110480906687955e-01
3.023961565153361342e-01
3.037339712335802577e-01
3.155026620278587046e-01
3.363674217643096709e-01
3.630048027433694924e-01
3.910415104065039782e-01
4.163654544566683935e-01
4.361409930767844445e-01
4.491196896914965708e-01
4.553165589015189529e-01
4.554192513475593951e-01
4.502770513686848997e-01
4.406259913019595631e-01
4.270396856163558019e-01
4.100294716598656963e-01
3.902240478370842536e-01
3.685821352781073479e-01
3.465942617412768878e-01
3.264009350143359800e-01
3.107110480906871697e-01
3.023961565153439612e-01
3.037339712335819231e-01
3.155026620278769678e-01
3.363674217643721209e-01
3.630048027433718238e-01
3.910415104065022018e-01
4.163654544566838811e-01
4.361409930768327947e-01
4.491196896915276016e-01
4.553165589015248371e-01
4.554192513475896487e-01
4.502770513686897846e-01
4.406259913019519026e-01
4.270396856163399812e-01
4.100294716599039990e-01
3.902240478370905263e-01
3.685821352781148974e-01
3.465942617412641202e-01
3.264009350143454169e-01
3.107110480906844496e-01
3.023961565153485131e-01
3.037339712335566100e-01
3.155026620278519878e-01
3.363674217643379816e-01
3.630048027433790403e-01
3.910415104065192438e-01
4.163654544566910976e-01
