3.739697771844430196e-01
3.789902187533547573e-01
3.819379578551660437e-01
3.826062230325596447e-01
3.810142749928249750e-01
3.773739883185331379e-01
3.720494796681623195e-01
3.655197892439945306e-01
3.583478877895847070e-01
3.511531499368092391e-01
3.445806713300321178e-01
3.392603001949852093e-01
3.357512891115270182e-01
3.344746804255208095e-01
3.356434748812422986e-01
3.392074791634810960e-01
3.448318505174667870e-01
3.519230448229373476e-01
3.597034999703371261e-01
3.673212894084926239e-01
3.739697771844282537e-01
3.789902187533563116e-01
3.819379578551875265e-01
3.826062230325923963e-01
3.810142749928480677e-01
3.773739883185521227e-01
3.720494796681704242e-01
3.655197892440221197e-01
3.583478877895952541e-01
3.511531499368216180e-01
3.445806713300336721e-01
3.392603001949794361e-01
3.357512891115139730e-01
3.344746804255343542e-01
3.356434748812020530e-01
3.392074791634330233e-01
3.448318505174022830e-01
3.519230448228826691e-01
3.597034999702968250e-01
3.673212894084528224e-01
3.739697771843876195e-01
3.789902187533171762e-01
3.819379578551536647e-01
3.826062230325514291e-01
3.810142749928332462e-01
3.773739883185175392e-01
3.720494796681674265e-01
3.655197892439784879e-01
3.583478877895660553e-01
3.511531499368135689e-01
3.445806713300116342e-01
3.392603001949549557e-01
3.357512891114916576e-01
3.344746804255033790e-01
3.356434748811807922e-01
3.392074791634362430e-01
3.448318505174244875e-01
3.519230448229028752e-01
3.597034999703149216e-01
3.673212894084741387e-01
3.739697771843934482e-01
3.789902187533449318e-01
3.819379578551612697e-01
3.826062230325743552e-01
3.810142749928616679e-01
3.773739883185576183e-01
3.720494796681730332e-01
3.655197892439902008e-01
3.583478877895902026e-01
3.511531499368397147e-01
3.445806713300357815e-01
3.392603001949932584e-01
3.357512891115005393e-01
3.344746804255116501e-01
3.356434748812066604e-01
3.392074791634566155e-01
3.448318505174401416e-01
3.519230448229490049e-01
3.597034999703757063e-01
3.673212894085208791e-01
3.739697771844296970e-01
3.789902187533546463e-01
3.819379578551857501e-01
3.826062230325819602e-01
3.810142749928763228e-01
3.773739883185667221e-01
3.720494796681902416e-01
3.655197892440172902e-01
3.583478877895960313e-01
3.511531499368345521e-01
3.445806713300114676e-01
3.392603001949649477e-01
3.357512891114846632e-01
3.344746804255043782e-01
3.356434748811860658e-01
3.392074791634292485e-01
3.448318505173991189e-01
3.519230448229029862e-01
3.597034999703128677e-01
3.673212894084852409e-01
