3.730686230838121120e-01
3.769751120348495133e-01
3.814768782925662682e-01
3.861400120112741807e-01
3.905610223007083270e-01
3.943854554721932804e-01
3.973156322559334153e-01
3.991147132195919101e-01
3.996131653596621813e-01
3.987215896355442712e-01
3.964508719900466938e-01
3.929363531931983622e-01
3.884572764851984550e-01
3.834379586150702401e-01
3.784168440862004101e-01
3.739778412523521167e-01
3.706546031207402780e-01
3.688346112766280327e-01
3.686944564460866158e-01
3.701855907475384844e-01
3.730683588820514762e-01
3.769748630660971211e-01
3.814766440306346929e-01
3.861397917547014225e-01
3.905608152155107260e-01
3.943852606366328728e-01
3.973154487014536884e-01
3.991145399662770488e-01
3.996130014471602765e-01
3.987214341515001315e-01
3.964507240979388558e-01
3.929362121601685520e-01
3.884571417080769917e-01
3.834378296401341202e-01
3.784167206162412089e-01
3.739777231354569631e-01
3.706544903192363627e-01
3.688345038209210891e-01
3.686943543835015102e-01
3.701854940974672048e-01
3.730682676055303015e-01
3.769747770522812735e-01
3.814765630977391409e-01
3.861397156603769143e-01
3.905607436716400649e-01
3.943851933247721764e-01
3.973153852869830138e-01
3.991144801106552564e-01
3.996129448186093724e-01
3.987213804348163082e-01
3.964506730041187921e-01
3.929361634360237221e-01
3.884570951452284704e-01
3.834377850818284639e-01
3.784166779597973873e-01
3.739776823283937346e-01
3.706544513485343639e-01
3.688344666970855834e-01
3.686943191228832517e-01
3.701854607067662783e-01
3.730682360712795353e-01
3.769747473361949042e-01
3.814765351370104640e-01
3.861396893712812362e-01
3.905607189546370650e-01
3.943851700698467466e-01
3.973153633785309058e-01
3.991144594317173611e-01
3.996129252545602140e-01
3.987213618767577183e-01
3.964506553522094134e-01
3.929361466027930794e-01
3.884570790586813205e-01
3.834377696878109032e-01
3.784166632228359584e-01
3.739776682303594946e-01
3.706544378849239152e-01
3.688344538715309651e-01
3.686943069410288376e-01
3.701854491709336004e-01
3.730682251768189239e-01
3.769747370698684485e-01
3.814765254771262382e-01
3.861396802889149327e-01
3.905607104153980824e-01
3.943851620357249899e-01
3.973153558095901539e-01
3.991144522875507694e-01
3.996129184955644620e-01
3.987213554653125658e-01
3.964506492538227289e-01
3.929361407872410394e-01
3.884570735010987041e-01
3.834377643694871218e-01
3.784166581315094868e-01
3.739776633597668987e-01
3.706544332335137693e-01
3.688344494405572660e-01
3.686943027324462996e-01
3.701854451855324246e-01
