3.868504406598256562e-01
3.875295874566940801e-01
3.883429477690846232e-01
3.892108755988230584e-01
3.900501135558901988e-01
3.907812858608201156e-01
3.913356270977850770e-01
3.916606703115906307e-01
3.917247126211008124e-01
3.915198643881695473e-01
3.910634122628816045e-01
3.903971598878687166e-01
3.895844356199434366e-01
3.887046398695242488e-01
3.878455604373447496e-01
3.870941506990686065e-01
3.865269060745776253e-01
3.862012214341680738e-01
3.861490424051358117e-01
3.863737248908789002e-01
3.868504054076874477e-01
3.875295540794323479e-01
3.883429161770175497e-01
3.892108457018309542e-01
3.900500852637709959e-01
3.907812590840057387e-01
3.913356017482977900e-01
3.916606463040712138e-01
3.917246898738603322e-01
3.915198428241144502e-01
3.910633918102766060e-01
3.903971404808805890e-01
3.895844171988886440e-01
3.887046223808237611e-01
3.878455438331672722e-01
3.870941349366966988e-01
3.865268911155602671e-01
3.862012072433326781e-01
3.861490289496051775e-01
3.863737121391844220e-01
3.868503933290272090e-01
3.875295426431742407e-01
3.883429053524354302e-01
3.892108354580439133e-01
3.900500755698719235e-01
3.907812499093048508e-01
3.913355930626466472e-01
3.916606380782255425e-01
3.917246820798321871e-01
3.915198354354847976e-01
3.910633848024687720e-01
3.903971338313362294e-01
3.895844108871577838e-01
3.887046163885521377e-01
3.878455381439633864e-01
3.870941295359287548e-01
3.865268859900479748e-01
3.862012023810291739e-01
3.861490243392461941e-01
3.863737077699817557e-01
3.868503891904312986e-01
3.875295387246867618e-01
3.883429016435299141e-01
3.892108319481449308e-01
3.900500722483831173e-01
3.907812467657121314e-01
3.913355900866232195e-01
3.916606352597513108e-01
3.917246794093110496e-01
3.915198329038685476e-01
3.910633824013342030e-01
3.903971315529546349e-01
3.895844087245218801e-01
3.887046143353743433e-01
3.878455361946279156e-01
3.870941276854207302e-01
3.865268842338560606e-01
3.862012007150180670e-01
3.861490227595631985e-01
3.863737062729265537e-01
3.868503877723853401e-01
3.875295373820600298e-01
3.883429003727137951e-01
3.892108307455103833e-01
3.900500711103088158e-01
3.907812456885942365e-01
3.913355890669180104e-01
3.916606342940260888e-01
3.917246784942833293e-01
3.915198320364358109e-01
3.910633815786152545e-01
3.903971307722951534e-01
3.895844079835286133e-01
3.887046136318837997e-01
3.878455355267219073e-01
3.870941270513758581e-01
3.865268836321245072e-01
3.862012001441897935e-01
3.861490222183091570e-01
3.863737057599877511e-01
