3.724774445620037677e-01
3.724809468350062103e-01
3.724867514402084856e-01
3.724942828304365072e-01
3.725027971517698711e-01
3.725114549713702816e-01
3.725194031451775079e-01
3.725258579265985914e-01
3.725301813342683510e-01
3.725319434369347427e-01
3.725309645214296417e-01
3.725273329842425096e-01
3.725213970808330943e-01
3.725137311865648337e-01
3.725050797375309974e-01
3.724962842752294612e-01
3.724882007683925633e-01
3.724816154203847707e-01
3.724771673580657971e-01
3.724752859043878872e-01
3.724761486377601849e-01
3.724796643108276295e-01
3.724854821849857278e-01
3.724930267127636307e-01
3.725015540395398839e-01
3.725102247315713044e-01
3.725181856439117034e-01
3.725246530293112035e-01
3.725289889061631499e-01
3.725307633435254728e-01
3.725297966291856167e-01
3.725261771612415895e-01
3.725202531973686448e-01
3.725125991156590932e-01
3.725039593552816330e-01
3.724951754609743260e-01
3.724871034046750018e-01
3.724805293927275218e-01
3.724760925545701484e-01
3.724742222152103710e-01
3.724750959545158335e-01
3.724786225259741901e-01
3.724844511912523415e-01
3.724920064026842614e-01
3.725005443051144782e-01
3.725092254641000356e-01
3.725171967340089041e-01
3.725236743670923278e-01
3.725280203815734548e-01
3.725298048467955425e-01
3.725288480513442302e-01
3.725252383946455192e-01
3.725193241362055319e-01
3.725116796563451294e-01
3.725030493967515510e-01
3.724942749048175683e-01
3.724862121551005267e-01
3.724796473563784516e-01
3.724752196402054683e-01
3.724733583332722753e-01
3.724742410166466677e-01
3.724777764445176831e-01
3.724836138787900874e-01
3.724911777716516936e-01
3.724997242675267550e-01
3.725084139314217002e-01
3.725163936171606016e-01
3.725228795765970213e-01
3.725272338278367013e-01
3.725290264404609308e-01
3.725280777037138225e-01
3.725244760181123937e-01
3.725185696446510764e-01
3.725109329654751611e-01
3.725023104243247452e-01
3.724935435707496523e-01
3.724854883814481266e-01
3.724789310671797748e-01
3.724745107612202899e-01
3.724726567916383235e-01
3.724735467404804434e-01
3.724770893625113932e-01
3.724829339198362232e-01
3.724905048645273942e-01
3.724990583406785349e-01
3.725077549128503751e-01
3.725157414344323348e-01
3.725222341569622841e-01
3.725265950984490981e-01
3.725283943286762378e-01
3.725274521374253300e-01
3.725238569261034582e-01
3.725179569569168070e-01
3.725103266134954794e-01
3.725017103412479602e-01
3.724929496914813898e-01
3.724849006426320108e-01
3.724783494070755263e-01
3.724739351194861214e-01
3.724720871090529406e-01
