3.674606016344741932e-01
3.779934266642301921e-01
3.873136399176509426e-01
3.947105533061005533e-01
3.997250897335520303e-01
4.021027806873742061e-01
4.017456585635786892e-01
3.986828911181078960e-01
3.930691432431187016e-01
3.852108747460588067e-01
3.756118829940607307e-01
3.650179713806424586e-01
3.544278089789404951e-01
3.450308830901236967e-01
3.380476185745540096e-01
3.344891775899967445e-01
3.349100301434785876e-01
3.392553286133931367e-01
3.468742212141367465e-01
3.566918078014954530e-01
3.674606016344388326e-01
3.779934266641953866e-01
3.873136399176513311e-01
3.947105533061127658e-01
3.997250897335177799e-01
4.021027806873218036e-01
4.017456585635386102e-01
3.986828911180395618e-01
3.930691432431164811e-01
3.852108747460821214e-01
3.756118829940857662e-01
3.650179713806634418e-01
3.544278089789550945e-01
3.450308830901007706e-01
3.380476185745266982e-01
3.344891775900054043e-01
3.349100301434809746e-01
3.392553286133929702e-01
3.468742212141472381e-01
3.566918078014616467e-01
3.674606016344409976e-01
3.779934266641832852e-01
3.873136399175948208e-01
3.947105533060771831e-01
3.997250897335133391e-01
4.021027806873030963e-01
4.017456585635122979e-01
3.986828911180616553e-01
3.930691432431664412e-01
3.852108747460957217e-01
3.756118829941172965e-01
3.650179713806860904e-01
3.544278089789831832e-01
3.450308830901539503e-01
3.380476185745365236e-01
3.344891775899705988e-01
3.349100301434581040e-01
3.392553286133846435e-01
3.468742212141431303e-01
3.566918078014882920e-01
3.674606016344509340e-01
3.779934266641949980e-01
3.873136399176519973e-01
3.947105533060963345e-01
3.997250897335423714e-01
4.021027806873259114e-01
4.017456585635246213e-01
3.986828911180895219e-01
3.930691432431040466e-01
3.852108747460175620e-01
3.756118829940293113e-01
3.650179713806846471e-01
3.544278089789510977e-01
3.450308830900757351e-01
3.380476185745049378e-01
3.344891775899550002e-01
3.349100301434628224e-01
3.392553286133815349e-01
3.468742212141470160e-01
3.566918078014648108e-01
3.674606016344161286e-01
3.779934266641485907e-01
3.873136399176125289e-01
3.947105533060702443e-01
3.997250897335327124e-01
4.021027806873140875e-01
4.017456585635402200e-01
3.986828911180508861e-01
3.930691432431031029e-01
3.852108747460640803e-01
3.756118829940664483e-01
3.650179713806938064e-01
3.544278089789678621e-01
3.450308830901300250e-01
3.380476185745364126e-01
3.344891775899838660e-01
3.349100301434678739e-01
3.392553286133745960e-01
3.468742212141476267e-01
3.566918078014700844e-01
