3.838951709965989223e-01
3.849781044976607891e-01
3.863116457665408121e-01
3.877637127981437004e-01
3.891982022155454080e-01
3.904858516394928980e-01
3.915127543197101656e-01
3.921871384928294346e-01
3.924451767191068363e-01
3.922563047735614927e-01
3.916279220359155100e-01
3.906085786068985155e-01
3.892880785128290944e-01
3.877926946102330241e-01
3.862742521985725874e-01
3.848933118001586773e-01
3.837986991469728992e-01
3.831073376371320061e-01
3.828888017245699049e-01
3.831578345670281771e-01
3.838757402458627954e-01
3.849591492885260369e-01
3.862931641209024214e-01
3.877456980095204120e-01
3.891806430396280714e-01
3.904687328451386663e-01
3.914960574806858884e-01
3.921708429325579393e-01
3.924292605542898382e-01
3.922407460239778487e-01
3.916126997689959865e-01
3.905936740654409878e-01
3.892734761383950248e-01
3.877783828380524378e-01
3.862602238835770030e-01
3.848795641585692207e-01
3.837852331712535703e-01
3.830941570482296332e-01
3.828759116281835739e-01
3.831452400403966840e-01
3.838634450768618755e-01
3.849471550273228515e-01
3.862814695158094391e-01
3.877342988168857585e-01
3.891695321444060829e-01
3.904579006095418303e-01
3.914854922451735386e-01
3.921605316136418939e-01
3.924191893049061575e-01
3.922309009357329290e-01
3.916030675964169983e-01
3.905842429395588455e-01
3.892642362143153290e-01
3.877693267979566150e-01
3.862513472062885089e-01
3.848708650825992672e-01
3.837767123246035306e-01
3.830858167853971596e-01
3.828677551798929657e-01
3.831372706193664768e-01
3.838556650799416214e-01
3.849395654354088037e-01
3.862740695368749866e-01
3.877270857656821001e-01
3.891625015187571424e-01
3.904510463109537866e-01
3.914788068958578449e-01
3.921540069347758672e-01
3.924128165345048824e-01
3.922246712729972051e-01
3.915969726600319056e-01
3.905782752192112905e-01
3.892583894804692579e-01
3.877635964201212593e-01
3.862457303236053185e-01
3.848653605804551181e-01
3.837713206003772748e-01
3.830805393289428706e-01
3.828625940355099289e-01
3.831322278199609799e-01
3.838507421421671340e-01
3.849347629799436121e-01
3.862693870625493187e-01
3.877225215733531294e-01
3.891580527595913663e-01
3.904467091260161449e-01
3.914745766167138652e-01
3.921498783228488105e-01
3.924087840454811293e-01
3.922207293380142734e-01
3.915931159756506630e-01
3.905744990331430078e-01
3.892546898508584818e-01
3.877599704169406025e-01
3.862421761365947281e-01
3.848618775043207152e-01
3.837679088865687538e-01
3.830771999201910138e-01
3.828593282253857089e-01
3.831290368948216951e-01
