3.646696765930338424e-01
3.670445177563643746e-01
3.698609557270671755e-01
3.728390613027123823e-01
3.756963950072796377e-01
3.781719692821713386e-01
3.800448355660805411e-01
3.811479808985964168e-01
3.813787828322328655e-01
3.807069816796174178e-01
3.791801954794249974e-01
3.769257568893844557e-01
3.741465631644303458e-01
3.711082951536871510e-01
3.681163272270210340e-01
3.654830670846790919e-01
3.634897356260192725e-01
3.623493907194609842e-01
3.621788414309754511e-01
3.629852878868763399e-01
3.646696765929843265e-01
3.670445177563217976e-01
3.698609557270333137e-01
3.728390613026779654e-01
3.756963950072584879e-01
3.781719692821605139e-01
3.800448355660845934e-01
3.811479808986011908e-01
3.813787828322393603e-01
3.807069816796208594e-01
3.791801954794223883e-01
3.769257568893771837e-01
3.741465631644189660e-01
3.711082951536855967e-01
3.681163272270184250e-01
3.654830670846678231e-01
3.634897356260016199e-01
3.623493907194390018e-01
3.621788414309508042e-01
3.629852878868566335e-01
3.646696765929754447e-01
3.670445177563210759e-01
3.698609557270274850e-01
3.728390613026781875e-01
3.756963950072547131e-01
3.781719692821551848e-01
3.800448355660712152e-01
3.811479808985887563e-01
3.813787828322347528e-01
3.807069816796203598e-01
3.791801954794279395e-01
3.769257568893841781e-01
3.741465631644151912e-01
3.711082951536804897e-01
3.681163272270133735e-01
3.654830670846643814e-01
3.634897356260103352e-01
3.623493907194486052e-01
3.621788414309713988e-01
3.629852878868734534e-01
3.646696765929791639e-01
3.670445177563161909e-01
3.698609557270322035e-01
3.728390613026794087e-01
3.756963950072580438e-01
3.781719692821661205e-01
3.800448355660719368e-01
3.811479808985854256e-01
3.813787828322248719e-01
3.807069816796053163e-01
3.791801954794186691e-01
3.769257568893768506e-01
3.741465631644214640e-01
3.711082951536852081e-01
3.681163272270223108e-01
3.654830670846748730e-01
3.634897356260083923e-01
3.623493907194439978e-01
3.621788414309564108e-01
3.629852878868560784e-01
3.646696765929693940e-01
3.670445177563099737e-01
3.698609557270264303e-01
3.728390613026717482e-01
3.756963950072485514e-01
3.781719692821535195e-01
3.800448355660603905e-01
3.811479808985717699e-01
3.813787828322013906e-01
3.807069816795777828e-01
3.791801954793952989e-01
3.769257568893591426e-01
3.741465631644022016e-01
3.711082951536592844e-01
3.681163272270027709e-01
3.654830670846586083e-01
3.634897356260087253e-01
3.623493907194437758e-01
3.621788414309572990e-01
3.629852878868671806e-01
