3.462747584103552101e-01
3.535527096160742122e-01
3.618986730456108525e-01
3.704748051111547147e-01
3.785250479311897953e-01
3.854130657448441299e-01
3.906311722212111315e-01
3.937959441768139612e-01
3.946446150747601744e-01
3.930428054021034012e-01
3.890093497042592663e-01
3.827568518460443547e-01
3.747359625031734254e-01
3.656588104992253285e-01
3.564696238472431222e-01
3.482393490137051240e-01
3.419913180936862140e-01
3.385045889781799766e-01
3.381633354780820833e-01
3.409049259212964533e-01
3.462747584101910081e-01
3.535527096159342686e-01
3.618986730454767931e-01
3.704748051110299256e-01
3.785250479310890981e-01
3.854130657447423780e-01
3.906311722211281978e-01
3.937959441767352464e-01
3.946446150746881210e-01
3.930428054020442818e-01
3.890093497042063087e-01
3.827568518460043312e-01
3.747359625031427277e-01
3.656588104991956856e-01
3.564696238472102596e-01
3.482393490136710956e-01
3.419913180936599018e-01
3.385045889781500006e-01
3.381633354780551048e-01
3.409049259212765248e-01
3.462747584101752429e-01
3.535527096159136740e-01
3.618986730454710199e-01
3.704748051110224871e-01
3.785250479310743876e-01
3.854130657447358832e-01
3.906311722211088244e-01
3.937959441767174273e-01
3.946446150746811821e-01
3.930428054020363993e-01
3.890093497041955950e-01
3.827568518459921187e-01
3.747359625031292940e-01
3.656588104991908561e-01
3.564696238472008782e-01
3.482393490136686531e-01
3.419913180936513530e-01
3.385045889781498896e-01
3.381633354780530509e-01
3.409049259212708627e-01
3.462747584101671938e-01
3.535527096159130633e-01
3.618986730454621381e-01
3.704748051110225981e-01
3.785250479310700022e-01
3.854130657447339958e-01
3.906311722211209259e-01
3.937959441767245883e-01
3.946446150746860670e-01
3.930428054020513318e-01
3.890093497042060866e-01
3.827568518460029989e-01
3.747359625031395636e-01
3.656588104991956856e-01
3.564696238472123690e-01
3.482393490136809766e-01
3.419913180936660080e-01
3.385045889781632678e-01
3.381633354780605449e-01
3.409049259212820759e-01
3.462747584101777965e-01
3.535527096159213900e-01
3.618986730454717970e-01
3.704748051110319795e-01
3.785250479310836025e-01
3.854130657447473185e-01
3.906311722211193160e-01
3.937959441767268642e-01
3.946446150746821813e-01
3.930428054020382311e-01
3.890093497042065862e-01
3.827568518460042202e-01
3.747359625031409514e-01
3.656588104992069543e-01
3.564696238472245815e-01
3.482393490136844738e-01
3.419913180936655639e-01
3.385045889781668760e-01
3.381633354780703149e-01
3.409049259212810767e-01
