3.632900142638214591e-01
3.653380485530994259e-01
3.679466836529732832e-01
3.708525951822045919e-01
3.737788064875829375e-01
3.764585891209557000e-01
3.786542321897111707e-01
3.801714866092154588e-01
3.808711898231388338e-01
3.806793565660765433e-01
3.795960527852217381e-01
3.777019194993845308e-01
3.751597143008890689e-01
3.722073577356576624e-01
3.691394902344414253e-01
3.662769306011249282e-01
3.639272702014477723e-01
3.623436456586115462e-01
3.616905407002429795e-01
3.620240650217221301e-01
3.632900140888788432e-01
3.653380483934391409e-01
3.679466835074881592e-01
3.708525950498040569e-01
3.737788063671779182e-01
3.764585890114702238e-01
3.786542320901138958e-01
3.801714865185255032e-01
3.808711897404289948e-01
3.806793564905234795e-01
3.795960527160746611e-01
3.777019194359679255e-01
3.751597142426221221e-01
3.722073576820337237e-01
3.691394901850536536e-01
3.662769305556370925e-01
3.639272701595719917e-01
3.623436456200975764e-01
3.616905406648888155e-01
3.620240649893320395e-01
3.632900140592622007e-01
3.653380483664122602e-01
3.679466834828694077e-01
3.708525950273982574e-01
3.737788063468064359e-01
3.764585889929411011e-01
3.786542320732598221e-01
3.801714865031768364e-01
3.808711897264420720e-01
3.806793564777481986e-01
3.795960527043826249e-01
3.777019194252383416e-01
3.751597142327702805e-01
3.722073576729826860e-01
3.691394901767157677e-01
3.662769305479557369e-01
3.639272701524899345e-01
3.623436456135913919e-01
3.616905406589093208e-01
3.620240649838535330e-01
3.632900140542499878e-01
3.653380483618257069e-01
3.679466834786818685e-01
3.708525950235816437e-01
3.737788063433271080e-01
3.764585889897812954e-01
3.786542320703843445e-01
3.801714865005491606e-01
3.808711897240398270e-01
3.806793564755504011e-01
3.795960527023657383e-01
3.777019194233869337e-01
3.751597142310604260e-01
3.722073576714020060e-01
3.691394901752662605e-01
3.662769305466224701e-01
3.639272701512688557e-01
3.623436456124648486e-01
3.616905406578733717e-01
3.620240649829051249e-01
3.632900140533855682e-01
3.653380483610398355e-01
3.679466834779655526e-01
3.708525950229385471e-01
3.737788063427464058e-01
3.764585889892566595e-01
3.786542320699071151e-01
3.801714865001185606e-01
3.808711897236523591e-01
3.806793564751956294e-01
3.795960527020424968e-01
3.777019194230928356e-01
3.751597142307973032e-01
3.722073576711636966e-01
3.691394901750540414e-01
3.662769305464261271e-01
3.639272701510917196e-01
3.623436456123036442e-01
3.616905406577233251e-01
3.620240649827717316e-01
