3.599283875156297219e-01
3.680274447365146084e-01
3.761154440306165303e-01
3.834446492024590758e-01
3.894126209381252313e-01
3.935771431263214715e-01
3.956504673436408992e-01
3.954880779307946015e-01
3.930833546386927058e-01
3.885739349256546737e-01
3.822589662078401118e-01
3.746188139358866409e-01
3.663210792915301273e-01
3.581923064397395939e-01
3.511390021073022005e-01
3.460184207659384725e-01
3.434851306435608431e-01
3.438598688013569382e-01
3.470668358974557388e-01
3.526606287497347503e-01
3.599283875156332746e-01
3.680274447365325385e-01
3.761154440306380131e-01
3.834446492024777275e-01
3.894126209381526538e-01
3.935771431263364040e-01
3.956504673436346819e-01
3.954880779307820560e-01
3.930833546386849342e-01
3.885739349256372432e-01
3.822589662078170747e-01
3.746188139358714309e-01
3.663210792915242431e-01
3.581923064397414813e-01
3.511390021073051981e-01
3.460184207659494637e-01
3.434851306435705021e-01
3.438598688013967952e-01
3.470668358974761669e-01
3.526606287497353609e-01
3.599283875156247259e-01
3.680274447365097235e-01
3.761154440306394009e-01
3.834446492024682906e-01
3.894126209381357784e-01
3.935771431263325737e-01
3.956504673436153641e-01
3.954880779307664018e-01
3.930833546386752753e-01
3.885739349256361330e-01
3.822589662078136885e-01
3.746188139358733737e-01
3.663210792915346792e-01
3.581923064397297130e-01
3.511390021073020895e-01
3.460184207659545153e-01
3.434851306435826035e-01
3.438598688013770333e-01
3.470668358974657308e-01
3.526606287497248693e-01
3.599283875156311097e-01
3.680274447365605717e-01
3.761154440306697655e-01
3.834446492024993769e-01
3.894126209381678083e-01
3.935771431263442310e-01
3.956504673436164743e-01
3.954880779307622385e-01
3.930833546386787170e-01
3.885739349256399633e-01
3.822589662078245687e-01
3.746188139358876956e-01
3.663210792915558844e-01
3.581923064397483092e-01
3.511390021073206857e-01
3.460184207659593447e-01
3.434851306435933171e-01
3.438598688013786986e-01
3.470668358974676737e-01
3.526606287497294212e-01
3.599283875156323309e-01
3.680274447365258772e-01
3.761154440306421765e-01
3.834446492024709552e-01
3.894126209381488790e-01
3.935771431263497266e-01
3.956504673436435637e-01
3.954880779307913263e-01
3.930833546386791610e-01
3.885739349256474018e-01
3.822589662078287320e-01
3.746188139358876401e-01
3.663210792915389535e-01
3.581923064397466439e-01
3.511390021073254042e-01
3.460184207659468547e-01
3.434851306435604545e-01
3.438598688013648763e-01
3.470668358974421941e-01
3.526606287497136560e-01
