3.889639155740655663e-01
3.894103648166549747e-01
3.898253790380616923e-01
3.901686587555270869e-01
3.904070683132895847e-01
3.905177017724456023e-01
3.904899616887129166e-01
3.903265086390781402e-01
3.900430214084224523e-01
3.896667836910391314e-01
3.892341902556920030e-01
3.887873500445334085e-01
3.883700555256244802e-01
3.880234771615498346e-01
3.877820105759943181e-01
3.876697294030437280e-01
3.876978604695874853e-01
3.878635938493024127e-01
3.881503797324944438e-01
3.885296744487055087e-01
3.889639155740434173e-01
3.894103648166489795e-01
3.898253790380751815e-01
3.901686587555470154e-01
3.904070683133217812e-01
3.905177017724689725e-01
3.904899616887189673e-01
3.903265086390887983e-01
3.900430214084253389e-01
3.896667836910751581e-01
3.892341902556966104e-01
3.887873500445441222e-01
3.883700555256290876e-01
3.880234771615538869e-01
3.877820105759895442e-01
3.876697294030424512e-01
3.876978604695732744e-01
3.878635938493140145e-01
3.881503797324917793e-01
3.885296744487187759e-01
3.889639155740421406e-01
3.894103648166495901e-01
3.898253790381084882e-01
3.901686587555752705e-01
3.904070683133235020e-01
3.905177017724908439e-01
3.904899616887628766e-01
3.903265086391112249e-01
3.900430214084331659e-01
3.896667836910600591e-01
3.892341902556983868e-01
3.887873500445536701e-01
3.883700555256102693e-01
3.880234771615466705e-01
3.877820105759812730e-01
3.876697294030251317e-01
3.876978604695824338e-01
3.878635938493222857e-01
3.881503797325293603e-01
3.885296744486995690e-01
3.889639155740280962e-01
3.894103648166548082e-01
3.898253790380821759e-01
3.901686587555647789e-01
3.904070683133220032e-01
3.905177017724775768e-01
3.904899616887406166e-01
3.903265086391046745e-01
3.900430214084452119e-01
3.896667836910855942e-01
3.892341902557124311e-01
3.887873500445419572e-01
3.883700555256416886e-01
3.880234771615748146e-01
3.877820105760124147e-01
3.876697294030475027e-01
3.876978604695717201e-01
3.878635938492995816e-01
3.881503797325038807e-01
3.885296744487298781e-01
3.889639155740589604e-01
3.894103648166676868e-01
3.898253790380653006e-01
3.901686587555371899e-01
3.904070683132885855e-01
3.905177017724632549e-01
3.904899616887169134e-01
3.903265086390581007e-01
3.900430214084287805e-01
3.896667836910457372e-01
3.892341902556908928e-01
3.887873500445264141e-01
3.883700555256265341e-01
3.880234771615487244e-01
3.877820105759902103e-01
3.876697294030238550e-01
3.876978604695537900e-01
3.878635938493071311e-01
3.881503797325108751e-01
3.885296744487186094e-01
