3.720224858831190917e-01
3.722733624930976704e-01
3.725457119270609296e-01
3.728128820457189407e-01
3.730488263618417788e-01
3.732306130931522525e-01
3.733406073811883497e-01
3.733681367968004206e-01
3.733105000627544023e-01
3.731732338628888090e-01
3.729696107866263266e-01
3.727194025293065205e-01
3.724470057581685811e-01
3.721790906922964326e-01
3.719419883615008304e-01
3.717590728705994496e-01
3.716484102279261625e-01
3.716209281523951136e-01
3.716793098374661652e-01
3.718177340514103868e-01
3.720224858831204795e-01
3.722733624930839591e-01
3.725457119270564332e-01
3.728128820456935721e-01
3.730488263618156886e-01
3.732306130931246635e-01
3.733406073811726955e-01
3.733681367967924825e-01
3.733105000627556236e-01
3.731732338628974133e-01
3.729696107866353194e-01
3.727194025293233959e-01
3.724470057582049964e-01
3.721790906923218567e-01
3.719419883615157074e-01
3.717590728706142156e-01
3.716484102279529744e-01
3.716209281524078256e-01
3.716793098374587268e-01
3.718177340514118301e-01
3.720224858831163162e-01
3.722733624930781304e-01
3.725457119270566553e-01
3.728128820457147774e-01
3.730488263618368383e-01
3.732306130931462018e-01
3.733406073811868509e-01
3.733681367968175180e-01
3.733105000627686687e-01
3.731732338629098478e-01
3.729696107866460331e-01
3.727194025293385504e-01
3.724470057582114912e-01
3.721790906923269082e-01
3.719419883615380229e-01
3.717590728706183234e-01
3.716484102279640211e-01
3.716209281524369135e-01
3.716793098374900350e-01
3.718177340514403073e-01
3.720224858831410186e-01
3.722733624931071628e-01
3.725457119270723094e-01
3.728128820457176085e-01
3.730488263618418898e-01
3.732306130931534183e-01
3.733406073812040593e-01
3.733681367968093023e-01
3.733105000627605086e-01
3.731732338629036305e-01
3.729696107866367072e-01
3.727194025293131818e-01
3.724470057581938942e-01
3.721790906923118092e-01
3.719419883615023847e-01
3.717590728706050007e-01
3.716484102279451474e-01
3.716209281524041064e-01
3.716793098374703841e-01
3.718177340514256524e-01
3.720224858831205905e-01
3.722733624930899543e-01
3.725457119270580986e-01
3.728128820457101700e-01
3.730488263618350064e-01
3.732306130931378196e-01
3.733406073811785242e-01
3.733681367967914833e-01
3.733105000627524039e-01
3.731732338628977463e-01
3.729696107866347643e-01
3.727194025293182333e-01
3.724470057581968918e-01
3.721790906923043152e-01
3.719419883614933919e-01
3.717590728705891245e-01
3.716484102279267177e-01
3.716209281523935037e-01
3.716793098374733262e-01
3.718177340514149387e-01
