3.724407114378061601e-01
3.724852514749733001e-01
3.725449401258686954e-01
3.726137503421881880e-01
3.726848986066219060e-01
3.727514828845385764e-01
3.728070916549667824e-01
3.728463493726117406e-01
3.728653749215746216e-01
3.728621328284036918e-01
3.728366537688923010e-01
3.727910958560280430e-01
3.727296176451038168e-01
3.726580436820506881e-01
3.725833267600500154e-01
3.725128455603460287e-01
3.724536137338730901e-01
3.724115044984853684e-01
3.723906021272319067e-01
3.723927732548453773e-01
3.724175110064181782e-01
3.724620556316682318e-01
3.725217511882981669e-01
3.725905698382157571e-01
3.726617271921420227e-01
3.727283203430873937e-01
3.727839369732883212e-01
3.728232008821912302e-01
3.728422304935692932e-01
3.728389901073351775e-01
3.728135104281006806e-01
3.727679498550118820e-01
3.727064674660187649e-01
3.726348885210776229e-01
3.725601666505924392e-01
3.724896814103031417e-01
3.724304472687401946e-01
3.723883381145069449e-01
3.723674386717189533e-01
3.723696157610920099e-01
3.723943624159768429e-01
3.724389185362186883e-01
3.724986276177277289e-01
3.725674611129218272e-01
3.726386338482856608e-01
3.727052421315136810e-01
3.727608729269446530e-01
3.728001494431461560e-01
3.728191896883731316e-01
3.728159577575755335e-01
3.727904843808620416e-01
3.727449282152970889e-01
3.726834488106143817e-01
3.726118720718669675e-01
3.725371523864378642e-01
3.724666701013584214e-01
3.724074404256288995e-01
3.723653378560682903e-01
3.723444475267106424e-01
3.723466364285835661e-01
3.723713975140519605e-01
3.724159703681420575e-01
3.724756979797305689e-01
3.725445511599626003e-01
3.726157440257830133e-01
3.726823721737802519e-01
3.727380219177334197e-01
3.727773159303142680e-01
3.727963718425247874e-01
3.727931535628180582e-01
3.727676918438230236e-01
3.727221455761482449e-01
3.726606747374531237e-01
3.725891058184661597e-01
3.725143938943362709e-01
3.724439200315513565e-01
3.723847001129027556e-01
3.723426091892518830e-01
3.723217327687409761e-01
3.723239379988235176e-01
3.723487177597548659e-01
3.723933113515925930e-01
3.724530613030574977e-01
3.725219378425672079e-01
3.725931544417312447e-01
3.726598060498867993e-01
3.727154783882430933e-01
3.727547936409571494e-01
3.727738690947658973e-01
3.727706684875319865e-01
3.727452225917913808e-01
3.726996905105759428e-01
3.726382326114794363e-01
3.725666759194118383e-01
3.724919761372705862e-01
3.724215149886671572e-01
3.723623089722663537e-01
3.723202336458363293e-01
3.722993748603757314e-01
3.723015999074938964e-01
