3.663165210108024761e-01
3.673518751401280702e-01
3.687931000803706394e-01
3.704940473167011583e-01
3.722904398829771089e-01
3.740149515135018921e-01
3.755103842247441981e-01
3.766408324378702210e-01
3.773011865705537260e-01
3.774253365098130808e-01
3.769930386527401978e-01
3.760347517880325285e-01
3.746330700130194868e-01
3.729190272448056898e-01
3.710618766646526789e-01
3.692521430029417906e-01
3.676795930927333478e-01
3.665096050012880968e-01
3.658623813952250892e-01
3.657989917864939988e-01
3.663164629993634902e-01
3.673518204256185915e-01
3.687930485275393577e-01
3.704939987799601431e-01
3.722903942067291028e-01
3.740149085341397672e-01
3.755103437736693750e-01
3.766407943450847950e-01
3.773011506683862093e-01
3.774253026365955721e-01
3.769930066561840154e-01
3.760347215281818478e-01
3.746330413645492241e-01
3.729190000984908826e-01
3.710618509277747168e-01
3.692521185985272458e-01
3.676795699576444476e-01
3.665095830833906554e-01
3.658623606499794567e-01
3.657989721735334654e-01
3.663164444794178021e-01
3.673518029582069633e-01
3.687930320694861042e-01
3.704939832847826686e-01
3.722903796247561958e-01
3.740148948131344353e-01
3.755103308598117251e-01
3.766407821840989656e-01
3.773011392067469050e-01
3.774252918226942977e-01
3.769929964414005519e-01
3.760347118678363243e-01
3.746330322186349759e-01
3.729189914321339172e-01
3.710618427113722140e-01
3.692521108075085823e-01
3.676795625718534688e-01
3.665095760861800112e-01
3.658623540271345176e-01
3.657989659121624326e-01
3.663164385669882561e-01
3.673517973817968518e-01
3.687930268153032931e-01
3.704939783379966323e-01
3.722903749695058995e-01
3.740148904327454393e-01
3.755103267371026621e-01
3.766407783017390876e-01
3.773011355476513784e-01
3.774252883703788086e-01
3.769929931803503442e-01
3.760347087837910829e-01
3.746330292988209187e-01
3.729189886654200037e-01
3.710618400883091139e-01
3.692521083202487953e-01
3.676795602139645291e-01
3.665095738523455049e-01
3.658623519128168522e-01
3.657989639132439019e-01
3.663164366794722238e-01
3.673517956015526220e-01
3.687930251379343272e-01
3.704939767587626109e-01
3.722903734833432621e-01
3.740148890343304999e-01
3.755103254209517516e-01
3.766407770623219631e-01
3.773011343795109607e-01
3.774252872682594684e-01
3.769929921392924932e-01
3.760347077992416409e-01
3.746330283666965966e-01
3.729189877821670329e-01
3.710618392509096308e-01
3.692521075262049091e-01
3.676795594612167761e-01
3.665095731391990741e-01
3.658623512378194609e-01
3.657989632750864306e-01
