3.868701077738604388e-01
3.874469558664964675e-01
3.881565694226172814e-01
3.889291771969935474e-01
3.896906860488245083e-01
3.903693310990595799e-01
3.909016549042610422e-01
3.912376138269814674e-01
3.913447060431075042e-01
3.912109937521831560e-01
3.908467912144621415e-01
3.902846809895619828e-01
3.895774897726843600e-01
3.887939800115667310e-01
3.880123274870031502e-01
3.873119140902140933e-01
3.867644389642663771e-01
3.864256615145128526e-01
3.863290887687267916e-01
3.864825708452268582e-01
3.868681766004185008e-01
3.874450864940814920e-01
3.881547603893445997e-01
3.889274268357890696e-01
3.896889924953888529e-01
3.903676923213856842e-01
3.909000687481660186e-01
3.912360780721832465e-01
3.913432184649158763e-01
3.912095521842317014e-01
3.908453936081444091e-01
3.902833254657623319e-01
3.895761746613358167e-01
3.887927038749289799e-01
3.880110891235724613e-01
3.873107125181701194e-01
3.867632733860000283e-01
3.864245312665483545e-01
3.863279932636681235e-01
3.864815095132184686e-01
3.868671488372410483e-01
3.874440916211805419e-01
3.881537976287037783e-01
3.889264953001969061e-01
3.896880911926779989e-01
3.903668201701277485e-01
3.908992246019096783e-01
3.912352607493067569e-01
3.913424267814458735e-01
3.912087849872418754e-01
3.908446498073724906e-01
3.902826040611447334e-01
3.895754747640730042e-01
3.887920247198593526e-01
3.880104300712619581e-01
3.873100730460967700e-01
3.867626530696756659e-01
3.864239297528770933e-01
3.863274102400399701e-01
3.864809446763593503e-01
3.868666018655891325e-01
3.874435621536057028e-01
3.881532852511530574e-01
3.889259995405016102e-01
3.896876115228034010e-01
3.903663560145450018e-01
3.908987753504818419e-01
3.912348257731785295e-01
3.913420054505139523e-01
3.912083766879154156e-01
3.908442539594201293e-01
3.902822201323412621e-01
3.895751022813999653e-01
3.887916632761024283e-01
3.880100793261165859e-01
3.873097327214797270e-01
3.867623229396753293e-01
3.864236096295791678e-01
3.863270999570685982e-01
3.864806440723198011e-01
3.868663107693431913e-01
3.874432803729633834e-01
3.881530125657583485e-01
3.889257356990652448e-01
3.896873562443118333e-01
3.903661089926992456e-01
3.908985362605697511e-01
3.912345942805261489e-01
3.913417812197811374e-01
3.912081593925567646e-01
3.908440432906380990e-01
3.902820158068870393e-01
3.895749040475336433e-01
3.887914709171056971e-01
3.880098926608799847e-01
3.873095516020087503e-01
3.867621472457414278e-01
3.864234392611736180e-01
3.863269348256517244e-01
3.864804840919912055e-01
