3.702341014065771985e-01
3.704157870615927273e-01
3.707088715668681034e-01
3.710831658663875654e-01
3.715021242828940862e-01
3.719261567403003843e-01
3.723157778960941577e-01
3.726345485159767157e-01
3.728518367710588199e-01
3.729454050504806828e-01
3.729037245643063714e-01
3.727277691574929497e-01
3.724318985915660574e-01
3.720433880286668216e-01
3.716002707455807741e-01
3.711474649554527550e-01
3.707315916542905376e-01
3.703953028789998547e-01
3.701721433187206145e-01
3.700828540790518373e-01
3.701336362168905492e-01
3.703163929160587231e-01
3.706105607101365385e-01
3.709859440142500575e-01
3.714059895132196809e-01
3.718310991003534460e-01
3.722217796584865734e-01
3.725415850092039793e-01
3.727598777193577573e-01
3.728544163621940188e-01
3.728136704928319833e-01
3.726386147166735330e-01
3.723436120418041617e-01
3.719559431791265580e-01
3.715136487717771163e-01
3.710616554436245162e-01
3.706465926736181582e-01
3.703111200401473790e-01
3.700887879604081165e-01
3.700003408759815482e-01
3.700519805763620163e-01
3.702356085138548969e-01
3.705306574306740375e-01
3.709069264461631321e-01
3.713278560483813662e-01
3.717538416143224556e-01
3.721453837174897861e-01
3.724660305436417462e-01
3.726851401109148032e-01
3.727804678952485462e-01
3.727404821085731346e-01
3.725661579740119356e-01
3.722718611359449037e-01
3.718848768110164515e-01
3.714432516242439086e-01
3.709919190297923386e-01
3.705775153959872115e-01
3.702427064264997014e-01
3.700210471915512667e-01
3.699332848434532806e-01
3.699856217683473170e-01
3.701699580140522805e-01
3.704657232452868709e-01
3.708427122818849786e-01
3.712643605803768176e-01
3.716910582263837082e-01
3.720833006698315848e-01
3.724046315196315460e-01
3.726244050997923329e-01
3.727203743708104033e-01
3.726810064537961487e-01
3.725072770737377081e-01
3.722135540164900336e-01
3.718271261587371979e-01
3.713860449846938527e-01
3.709352494970341585e-01
3.705213816607477728e-01
3.701871121556558064e-01
3.699659998323203136e-01
3.698787940457078371e-01
3.699316976673122648e-01
3.701166096046786258e-01
3.704129570231388668e-01
3.707905312503251283e-01
3.712127636557913113e-01
3.716400400269621040e-01
3.720328516517640294e-01
3.723547384211534639e-01
3.725750516582055916e-01
3.726715422799665722e-01
3.726326765214261205e-01
3.724594305153410834e-01
3.721661737873864784e-01
3.717801981878084971e-01
3.713395591486584602e-01
3.708892001805284000e-01
3.704757677955141659e-01
3.701419367164752727e-01
3.699212688655347248e-01
3.698345153874617042e-01
