3.713866134379790740e-01
3.714994784759852453e-01
3.716858837675811045e-01
3.719269991651485974e-01
3.721991975595472790e-01
3.724762938167256454e-01
3.727318584720829553e-01
3.729414725605562642e-01
3.730848224724525042e-01
3.731475362622777570e-01
3.731226394217505571e-01
3.730114749693381193e-01
3.728239148180328977e-01
3.725777138410865108e-01
3.722969431844963539e-01
3.720095824612637547e-01
3.717445208499083886e-01
3.715283622292593901e-01
3.713824953111455329e-01
3.713208469544074797e-01
3.713485969879624093e-01
3.714619435881537646e-01
3.716488302417793044e-01
3.718904252908683539e-01
3.721630998003533364e-01
3.724406666800863519e-01
3.726966945595812652e-01
3.729067627834450893e-01
3.730505564108199668e-01
3.731137026402492896e-01
3.730892266642915622e-01
3.729784717977381869e-01
3.727913108322254976e-01
3.725455000305560871e-01
3.722651123093968506e-01
3.719781292548788865e-01
3.717134420135861927e-01
3.714976562188729847e-01
3.713521619440812715e-01
3.712908868909756133e-01
3.713190111551754602e-01
3.714327326149291508e-01
3.716199939644829753e-01
3.718619623713816935e-01
3.721350074804957719e-01
3.724129406802746955e-01
3.726693291178216905e-01
3.728797508229635960e-01
3.730238898194371266e-01
3.730873726400405488e-01
3.730632242447571301e-01
3.729527881790738464e-01
3.727659379183835830e-01
3.725204308067498471e-01
3.722403411386396299e-01
3.719536520355270492e-01
3.716892561754214230e-01
3.714737605569787826e-01
3.713285563130707123e-01
3.712675718015024939e-01
3.712959873256048149e-01
3.714100005318652364e-01
3.715975534980376360e-01
3.718398124779745406e-01
3.721131460117513279e-01
3.723913643041531496e-01
3.726480333489304853e-01
3.728587301529694975e-01
3.730031379344282971e-01
3.730668827081502492e-01
3.730429892532026170e-01
3.729328012946314663e-01
3.727461928399187774e-01
3.725009220745239547e-01
3.722210643650607498e-01
3.719346040277412002e-01
3.716704349322752510e-01
3.714551651397555720e-01
3.713101866075679269e-01
3.712494282040696980e-01
3.712780703942780702e-01
3.713923106444032562e-01
3.715800905525346032e-01
3.718225756615966549e-01
3.720961336520238194e-01
3.723745738075804335e-01
3.726314612245715252e-01
3.728423721139162983e-01
3.729869890669363364e-01
3.730509376954486145e-01
3.730272426377590489e-01
3.729172477586539802e-01
3.727308274796794496e-01
3.724857406410465588e-01
3.722060634436819004e-01
3.719197811335069326e-01
3.716557885075804091e-01
3.714406944537634314e-01
3.712958915710642405e-01
3.712353091251519022e-01
