8.968406770908387421e-03
8.993171996200326548e-03
9.012803797214235385e-03
9.025380885139395321e-03
9.029672557293876717e-03
9.025259002521520205e-03
9.012572285396034874e-03
8.992854039335912777e-03
8.968034015043221605e-03
8.940541339119851758e-03
8.913066898570720306e-03
8.888300047926329592e-03
8.868665369917537109e-03
8.856085252267723723e-03
8.851791554914544349e-03
8.856204862564963365e-03
8.868893205041642608e-03
8.888614328095744560e-03
8.913437382112067431e-03
8.940932083240014233e-03
8.968406770908335379e-03
8.993171996200231139e-03
9.012803797214294366e-03
9.025380885139391851e-03
9.029672557293888860e-03
9.025259002521421325e-03
9.012572285396315899e-03
8.992854039336268396e-03
8.968034015043183441e-03
8.940541339119961045e-03
8.913066898570800103e-03
8.888300047926140507e-03
8.868665369917410474e-03
8.856085252267895461e-03
8.851791554914917315e-03
8.856204862565117755e-03
8.868893205041816080e-03
8.888614328095607517e-03
8.913437382111984164e-03
8.940932083239686370e-03
8.968406770908000578e-03
8.993171996200055932e-03
9.012803797214082729e-03
9.025380885139397055e-03
9.029672557293880186e-03
9.025259002521721433e-03
9.012572285396227428e-03
8.992854039336370744e-03
8.968034015043308341e-03
8.940541339119898595e-03
8.913066898570808777e-03
8.888300047926562045e-03
8.868665369917773031e-03
8.856085252267926686e-03
8.851791554914893029e-03
8.856204862565353678e-03
8.868893205041833427e-03
8.888614328095763642e-03
8.913437382112157636e-03
8.940932083239979539e-03
8.968406770908238235e-03
8.993171996200205118e-03
9.012803797214165996e-03
9.025380885139390116e-03
9.029672557293920085e-03
9.025259002521480306e-03
9.012572285396322838e-03
8.992854039336363806e-03
8.968034015043353444e-03
8.940541339120082476e-03
8.913066898570836533e-03
8.888300047926584596e-03
8.868665369917767827e-03
8.856085252267791377e-03
8.851791554914709148e-03
8.856204862564992855e-03
8.868893205041744957e-03
8.888614328095668232e-03
8.913437382111987634e-03
8.940932083239719330e-03
8.968406770908056089e-03
8.993171996199844295e-03
9.012803797214034157e-03
9.025380885139320727e-03
9.029672557293786511e-03
9.025259002521410917e-03
9.012572285396083446e-03
8.992854039336030739e-03
8.968034015043075888e-03
8.940541339119910738e-03
8.913066898570720306e-03
8.888300047926338265e-03
8.868665369917587415e-03
8.856085252267777500e-03
8.851791554914846191e-03
8.856204862565100408e-03
8.868893205041772712e-03
8.888614328095680375e-03
8.913437382112129881e-03
8.940932083240041989e-03
