9.648497801833773660e-03
1.028309286889824564e-02
1.078611847879302858e-02
1.110837482407734007e-02
1.121839846233120726e-02
1.110551113039822541e-02
1.078083002088104335e-02
1.027615398470185619e-02
9.640844435821306971e-03
8.937008709550260319e-03
8.233451557683388322e-03
7.598975026418508874e-03
7.095669231363512311e-03
6.772841001171454357e-03
6.662172218846510417e-03
6.774587570645253590e-03
7.099150144343298850e-03
7.604106365690380988e-03
8.239987799519222361e-03
8.944468669895276960e-03
9.648497801892471498e-03
1.028309286895540652e-02
1.078611847884794819e-02
1.110837482412911810e-02
1.121839846237901624e-02
1.110551113044149114e-02
1.078083002091943104e-02
1.027615398473533288e-02
9.640844435850039196e-03
8.937008709574558590e-03
8.233451557703835508e-03
7.598975026435839629e-03
7.095669231378346799e-03
6.772841001184450038e-03
6.662172218858261434e-03
6.774587570656270819e-03
7.099150144353970002e-03
7.604106365700795400e-03
8.239987799529674070e-03
8.944468669905491012e-03
9.648497801902562385e-03
1.028309286896533087e-02
1.078611847885736080e-02
1.110837482413789407e-02
1.121839846238710352e-02
1.110551113044869025e-02
1.078083002092566217e-02
1.027615398474073308e-02
9.640844435854681316e-03
8.937008709578458249e-03
8.233451557707136687e-03
7.598975026438560543e-03
7.095669231380718166e-03
6.772841001186516961e-03
6.662172218860186977e-03
6.774587570658115697e-03
7.099150144355708195e-03
7.604106365702576961e-03
8.239987799531358487e-03
8.944468669907281247e-03
9.648497801904317925e-03
1.028309286896703610e-02
1.078611847885895848e-02
1.110837482413934776e-02
1.121839846238836293e-02
1.110551113044979873e-02
1.078083002092659892e-02
1.027615398474139748e-02
9.640844435855238162e-03
8.937008709578841623e-03
8.233451557707464549e-03
7.598975026438861517e-03
7.095669231380895108e-03
6.772841001186696505e-03
6.662172218860412491e-03
6.774587570658365497e-03
7.099150144356079425e-03
7.604106365702959468e-03
8.239987799531833801e-03
8.944468669907737479e-03
9.648497801904704768e-03
1.028309286896745417e-02
1.078611847885929675e-02
1.110837482413959409e-02
1.121839846238867171e-02
1.110551113045005027e-02
1.078083002092685219e-02
1.027615398474158656e-02
9.640844435855246836e-03
8.937008709578869378e-03
8.233451557707343119e-03
7.598975026438735750e-03
7.095669231380873423e-03
6.772841001186769364e-03
6.662172218860575555e-03
6.774587570658651726e-03
7.099150144356337032e-03
7.604106365703232687e-03
8.239987799532121765e-03
8.944468669908087893e-03
