1.009838874459957105e-02
1.114072248762031786e-02
1.196757789612953003e-02
1.249803486771863120e-02
1.268022458192964892e-02
1.249638539006013745e-02
1.196457381936696061e-02
1.113687376012282432e-02
1.009428803329353967e-02
8.938816240028865309e-03
7.783491705257950151e-03
6.741344608544574783e-03
5.914361123844404274e-03
5.383510419204752713e-03
5.200811875785835842e-03
5.384221692060466892e-03
5.915847568121874317e-03
6.743676786277391817e-03
7.786657452237237022e-03
8.942639382474708645e-03
1.009839466945080567e-02
1.114072886601139185e-02
1.196758458226380648e-02
1.249804168137647054e-02
1.268023132774153891e-02
1.249639187729538296e-02
1.196457988030832920e-02
1.113687926533244582e-02
1.009429290245837316e-02
8.938820447565489977e-03
7.783495280394693225e-03
6.741347630140193462e-03
5.914363710691066499e-03
5.383512716954477577e-03
5.200814041911734284e-03
5.384223880384370053e-03
5.915849914414187533e-03
6.743679396263817585e-03
7.786660393056948903e-03
8.942642678253060265e-03
1.009839830122119704e-02
1.114073277578921106e-02
1.196758868067964408e-02
1.249804585796062371e-02
1.268023546273795710e-02
1.249639585379144248e-02
1.196458359549804756e-02
1.113688263987381091e-02
1.009429588712190684e-02
8.938823026669193150e-03
7.783497471854631221e-03
6.741349482294839261e-03
5.914365296356543025e-03
5.383514125411562046e-03
5.200815369687084889e-03
5.384225221766536854e-03
5.915851352626584798e-03
6.743680996113453167e-03
7.786662195698323616e-03
8.942644698474246784e-03
1.009840052739628680e-02
1.114073517237514944e-02
1.196759119289544405e-02
1.249804841809147062e-02
1.268023799737665915e-02
1.249639829127370365e-02
1.196458587280662365e-02
1.113688470837439180e-02
1.009429771663809816e-02
8.938824607588441093e-03
7.783498815159021686e-03
6.741350617614354744e-03
5.914366268325623767e-03
5.383514988756802830e-03
5.200816183576714193e-03
5.384226043996810304e-03
5.915852234211213014e-03
6.743681976777279354e-03
7.786663300667833604e-03
8.942645936814234628e-03
1.009840189198024825e-02
1.114073664141629859e-02
1.196759273281446274e-02
1.249804998738102309e-02
1.268023955104013827e-02
1.249639978538293408e-02
1.196458726873381347e-02
1.113688597630793989e-02
1.009429883808080249e-02
8.938825576648030610e-03
7.783499638567272123e-03
6.741351313533736761e-03
5.914366864115691222e-03
5.383515517963514269e-03
5.200816682468526603e-03
5.384226548001247448e-03
5.915852774598191234e-03
6.743682577897111216e-03
7.786663977983681977e-03
8.942646695882360691e-03
