9.891130493614910812e-03
1.072749889194122945e-02
1.139050128819981030e-02
1.181560414648928983e-02
1.196152174486572045e-02
1.181413329914233513e-02
1.138780341482899597e-02
1.072399993662116746e-02
9.887335364873803614e-03
8.959381222716564577e-03
8.030808075751710851e-03
7.192573010250884191e-03
6.526992925580106172e-03
6.099585945476364117e-03
5.952517889284287753e-03
6.100348979231604886e-03
6.528545534961921297e-03
7.194926704620026314e-03
8.033895395815931345e-03
8.962999991294106836e-03
9.891130493614929894e-03
1.072749889194121210e-02
1.139050128819981030e-02
1.181560414648929851e-02
1.196152174486572045e-02
1.181413329914234207e-02
1.138780341482904107e-02
1.072399993662115185e-02
9.887335364873779328e-03
8.959381222716547230e-03
8.030808075751690034e-03
7.192573010250904141e-03
6.526992925580096631e-03
6.099585945476358045e-03
5.952517889284287753e-03
6.100348979231610957e-03
6.528545534961911756e-03
7.194926704620042794e-03
8.033895395815946958e-03
8.962999991294125918e-03
9.891130493614909078e-03
1.072749889194122945e-02
1.139050128819982070e-02
1.181560414648931065e-02
1.196152174486572045e-02
1.181413329914234554e-02
1.138780341482902719e-02
1.072399993662116920e-02
9.887335364873761981e-03
8.959381222716564577e-03
8.030808075751710851e-03
7.192573010250884191e-03
6.526992925580081886e-03
6.099585945476353709e-03
5.952517889284287753e-03
6.100348979231604886e-03
6.528545534961921297e-03
7.194926704620025447e-03
8.033895395815931345e-03
8.962999991294056529e-03
9.891130493614886526e-03
1.072749889194121210e-02
1.139050128819981030e-02
1.181560414648929851e-02
1.196152174486572045e-02
1.181413329914234901e-02
1.138780341482904801e-02
1.072399993662115185e-02
9.887335364873819227e-03
8.959381222716585394e-03
8.030808075751733402e-03
7.192573010250905875e-03
6.526992925580096631e-03
6.099585945476370188e-03
5.952517889284287753e-03
6.100348979231599682e-03
6.528545534961910021e-03
7.194926704620005498e-03
8.033895395815915733e-03
8.962999991294077345e-03
9.891130493614909078e-03
1.072749889194122598e-02
1.139050128819982070e-02
1.181560414648928983e-02
1.196152174486572045e-02
1.181413329914234554e-02
1.138780341482903240e-02
1.072399993662116920e-02
9.887335364873803614e-03
8.959381222716566312e-03
8.030808075751714320e-03
7.192573010250885926e-03
6.526992925580106172e-03
6.099585945476364984e-03
5.952517889284287753e-03
6.100348979231603151e-03
6.528545534961920430e-03
7.194926704619982946e-03
8.033895395815894916e-03
8.962999991294099897e-03
