1.012243098361561428e-02
1.116679464152798770e-02
1.199503992853503433e-02
1.252613785720772463e-02
1.270820270046113358e-02
1.252353201758400064e-02
1.199029391701763453e-02
1.116071379795099960e-02
1.011595135604040005e-02
8.958173442843784043e-03
7.800592121110979174e-03
6.756428231237912585e-03
5.927863408207004886e-03
5.396048691572755303e-03
5.213143597293052635e-03
5.397171513679953694e-03
5.930209847543901902e-03
6.760109504115068522e-03
7.805588735597640548e-03
8.964206901493347590e-03
1.012243099138198862e-02
1.116679464957373406e-02
1.199503993665097801e-02
1.252613786516663594e-02
1.270820270804364632e-02
1.252353202460090853e-02
1.199029392332626870e-02
1.116071380346514777e-02
1.011595136073365798e-02
8.958173446746570123e-03
7.800592124302259747e-03
6.756428233833566312e-03
5.927863410345594539e-03
5.396048693400904046e-03
5.213143598951698078e-03
5.397171515292527484e-03
5.930209849207871212e-03
6.760109505896484683e-03
7.805588737529186617e-03
8.964206903576571808e-03
1.012243099359118326e-02
1.116679465186231832e-02
1.199503993895951505e-02
1.252613786743041191e-02
1.270820271020030486e-02
1.252353202659673391e-02
1.199029392512059901e-02
1.116071380503349912e-02
1.011595136206855719e-02
8.958173447856617941e-03
7.800592125209940796e-03
6.756428234571848143e-03
5.927863410953900479e-03
5.396048693920863989e-03
5.213143599423400616e-03
5.397171515751124186e-03
5.930209849681004897e-03
6.760109506402911181e-03
7.805588738078346293e-03
8.964206904168839363e-03
1.012243099421913754e-02
1.116679465251287431e-02
1.199503993961580604e-02
1.252613786807404636e-02
1.270820271081360767e-02
1.252353202716440829e-02
1.199029392563111945e-02
1.116071380547986949e-02
1.011595136244864031e-02
8.958173448172858030e-03
7.800592125468670465e-03
6.756428234782341224e-03
5.927863411127242722e-03
5.396048694068970343e-03
5.213143599557633519e-03
5.397171515881489523e-03
5.930209849815371373e-03
6.760109506546666848e-03
7.805588738234113186e-03
8.964206904336760595e-03
1.012243099439728670e-02
1.116679465269757379e-02
1.199503993980225412e-02
1.252613786825714469e-02
1.270820271098825442e-02
1.252353202732619901e-02
1.199029392577679112e-02
1.116071380560742024e-02
1.011595136255736931e-02
8.958173448263394983e-03
7.800592125542766576e-03
6.756428234842585569e-03
5.927863411176862753e-03
5.396048694111294126e-03
5.213143599595832130e-03
5.397171515918437398e-03
5.930209849853352276e-03
6.760109506587149222e-03
7.805588738278042456e-03
8.964206904384184466e-03
