1.032895263052095378e-02
1.157336871961584489e-02
1.255942969287835581e-02
1.319076639180809946e-02
1.340589166413808098e-02
1.318409971806723015e-02
1.254735849581211510e-02
1.155806113259674923e-02
1.031289397403304872e-02
8.933430658070576347e-03
7.554350678450783008e-03
6.310390321336073124e-03
5.323252126841095458e-03
4.689716715398460113e-03
4.472111072515256788e-03
4.692088407082464600e-03
5.328373896917590509e-03
6.318748481327496856e-03
7.566114352852807388e-03
8.948058039718164575e-03
1.032895263064414863e-02
1.157336871974201827e-02
1.255942969300358376e-02
1.319076639192836610e-02
1.340589166424970176e-02
1.318409971816750237e-02
1.254735849589926067e-02
1.155806113266998232e-02
1.031289397409265902e-02
8.933430658117594292e-03
7.554350678487131536e-03
6.310390321363871201e-03
5.323252126862610366e-03
4.689716715415787399e-03
4.472111072530459905e-03
4.692088407097212352e-03
5.328373896932997456e-03
6.318748481344186631e-03
7.566114352871214539e-03
8.948058039738093078e-03
1.032895263066510930e-02
1.157336871976343863e-02
1.255942969302473698e-02
1.319076639194851491e-02
1.340589166426840902e-02
1.318409971818433613e-02
1.254735849591391041e-02
1.155806113268217916e-02
1.031289397410259899e-02
8.933430658125272178e-03
7.554350678492971483e-03
6.310390321368255714e-03
5.323252126865954045e-03
4.689716715418601120e-03
4.472111072533049847e-03
4.692088407099767600e-03
5.328373896935799901e-03
6.318748481347315205e-03
7.566114352874607658e-03
8.948058039741652731e-03
1.032895263066890487e-02
1.157336871976730706e-02
1.255942969302852215e-02
1.319076639195211273e-02
1.340589166427153672e-02
1.318409971818690699e-02
1.254735849591592269e-02
1.155806113268388613e-02
1.031289397410390524e-02
8.933430658126285256e-03
7.554350678493589044e-03
6.310390321368695467e-03
5.323252126866296653e-03
4.689716715418922911e-03
4.472111072533437558e-03
4.692088407100278476e-03
5.328373896936475576e-03
6.318748481348148739e-03
7.566114352875475887e-03
8.948058039742612033e-03
1.032895263066973233e-02
1.157336871976806687e-02
1.255942969302919349e-02
1.319076639195271468e-02
1.340589166427202418e-02
1.318409971818721577e-02
1.254735849591602850e-02
1.155806113268371439e-02
1.031289397410361207e-02
8.933430658125886270e-03
7.554350678493335774e-03
6.310390321368429187e-03
5.323252126866110170e-03
4.689716715418858727e-03
4.472111072533469650e-03
4.692088407100438938e-03
5.328373896936713233e-03
6.318748481348497419e-03
7.566114352875891354e-03
8.948058039743026632e-03
