9.215300372312175067e-03
9.444226250925637917e-03
9.625864341553711998e-03
9.742435377339755606e-03
9.782530629016806742e-03
9.742227886576432933e-03
9.625474403265861859e-03
9.443699694574878359e-03
9.214696405938419682e-03
8.960878924302525389e-03
8.707090085968057988e-03
8.478170375914069121e-03
8.296527184487824044e-03
8.179941747716572287e-03
8.139828316439699091e-03
8.180116065667389358e-03
8.296863490193082113e-03
8.478643409992400390e-03
8.707661210334286667e-03
8.961496982261693209e-03
9.215300923788952506e-03
9.444226801051135156e-03
9.625864887327391720e-03
9.742435915012013017e-03
9.782531154523608011e-03
9.742228395980295774e-03
9.625474893160646320e-03
9.443700162417247371e-03
9.214696850278075030e-03
8.960879344894888410e-03
8.707090483764340014e-03
8.478170752936192711e-03
8.296527543606779104e-03
8.179942092359790765e-03
8.139828650259849432e-03
8.180116392206088216e-03
8.296863812572446636e-03
8.478643730661971148e-03
8.707661530895471902e-03
8.961497303382177579e-03
9.215301245210423542e-03
9.444227121685062551e-03
9.625865205424943491e-03
9.742436228387761979e-03
9.782531460808895074e-03
9.742228692880211885e-03
9.625475178689939237e-03
9.443700435093488332e-03
9.214697109256032165e-03
8.960879590032045511e-03
8.707090715615022763e-03
8.478170972678989586e-03
8.296527752914919368e-03
8.179942293230928196e-03
8.139828844822867907e-03
8.180116582525206320e-03
8.296864000467304295e-03
8.478643917560342927e-03
8.707661717730725767e-03
8.961497490543359964e-03
9.215301432547029839e-03
9.444227308562638465e-03
9.625865390824196732e-03
9.742436411034923263e-03
9.782531639323448908e-03
9.742228865924620548e-03
9.625475345107104008e-03
9.443700594019421510e-03
9.214697260198105241e-03
8.960879732907160028e-03
8.707090850746319541e-03
8.478171100753287281e-03
8.296527874907514213e-03
8.179942410306137099e-03
8.139828958221488261e-03
8.180116693450352125e-03
8.296864109979545585e-03
8.478644026491758898e-03
8.707661826625334375e-03
8.961497599627990182e-03
9.215301541733847412e-03
9.444227417481937392e-03
9.625865498881867183e-03
9.742436517488588590e-03
9.782531743368454158e-03
9.742228966781374053e-03
9.625475442101249363e-03
9.443700686647392775e-03
9.214697348172786601e-03
8.960879816180105858e-03
8.707090929505894791e-03
8.478171175399834905e-03
8.296527946009426766e-03
8.179942478541984627e-03
8.139829024314485656e-03
8.180116758101724922e-03
8.296864173807426066e-03
8.478644089981144522e-03
8.707661890093289225e-03
8.961497663206651615e-03
