9.642869074895515230e-03
1.027333543710168620e-02
1.077294632211686469e-02
1.109311290552623952e-02
1.120278013067480330e-02
1.109135813358134819e-02
1.076970377117096762e-02
1.026907692335182580e-02
9.638166470733110572e-03
8.938444554215732585e-03
8.238258282479430511e-03
7.606195690767307560e-03
7.104353626820909297e-03
6.782173147639053608e-03
6.671478550876022533e-03
6.783252124216061947e-03
7.106502720991930873e-03
7.609360751574078922e-03
8.242285097471137301e-03
8.943034380244511972e-03
9.642869074895532577e-03
1.027333543710169661e-02
1.077294632211694969e-02
1.109311290552612850e-02
1.120278013067459860e-02
1.109135813358135512e-02
1.076970377117109946e-02
1.026907692335178590e-02
9.638166470732881588e-03
8.938444554215840138e-03
8.238258282479662964e-03
7.606195690767273733e-03
7.104353626820963073e-03
6.782173147639168967e-03
6.671478550876222893e-03
6.783252124216110519e-03
7.106502720991730512e-03
7.609360751573940145e-03
8.242285097471092198e-03
8.943034380244499829e-03
9.642869074895706050e-03
1.027333543710182671e-02
1.077294632211694275e-02
1.109311290552609554e-02
1.120278013067460381e-02
1.109135813358137768e-02
1.076970377117089997e-02
1.026907692335179284e-02
9.638166470732850363e-03
8.938444554215984120e-03
8.238258282479699393e-03
7.606195690767268529e-03
7.104353626821104453e-03
6.782173147639216672e-03
6.671478550876227230e-03
6.783252124216105315e-03
7.106502720991739186e-03
7.609360751573929736e-03
8.242285097471078320e-03
8.943034380244440848e-03
9.642869074895688702e-03
1.027333543710181457e-02
1.077294632211693408e-02
1.109311290552609033e-02
1.120278013067460381e-02
1.109135813358138115e-02
1.076970377117090691e-02
1.026907692335177549e-02
9.638166470732900670e-03
8.938444554216004936e-03
8.238258282479716740e-03
7.606195690767281539e-03
7.104353626821112259e-03
6.782173147639229682e-03
6.671478550876227230e-03
6.783252124216103580e-03
7.106502720991731380e-03
7.609360751573914991e-03
8.242285097471057503e-03
8.943034380244461665e-03
9.642869074895706050e-03
1.027333543710182498e-02
1.077294632211694102e-02
1.109311290552608686e-02
1.120278013067460381e-02
1.109135813358137768e-02
1.076970377117090170e-02
1.026907692335179284e-02
9.638166470732885058e-03
8.938444554215987589e-03
8.238258282479699393e-03
7.606195690767268529e-03
7.104353626821124403e-03
6.782173147639225345e-03
6.671478550876227230e-03
6.783252124216105315e-03
7.106502720991738319e-03
7.609360751573903715e-03
8.242285097471040156e-03
8.943034380244484216e-03
