9.649623378960203030e-03
1.028247127438427708e-02
1.078362080541646860e-02
1.110415432816679732e-02
1.121288953007862181e-02
1.109935776965426633e-02
1.077476201808500941e-02
1.027084607707539135e-02
9.636798724774820260e-03
8.934491433032256888e-03
8.232495760161910245e-03
7.599437936343120779e-03
7.097315659433186749e-03
6.775418129082735885e-03
6.665448662192388629e-03
6.778347347509933694e-03
7.103153027204221585e-03
7.608041714297666437e-03
8.243453074595046698e-03
8.946994631355779937e-03
9.649623378959987924e-03
1.028247127438412963e-02
1.078362080541622400e-02
1.110415432816655099e-02
1.121288953007847783e-02
1.109935776965411194e-02
1.077476201808485155e-02
1.027084607707519533e-02
9.636798724774714442e-03
8.934491433032230867e-03
8.232495760161761059e-03
7.599437936342981134e-03
7.097315659433139912e-03
6.775418129082640475e-03
6.665448662192340057e-03
6.778347347509934562e-03
7.103153027204186891e-03
7.608041714297493832e-03
8.243453074594855878e-03
8.946994631355651567e-03
9.649623378959885575e-03
1.028247127438411401e-02
1.078362080541626564e-02
1.110415432816662905e-02
1.121288953007864610e-02
1.109935776965429756e-02
1.077476201808511350e-02
1.027084607707554748e-02
9.636798724775089142e-03
8.934491433032511892e-03
8.232495760162158310e-03
7.599437936343237873e-03
7.097315659433281292e-03
6.775418129082786192e-03
6.665448662192322710e-03
6.778347347509852162e-03
7.103153027204026429e-03
7.608041714297394086e-03
8.243453074594734448e-03
8.946994631355542280e-03
9.649623378959724246e-03
1.028247127438402901e-02
1.078362080541637319e-02
1.110415432816666548e-02
1.121288953007854722e-02
1.109935776965416919e-02
1.077476201808496604e-02
1.027084607707537747e-02
9.636798724774948630e-03
8.934491433032461585e-03
8.232495760162055962e-03
7.599437936343182362e-03
7.097315659433230117e-03
6.775418129082659557e-03
6.665448662192160513e-03
6.778347347509701241e-03
7.103153027203858161e-03
7.608041714297092244e-03
8.243453074594410054e-03
8.946994631355146763e-03
9.649623378959503936e-03
1.028247127438378615e-02
1.078362080541612339e-02
1.110415432816649547e-02
1.121288953007846395e-02
1.109935776965445889e-02
1.077476201808528870e-02
1.027084607707570360e-02
9.636798724775323330e-03
8.934491433032714855e-03
8.232495760162288415e-03
7.599437936343506755e-03
7.097315659433483387e-03
6.775418129082820019e-03
6.665448662192325312e-03
6.778347347509778437e-03
7.103153027204002143e-03
7.608041714297251838e-03
8.243453074594557506e-03
8.946994631355375746e-03
