9.194368830916802016e-03
9.422752951117068301e-03
9.603947574843988214e-03
9.720216991687687103e-03
9.760182634871626683e-03
9.719935867893939735e-03
9.603419262386706304e-03
9.422039551846124461e-03
9.193550575752480400e-03
8.940315744643222845e-03
8.687119980369773301e-03
8.458744921963535709e-03
8.277544246162140545e-03
8.161256019328702246e-03
8.121266037493095682e-03
8.161492278551039231e-03
8.278000056326662720e-03
8.459386054739446645e-03
8.687894078097018261e-03
8.941153485676643295e-03
9.194370012762850125e-03
9.422754133039301996e-03
9.603948750371208917e-03
9.720218152682832610e-03
9.760183772456182752e-03
9.719936973397885066e-03
9.603420328231226585e-03
9.422040572277884385e-03
9.193551547365945431e-03
8.940316666650852812e-03
8.687120854606695738e-03
8.458745752638672025e-03
8.277545039392023365e-03
8.161256782508905308e-03
8.121266778575698952e-03
8.161493005301639903e-03
8.278000775633632610e-03
8.459386772039202695e-03
8.687894796965155153e-03
8.941154207616418617e-03
9.194370737201841559e-03
9.422754857525051167e-03
9.603949470937001714e-03
9.720218864340882808e-03
9.760184469764204840e-03
9.719937651041329896e-03
9.603420981564572342e-03
9.422041197774495488e-03
9.193552142938252181e-03
8.940317231816092072e-03
8.687121390489802725e-03
8.458746261819633308e-03
8.277545525620088121e-03
8.161257250317358741e-03
8.121267232838940558e-03
8.161493450779764777e-03
8.278001216549035757e-03
8.459387211724235869e-03
8.687895237611577282e-03
8.941154650145598584e-03
9.194371181262999196e-03
9.422755301614828272e-03
9.603949912623923127e-03
9.720219300567552179e-03
9.760184897194693412e-03
9.719938066417995251e-03
9.603421382039756607e-03
9.422041581186523310e-03
9.193552508007522134e-03
8.940317578246734925e-03
8.687121718971286058e-03
8.458746573933410839e-03
8.277545823664361410e-03
8.161257537070941426e-03
8.121267511289699537e-03
8.161493723845518813e-03
8.278001486817961052e-03
8.459387481239021359e-03
8.687895507715637927e-03
8.941154921403812392e-03
9.194371453460244842e-03
9.422755573829648401e-03
9.603950183365865881e-03
9.720219567962533336e-03
9.760185159197829613e-03
9.719938321032435893e-03
9.603421627520017725e-03
9.422041816207486070e-03
9.193552731784872950e-03
8.940317790599058151e-03
8.687121920321274823e-03
8.458746765250499747e-03
8.277546006357230923e-03
8.161257712842952955e-03
8.121267681972330760e-03
8.161493891227295655e-03
8.278001652485374867e-03
8.459387646444152184e-03
8.687895673282012773e-03
8.941155087677586655e-03
