8.968380422404501756e-03
8.993300400393627186e-03
9.013074817738712941e-03
9.025768022720509487e-03
9.030137531559777678e-03
9.025755646324450446e-03
9.013051314201825370e-03
8.993268133250386862e-03
8.968342617578799539e-03
8.940714639267230077e-03
8.913088601757004903e-03
8.888168720785188590e-03
8.868394322819642475e-03
8.855701069568825204e-03
8.851331480512172195e-03
8.855713301366349710e-03
8.868417626564284797e-03
8.888200877603421105e-03
8.913126530388606680e-03
8.940754677112678836e-03
8.968380866498121273e-03
8.993300841116966954e-03
9.013075254864421834e-03
9.025768455935983398e-03
9.030137960503736155e-03
9.025756070627530964e-03
9.013051733526946871e-03
8.993268547329196297e-03
8.968343026240622670e-03
8.940715042457986900e-03
8.913088999546198848e-03
8.888169113360971235e-03
8.868394710472231324e-03
8.855701452664409973e-03
8.851331859459877008e-03
8.855713676581803903e-03
8.868417998433112195e-03
8.888201246448505788e-03
8.913126896443902131e-03
8.940755040506299586e-03
8.968381227245870654e-03
8.993301199126953194e-03
9.013075609951973211e-03
9.025768807847179762e-03
9.030138308945116071e-03
9.025756415299008087e-03
9.013052074154721122e-03
8.993268883695251098e-03
8.968343358206362290e-03
8.940715369979443036e-03
8.913089322679878385e-03
8.888169432259682493e-03
8.868395025371723223e-03
8.855701763862123405e-03
8.851332167288186725e-03
8.855713981378313115e-03
8.868418300511092880e-03
8.888201546070209971e-03
8.913127193799405198e-03
8.940755335699639844e-03
8.968381520289916281e-03
8.993301489947064242e-03
9.013075898398144672e-03
9.025769093713114852e-03
9.030138591992436028e-03
9.025756695283956507e-03
9.013052350854840536e-03
8.993269156933519914e-03
8.968343627870151852e-03
8.940715636033030184e-03
8.913089585169158696e-03
8.888169691308801454e-03
8.868395281172182162e-03
8.855702016655548486e-03
8.851332417344573780e-03
8.855714228971895904e-03
8.868418545896374419e-03
8.888201789460214303e-03
8.913127435348500160e-03
8.940755575492388002e-03
8.968381758336734649e-03
8.993301726187345052e-03
9.013076132710014926e-03
9.025769325929003731e-03
9.030138821918679004e-03
9.025756922722574793e-03
9.013052575625145335e-03
8.993269378891650609e-03
8.968343846924633003e-03
8.940715852154853746e-03
8.913089798395596938e-03
8.888169901740716403e-03
8.868395488965109125e-03
8.855702222005795710e-03
8.851332620471455415e-03
8.855714430098188608e-03
8.868418745228794781e-03
8.888201987171837418e-03
8.913127631564725720e-03
8.940755770281859013e-03
