9.194037470768022177e-03
9.422491945192785004e-03
9.603784780646313843e-03
9.720169901747281738e-03
9.760255200150559987e-03
9.720117495212603903e-03
9.603686319172795999e-03
9.422359052194552442e-03
9.193885162701127475e-03
8.940628811376801627e-03
8.687379869869444118e-03
8.458927558756563353e-03
8.277634121063862788e-03
8.161245954888532092e-03
8.121156426663576899e-03
8.161290430390164344e-03
8.277719948143000966e-03
8.459048336420209660e-03
8.687525803933657254e-03
8.940786930186664719e-03
9.194040127056397199e-03
9.422494655458637028e-03
9.603787530857249566e-03
9.720172672994074545e-03
9.760257970538453037e-03
9.720120242026803609e-03
9.603689021104736337e-03
9.422361691411335061e-03
9.193887726558012952e-03
8.940631293608804903e-03
8.687382271150690879e-03
8.458929886578361521e-03
8.277636388949495549e-03
8.161248181026946324e-03
8.121158632100330260e-03
8.161292636955759516e-03
8.277722176322848194e-03
8.459050603374344487e-03
8.687528121857933383e-03
8.940789305172225365e-03
9.194042558554242281e-03
9.422497136396208728e-03
9.603790048389772294e-03
9.720175209812061123e-03
9.760260506598809546e-03
9.720122756535096165e-03
9.603691494553180663e-03
9.422364107473355649e-03
9.193890073656122569e-03
8.940633566005632901e-03
8.687384469461382347e-03
8.458932017659119562e-03
8.277638465179025865e-03
8.161250219055763214e-03
8.121160651194662961e-03
8.161294657101024128e-03
8.277724216273513180e-03
8.459052678840860151e-03
8.687530244006237690e-03
8.940791479579372758e-03
9.194044784718028579e-03
9.422499407841605085e-03
9.603792353356834996e-03
9.720177532452776298e-03
9.760262828562002446e-03
9.720125058781295402e-03
9.603693759220576984e-03
9.422366319612572247e-03
9.193892222665729988e-03
8.940635646631377512e-03
8.687386482265295473e-03
8.458933968917845339e-03
8.277640366225786847e-03
8.161252085135435944e-03
8.121162499947452706e-03
8.161296506825926889e-03
8.277726084142743995e-03
8.459054579239608240e-03
8.687532187158744645e-03
8.940793470592494491e-03
9.194046823132117144e-03
9.422501487727974120e-03
9.603794463947322099e-03
9.720179659235852337e-03
9.760264954733781015e-03
9.720127166907453417e-03
9.603695832944953228e-03
9.422368345245686616e-03
9.193894190499360408e-03
8.940637551853574533e-03
8.687388325390088886e-03
8.458935755692141567e-03
8.277642107026968871e-03
8.161253793922906841e-03
8.121164192874211554e-03
8.161298200648424081e-03
8.277727794585746507e-03
8.459056319475950422e-03
8.687533966551060430e-03
8.940795293817379794e-03
