8.968449493226195862e-03
8.993348933152078145e-03
9.013098151143197553e-03
9.025763988670575111e-03
9.030106703450179600e-03
9.025701294210099548e-03
9.012979066908087533e-03
8.993185387309910600e-03
8.968257766167348627e-03
8.940636214587880520e-03
8.913024428591652046e-03
8.888125168374946122e-03
8.868375721500466533e-03
8.855709333954891321e-03
8.851365958141113252e-03
8.855770847852573527e-03
8.868492895601438886e-03
8.888286804230908014e-03
8.913214975531972076e-03
8.940837188278703482e-03
8.968449493929232449e-03
8.993348933817937874e-03
9.013098151773504124e-03
9.025763989266719772e-03
9.030106704013525845e-03
9.025701294741970970e-03
9.012979067409714051e-03
8.993185387782636625e-03
8.968257766612553264e-03
8.940636215007088591e-03
8.913024428986405720e-03
8.888125168746817059e-03
8.868375721850932716e-03
8.855709334285494921e-03
8.851365958453273272e-03
8.855770848147611826e-03
8.868492895880401503e-03
8.888286804494962418e-03
8.913214975782087976e-03
8.940837188515703138e-03
8.968449494153664034e-03
8.993348934030483133e-03
9.013098151974655720e-03
9.025763989456954753e-03
9.030106704193236258e-03
9.025701294911607844e-03
9.012979067569745761e-03
8.993185387933526342e-03
8.968257766754667015e-03
8.940636215140910364e-03
8.913024429112422972e-03
8.888125168865456532e-03
8.868375721962744318e-03
8.855709334390900189e-03
8.851365958552705887e-03
8.855770848241557511e-03
8.868492895969304346e-03
8.888286804579099976e-03
8.913214975861772499e-03
8.940837188591160140e-03
8.968449494225183213e-03
8.993348934098234493e-03
9.013098152038826610e-03
9.025763989517706504e-03
9.030106704250704178e-03
9.025701294965878668e-03
9.012979067620946125e-03
8.993185387981749920e-03
8.968257766800116770e-03
8.940636215183622726e-03
8.913024429152585290e-03
8.888125168903332485e-03
8.868375721998365130e-03
8.855709334424498314e-03
8.851365958584463470e-03
8.855770848271616799e-03
8.868492895997741668e-03
8.888286804606057578e-03
8.913214975887342323e-03
8.940837188615461881e-03
8.968449494248268913e-03
8.993348934120128438e-03
9.013098152059631149e-03
9.025763989537416432e-03
9.030106704269290005e-03
9.025701294983442743e-03
9.012979067637526612e-03
8.993185387997365901e-03
8.968257766814769980e-03
8.940636215197465819e-03
8.913024429165651227e-03
8.888125168915655960e-03
8.868375722010036349e-03
8.855709334435520746e-03
8.851365958594845790e-03
8.855770848281397170e-03
8.868492896006986009e-03
8.888286804614771094e-03
8.913214975895561443e-03
8.940837188623240381e-03
