8.968369403034316331e-03
8.993291690810895078e-03
9.013069190961637417e-03
9.025765946802453976e-03
9.030139118369237550e-03
9.025760638131383531e-03
9.013059110331496024e-03
8.993277853657522317e-03
8.968353195301047992e-03
8.940724930303711390e-03
8.913097499544712921e-03
8.888175263120440261e-03
8.868397781296340210e-03
8.855701014597608389e-03
8.851327817961232580e-03
8.855706279308726836e-03
8.868407812419690575e-03
8.888189107373557427e-03
8.913113833136926054e-03
8.940742179675793128e-03
8.968369685683893686e-03
8.993291972993830083e-03
9.013069472516037003e-03
9.025766227508353473e-03
9.030139397971105250e-03
9.025760916363921235e-03
9.013059386946090101e-03
8.993278128446920150e-03
8.968353468119654240e-03
8.940725201081880374e-03
8.913097768295335371e-03
8.888175529937505231e-03
8.868398046345597058e-03
8.855701278100308951e-03
8.851328080172578966e-03
8.855706540493248763e-03
8.868408072825875038e-03
8.888189367210308500e-03
8.913114092554030171e-03
8.940742438750357013e-03
8.968369944414024755e-03
8.993292231299930550e-03
9.013069730249840053e-03
9.025766484468402198e-03
9.030139653923413209e-03
9.025761171065521324e-03
9.013059640169312006e-03
8.993278380001907060e-03
8.968353717873073574e-03
8.940725448969849207e-03
8.913098014329561350e-03
8.888175774203938700e-03
8.868398288995882339e-03
8.855701519336921235e-03
8.851328320229088359e-03
8.855706779611767152e-03
8.868408311233829874e-03
8.888189605098881924e-03
8.913114330060312174e-03
8.940742675944910942e-03
8.968370181295025681e-03
8.993292467794497536e-03
9.013069966222149454e-03
9.025766719733976581e-03
9.030139888267956980e-03
9.025761404266531909e-03
9.013059872018272176e-03
8.993278610324940275e-03
8.968353946548031017e-03
8.940725675938189163e-03
8.913098239601940226e-03
8.888175997859019267e-03
8.868398511172468496e-03
8.855701740220336959e-03
8.851328540033167810e-03
8.855706998558155948e-03
8.868408529530722589e-03
8.888189822921319094e-03
8.913114547533764614e-03
8.940742893133976285e-03
8.968370398198016041e-03
8.993292684344639937e-03
9.013070182295039937e-03
9.025766935160670426e-03
9.030140102852206654e-03
9.025761617804559447e-03
9.013060084319117482e-03
8.993278821229355735e-03
8.968354155944130435e-03
8.940725883772336624e-03
8.913098445883884877e-03
8.888176202660727845e-03
8.868398714621026843e-03
8.855701942485446135e-03
8.851328741310580950e-03
8.855707199050814882e-03
8.868408729429276896e-03
8.888190022386024264e-03
8.913114746679526995e-03
8.940743092019890967e-03
