9.422303644340688372e-03
9.853276169442190535e-03
1.019481126862743607e-02
1.041350893442157324e-02
1.048801713116704303e-02
1.041110063313637618e-02
1.019032705275259472e-02
9.847311381549619241e-03
9.415598592942265449e-03
8.937392165747175266e-03
8.459444129573953988e-03
8.028500849626399663e-03
7.686741879046445416e-03
7.467652736570697634e-03
7.392734988633693771e-03
7.469380295592863844e-03
7.690124630803945108e-03
8.033364173403612085e-03
8.465468438712318508e-03
8.944084417109268714e-03
9.422303644340601636e-03
9.853276169442140228e-03
1.019481126862736842e-02
1.041350893442150212e-02
1.048801713116685047e-02
1.041110063313624608e-02
1.019032705275256002e-02
9.847311381549596690e-03
9.415598592942156161e-03
8.937392165747001793e-03
8.459444129573754495e-03
8.028500849626307723e-03
7.686741879046335262e-03
7.467652736570653399e-03
7.392734988633660811e-03
7.469380295592835221e-03
7.690124630803912148e-03
8.033364173403629432e-03
8.465468438712290752e-03
8.944084417109317287e-03
9.422303644340702250e-03
9.853276169442329313e-03
1.019481126862755056e-02
1.041350893442166865e-02
1.048801713116693547e-02
1.041110063313629465e-02
1.019032705275247676e-02
9.847311381549298318e-03
9.415598592941876871e-03
8.937392165746791892e-03
8.459444129573683371e-03
8.028500849626278232e-03
7.686741879046320516e-03
7.467652736570583143e-03
7.392734988633604433e-03
7.469380295592767567e-03
7.690124630803966792e-03
8.033364173403660657e-03
8.465468438712472898e-03
8.944084417109445656e-03
9.422303644340752557e-03
9.853276169442355334e-03
1.019481126862761301e-02
1.041350893442170682e-02
1.048801713116719395e-02
1.041110063313644557e-02
1.019032705275261033e-02
9.847311381549598425e-03
9.415598592942255041e-03
8.937392165747107611e-03
8.459444129573856844e-03
8.028500849626444766e-03
7.686741879046441947e-03
7.467652736570703706e-03
7.392734988633778773e-03
7.469380295593105838e-03
7.690124630804257358e-03
8.033364173403943417e-03
8.465468438712668922e-03
8.944084417109648619e-03
9.422303644340887865e-03
9.853276169442364008e-03
1.019481126862755230e-02
1.041350893442160273e-02
1.048801713116684700e-02
1.041110063313615067e-02
1.019032705275243686e-02
9.847311381549372911e-03
9.415598592941982689e-03
8.937392165746845668e-03
8.459444129573716331e-03
8.028500849626212313e-03
7.686741879046266740e-03
7.467652736570492070e-03
7.392734988633561932e-03
7.469380295592830017e-03
7.690124630803999752e-03
8.033364173403733516e-03
8.465468438712540553e-03
8.944084417109520249e-03
