9.442262585484920839e-03
9.874962701746287097e-03
1.021817878742191724e-02
1.043832225594517292e-02
1.051386141178888185e-02
1.043742244486431728e-02
1.021650340487490621e-02
9.872734255513201940e-03
9.439757724341081915e-03
8.959939094464627191e-03
8.480225869724779264e-03
8.047560049816923633e-03
7.704289106464110547e-03
7.484022580115754809e-03
7.408339170325762939e-03
7.484667787399095114e-03
7.705552531645485509e-03
8.049376539293988386e-03
8.482476128895813372e-03
8.962439013316586545e-03
9.442262588486420929e-03
9.874962704694109639e-03
1.021817879028642448e-02
1.043832225869311021e-02
1.051386141438799028e-02
1.043742244728730791e-02
1.021650340710202574e-02
9.872734257534213770e-03
9.439757726155710224e-03
8.959939096082072951e-03
8.480225871162353282e-03
8.047560051098058553e-03
7.704289107615883668e-03
7.484022581166427379e-03
7.408339171302487716e-03
7.484667788325766180e-03
7.705552532541427684e-03
8.049376540172894709e-03
8.482476129765569028e-03
8.962439014179557698e-03
9.442262589340201517e-03
9.874962705532589965e-03
1.021817879110111134e-02
1.043832225947461875e-02
1.051386141512718544e-02
1.043742244797641119e-02
1.021650340773541318e-02
9.872734258109024802e-03
9.439757726671806071e-03
8.959939096542057432e-03
8.480225871571185972e-03
8.047560051462376504e-03
7.704289107943422879e-03
7.484022581465273397e-03
7.408339171580301079e-03
7.484667788589314912e-03
7.705552532796169224e-03
8.049376540422824994e-03
8.482476130012883350e-03
8.962439014424939537e-03
9.442262589582962190e-03
9.874962705771022503e-03
1.021817879133279927e-02
1.043832225969697908e-02
1.051386141533752414e-02
1.043742244817255638e-02
1.021650340791574810e-02
9.872734258272746269e-03
9.439757726818829089e-03
8.959939096673131403e-03
8.480225871687721226e-03
8.047560051566248276e-03
7.704289108036743196e-03
7.484022581550290459e-03
7.408339171659237068e-03
7.484667788664163025e-03
7.705552532868484641e-03
8.049376540493658957e-03
8.482476130082962709e-03
8.962439014494403069e-03
9.442262589651796018e-03
9.874962705838635085e-03
1.021817879139864244e-02
1.043832225976013516e-02
1.051386141539734261e-02
1.043742244822841621e-02
1.021650340796721214e-02
9.872734258319509210e-03
9.439757726860904807e-03
8.959939096710689901e-03
8.480225871721111183e-03
8.047560051595955416e-03
7.704289108063424978e-03
7.484022581574626895e-03
7.408339171681791076e-03
7.484667788685426398e-03
7.705552532888977797e-03
8.049376540513667258e-03
8.482476130102736822e-03
8.962439014514031466e-03
