9.646346132330094886e-03
1.028169106681288934e-02
1.078572602849533525e-02
1.110911935564842280e-02
1.122023587087553689e-02
1.110822560569405849e-02
1.078407560451380420e-02
1.027952577164748145e-02
9.643958194380363586e-03
8.939565869668299192e-03
8.235272763963278134e-03
7.599997319870096385e-03
7.095914905121230611e-03
6.772375412636667640e-03
6.661069963088303916e-03
6.772920813060927595e-03
7.097001939471365636e-03
7.601599883369145744e-03
8.237314323576517064e-03
8.941896311963211733e-03
9.646349581926127320e-03
1.028169465472853795e-02
1.078572970130556655e-02
1.110912304711882126e-02
1.122023950911888411e-02
1.110822912052143036e-02
1.078407893426332545e-02
1.027952886886082488e-02
9.643961029837425439e-03
8.939568434473832079e-03
8.235275069579293949e-03
7.599999396189761197e-03
7.095916796862927929e-03
6.772377174482459294e-03
6.661071654093513907e-03
6.772922490904548579e-03
7.097003655107351344e-03
7.601601676573980365e-03
8.237316219779747956e-03
8.941898320605896205e-03
9.646351696433224515e-03
1.028169685402172129e-02
1.078573195263678348e-02
1.110912530988807274e-02
1.122024173926139748e-02
1.110823127501337111e-02
1.078408097530770063e-02
1.027953076736689599e-02
9.643962767894132676e-03
8.939570006628658541e-03
8.235276482858058800e-03
7.600000668916295603e-03
7.095917956448212494e-03
6.772378254445178374e-03
6.661072690632938512e-03
6.772923519376357164e-03
7.097004706744855854e-03
7.601602775759128648e-03
8.237317382100118116e-03
8.941899551848537034e-03
9.646352992567872042e-03
1.028169820212793996e-02
1.078573333264084937e-02
1.110912669690338611e-02
1.122024310627736492e-02
1.110823259565756234e-02
1.078408222641163983e-02
1.027953193109882105e-02
9.643963833274990863e-03
8.939570970316180684e-03
8.235277349159006444e-03
7.600001449062549624e-03
7.095918667242046007e-03
6.772378916432562554e-03
6.661073326003067417e-03
6.772924149801230059e-03
7.097005351369698942e-03
7.601603449529334075e-03
8.237318094570438703e-03
8.941900306566347850e-03
9.646353787062593790e-03
1.028169902847972557e-02
1.078573417854509706e-02
1.110912754710531060e-02
1.122024394422022585e-02
1.110823340517573705e-02
1.078408299330355265e-02
1.027953264443404353e-02
9.643964486323739621e-03
8.939571561029743818e-03
8.235277880177287874e-03
7.600001927270427435e-03
7.095919102938797254e-03
6.772379322212375083e-03
6.661073715467297381e-03
6.772924536234206823e-03
7.097005746506868454e-03
7.601603862531834330e-03
8.237318531295128102e-03
8.941900769187502776e-03
