9.983906069793100843e-03
1.092472296117855471e-02
1.167130159935272221e-02
1.215056383045819491e-02
1.231560450288539561e-02
1.215027968221872590e-02
1.167078258872197155e-02
1.092405465377349442e-02
9.983188699241082181e-03
8.940274922335723212e-03
7.897389658501695331e-03
6.956607785978097779e-03
6.210014767170039113e-03
5.730694550298384704e-03
5.565574784057299336e-03
5.730830017463714628e-03
6.210294070924894314e-03
6.957038647678878002e-03
7.897965128534772949e-03
8.940960788011093410e-03
9.983918619957992541e-03
1.092473663014931207e-02
1.167131613456058939e-02
1.215057889219736502e-02
1.231561969825816991e-02
1.215029460394516890e-02
1.167079685498531409e-02
1.092406794520951220e-02
9.983200789496115418e-03
8.940285699278495424e-03
7.897399134111653465e-03
6.956616094053131270e-03
6.210022149189062951e-03
5.730701330923507718e-03
5.565581338755664145e-03
5.730836735473704077e-03
6.210301317217637243e-03
6.957046727631742769e-03
7.897974258736858641e-03
8.940971075992478617e-03
9.983930054738356444e-03
1.092474908442856579e-02
1.167132937822937602e-02
1.215059261574382397e-02
1.231563354369488543e-02
1.215030820016999025e-02
1.167080985408765724e-02
1.092408005617589647e-02
9.983211806056720150e-03
8.940295519238571423e-03
7.897407768365508757e-03
6.956623664498801790e-03
6.210028875849605765e-03
5.730707509626520486e-03
5.565587311630971340e-03
5.730842857207691862e-03
6.210307920390662970e-03
6.957054090525749933e-03
7.897982578729798031e-03
8.940980451083862385e-03
9.983940474933956921e-03
1.092476043373385476e-02
1.167134144695902535e-02
1.215060512184993127e-02
1.231564616094902448e-02
1.215032059038688439e-02
1.167082170021109880e-02
1.092409109299560636e-02
9.983221845586802423e-03
8.940304468335791635e-03
7.897415636946278350e-03
6.956630563640907490e-03
6.210035006056659548e-03
5.730713140488624333e-03
5.565592754938991811e-03
5.730848436199939208e-03
6.210313938163364127e-03
6.957060800693918440e-03
7.897990161179107085e-03
8.940988995132978165e-03
9.983949971480955352e-03
1.092477077707165387e-02
1.167135244599269012e-02
1.215061651953318854e-02
1.231565765996803230e-02
1.215033188252747851e-02
1.167083249651284897e-02
1.092410115174689313e-02
9.983230995454672740e-03
8.940312624424824953e-03
7.897422808287733048e-03
6.956636851463786179e-03
6.210040593093688749e-03
5.730718272439203238e-03
5.565597715966293449e-03
5.730853520902732569e-03
6.210319422784944809e-03
6.957066916382202357e-03
7.897997071886243836e-03
8.940996782267948001e-03
