9.980045167751926821e-03
1.091281620301779234e-02
1.165164584887272772e-02
1.212490573070447789e-02
1.228689362142063556e-02
1.212207023806895559e-02
1.164646030873311804e-02
1.090612567330528915e-02
9.972843989739969134e-03
8.937345385635770897e-03
7.900669858231948103e-03
6.964400585484473334e-03
6.220681163131405560e-03
5.743007685006617027e-03
5.578768227962215519e-03
5.744362109650099149e-03
6.223470299808563436e-03
6.968694730140252182e-03
7.906389998028695923e-03
8.944140142674939301e-03
9.980045167751947638e-03
1.091281620301777500e-02
1.165164584887272772e-02
1.212490573070448656e-02
1.228689362142063556e-02
1.212207023806895906e-02
1.164646030873315793e-02
1.090612567330526660e-02
9.972843989739944848e-03
8.937345385635748346e-03
7.900669858231929021e-03
6.964400585484496753e-03
6.220681163131392549e-03
5.743007685006610089e-03
5.578768227962215519e-03
5.744362109650106955e-03
6.223470299808544354e-03
6.968694730140268662e-03
7.906389998028716740e-03
8.944140142674963587e-03
9.980045167751921617e-03
1.091281620301778887e-02
1.165164584887273640e-02
1.212490573070449176e-02
1.228689362142063556e-02
1.212207023806897120e-02
1.164646030873315100e-02
1.090612567330528915e-02
9.972843989739924031e-03
8.937345385635772632e-03
7.900669858231951573e-03
6.964400585484473334e-03
6.220681163131376069e-03
5.743007685006605752e-03
5.578768227962215519e-03
5.744362109650099149e-03
6.223470299808563436e-03
6.968694730140246110e-03
7.906389998028695923e-03
8.944140142674897667e-03
9.980045167751895596e-03
1.091281620301777500e-02
1.165164584887272425e-02
1.212490573070448656e-02
1.228689362142063556e-02
1.212207023806898508e-02
1.164646030873315793e-02
1.090612567330526833e-02
9.972843989739998624e-03
8.937345385635795184e-03
7.900669858231975859e-03
6.964400585484496753e-03
6.220681163131393417e-03
5.743007685006625701e-03
5.578768227962215519e-03
5.744362109650092210e-03
6.223470299808541752e-03
6.968694730140220957e-03
7.906389998028673372e-03
8.944140142674916749e-03
9.980045167751918148e-03
1.091281620301778887e-02
1.165164584887273640e-02
1.212490573070447789e-02
1.228689362142063556e-02
1.212207023806897467e-02
1.164646030873315100e-02
1.090612567330529088e-02
9.972843989739972603e-03
8.937345385635774367e-03
7.900669858231951573e-03
6.964400585484475936e-03
6.220681163131406427e-03
5.743007685006617027e-03
5.578768227962215519e-03
5.744362109650099149e-03
6.223470299808562568e-03
6.968694730140202742e-03
7.906389998028645616e-03
8.944140142674937566e-03
