9.646723609693637000e-03
1.028197632775589357e-02
1.078587393054974801e-02
1.110910167418796904e-02
1.122004880762448968e-02
1.110789176295966761e-02
1.078363962131969125e-02
1.027904487174542345e-02
9.643490512452747992e-03
8.939160016462773667e-03
8.234961462327645629e-03
7.599796347169032913e-03
7.095826626449433516e-03
6.772394620446675097e-03
6.661189133072273338e-03
6.773132448304348789e-03
7.097297158071612030e-03
7.601964206682407417e-03
8.237723018566798019e-03
8.942312065497058302e-03
9.646724549459822010e-03
1.028197729626645872e-02
1.078587491290724024e-02
1.110910265250194921e-02
1.122004976300865382e-02
1.110789267748986918e-02
1.078364047976857268e-02
1.027904566294203861e-02
9.643491230162554509e-03
8.939160659735432765e-03
8.234962035314610795e-03
7.599796858463643730e-03
7.095827088042995501e-03
6.772395046425298999e-03
6.661189538195683851e-03
6.773132846609589142e-03
7.097297561634096676e-03
7.601964624642625935e-03
8.237723456499356292e-03
8.942312525160561743e-03
9.646725028927164575e-03
1.028197779039912059e-02
1.078587541410442295e-02
1.110910315163611030e-02
1.122005025044396295e-02
1.110789314408149389e-02
1.078364091774752440e-02
1.027904606660898397e-02
9.643491596336579638e-03
8.939160987931772662e-03
8.234962327651374966e-03
7.599797119325105502e-03
7.095827323547113444e-03
6.772395263758815634e-03
6.661189744888947918e-03
6.773133049824282478e-03
7.097297767531031594e-03
7.601964837885302056e-03
8.237723679931932552e-03
8.942312759680206766e-03
9.646725273550753321e-03
1.028197804250489608e-02
1.078587566981448198e-02
1.110910340629354606e-02
1.122005049913261596e-02
1.110789338213566055e-02
1.078364114120350901e-02
1.027904627255898061e-02
9.643491783157823877e-03
8.939161155376788848e-03
8.234962476800847253e-03
7.599797252415981495e-03
7.095827443700765229e-03
6.772395374641895262e-03
6.661189850343427268e-03
6.773133153504038231e-03
7.097297872579347126e-03
7.601964946681452097e-03
8.237723793926968185e-03
8.942312879331828709e-03
9.646725398357430467e-03
1.028197817112887213e-02
1.078587580027737247e-02
1.110910353621933494e-02
1.122005062601313594e-02
1.110789350359044601e-02
1.078364125521027658e-02
1.027904637763419303e-02
9.643491878473516715e-03
8.939161240806786993e-03
8.234962552896553378e-03
7.599797320318651961e-03
7.095827505002924758e-03
6.772395431214239293e-03
6.661189904146187259e-03
6.773133206401367977e-03
7.097297926174911745e-03
7.601965002189180719e-03
8.237723852087130635e-03
8.942312940378048872e-03
