4.041008091144394909e-02
4.168034363905658013e-02
4.303121473083280218e-02
4.432589547443079037e-02
4.544684734682977872e-02
4.630318638922144292e-02
4.683245114320175317e-02
4.699921000897868545e-02
4.679299263696523603e-02
4.622730997936458364e-02
4.534044181611900093e-02
4.419743600549903839e-02
4.289154251245727578e-02
4.154239981650403174e-02
4.028823945836951942e-02
3.927073901780256393e-02
3.861397375692460915e-02
3.840219802108344599e-02
3.866309666432144604e-02
3.936216262552942602e-02
4.041008091144423359e-02
4.168034363904962042e-02
4.303121473084201704e-02
4.432589547445462547e-02
4.544684734685323219e-02
4.630318638924273839e-02
4.683245114322771852e-02
4.699921000900186829e-02
4.679299263698877970e-02
4.622730997938417907e-02
4.534044181612889579e-02
4.419743600548788759e-02
4.289154251243058186e-02
4.154239981648376323e-02
4.028823945834342918e-02
3.927073901777859005e-02
3.861397375689290534e-02
3.840219802104955643e-02
3.866309666429354475e-02
3.936216262551163469e-02
4.041008091143102193e-02
4.168034363904814937e-02
4.303121473084978860e-02
4.432589547445769940e-02
4.544684734684616145e-02
4.630318638922357316e-02
4.683245114320563202e-02
4.699921000899128648e-02
4.679299263697415945e-02
4.622730997937139763e-02
4.534044181612029850e-02
4.419743600548752677e-02
4.289154251243776361e-02
4.154239981648361058e-02
4.028823945834431736e-02
3.927073901778204562e-02
3.861397375689541722e-02
3.840219802105938884e-02
3.866309666429640357e-02
3.936216262552591494e-02
4.041008091144874387e-02
4.168034363905346457e-02
4.303121473084071252e-02
4.432589547443747252e-02
4.544684734684036748e-02
4.630318638921281788e-02
4.683245114319835312e-02
4.699921000899722617e-02
4.679299263698242367e-02
4.622730997937441605e-02
4.534044181612259528e-02
4.419743600549380647e-02
4.289154251244143429e-02
4.154239981648421426e-02
4.028823945835702247e-02
3.927073901778000559e-02
3.861397375688698647e-02
3.840219802104129915e-02
3.866309666430054609e-02
3.936216262550462641e-02
4.041008091142431202e-02
4.168034363903568018e-02
4.303121473082047177e-02
4.432589547442664785e-02
4.544684734683870908e-02
4.630318638922654995e-02
4.683245114321312602e-02
4.699921000899170975e-02
4.679299263698080691e-02
4.622730997937346542e-02
4.534044181612604391e-02
4.419743600550549156e-02
4.289154251245701904e-02
4.154239981650972857e-02
4.028823945836975534e-02
3.927073901780742810e-02
3.861397375691640738e-02
3.840219802108214842e-02
3.866309666432592856e-02
3.936216262553645512e-02
