4.315750628002559819e-02
4.315776266790324889e-02
4.315811218526193621e-02
4.315852072662831884e-02
4.315894844926883994e-02
4.315935366697144782e-02
4.315969691066467995e-02
4.315994476599872148e-02
4.316007312212556679e-02
4.316006952207131209e-02
4.315993438836388668e-02
4.315968100158053961e-02
4.315933422634023187e-02
4.315892809953946613e-02
4.315850250844024960e-02
4.315809927999789825e-02
4.315775806660017422e-02
4.315751243858029218e-02
4.315738657596645406e-02
4.315739289178898569e-02
4.315753082333444179e-02
4.315778690723310468e-02
4.315813612336853039e-02
4.315854436611121087e-02
4.315897179255356181e-02
4.315937671630623584e-02
4.315971966813169497e-02
4.315996723353856396e-02
4.316009530157279700e-02
4.316009141519716596e-02
4.315995599692252355e-02
4.315970232735354822e-02
4.315935527117630011e-02
4.315894886538437086e-02
4.315852299735515457e-02
4.315811949416356597e-02
4.315777800830770256e-02
4.315753211020877805e-02
4.315740597995008226e-02
4.315741203057731762e-02
4.315754969934937346e-02
4.315780552282756644e-02
4.315815448078989813e-02
4.315856246747398761e-02
4.315898963982341130e-02
4.315939431129672821e-02
4.315973701251390321e-02
4.315998432886283820e-02
4.316011214929986461e-02
4.316010801673613589e-02
4.315997235367139556e-02
4.315971844073935443e-02
4.315937114268969532e-02
4.315896449660658329e-02
4.315853838997384812e-02
4.315813464997708682e-02
4.315779292921628763e-02
4.315754679819485545e-02
4.315742043704896835e-02
4.315742625884164824e-02
4.315756370081080123e-02
4.315781929945946421e-02
4.315816803447521804e-02
4.315857579998041288e-02
4.315900275278899273e-02
4.315940720622673393e-02
4.315974969078945761e-02
4.315999679175995529e-02
4.316012439801728690e-02
4.316012005242896021e-02
4.315998417748739130e-02
4.315973005385431716e-02
4.315938254633858162e-02
4.315897569210743606e-02
4.315854937874220865e-02
4.315814543352936711e-02
4.315780350916233882e-02
4.315755717622000304e-02
4.315743061488796356e-02
4.315743623824681158e-02
4.315757348351771661e-02
4.315782888715386650e-02
4.315817742876350976e-02
4.315858500236783440e-02
4.315901176466651473e-02
4.315941602886829570e-02
4.315975832535937085e-02
4.316000523932999461e-02
4.316013265959148942e-02
4.316012812897345591e-02
4.315999206996336962e-02
4.315973776324915495e-02
4.315939007369415381e-02
4.315898303854133478e-02
4.315855654546058018e-02
4.315815242183004830e-02
4.315781032042829285e-02
4.315756381190304081e-02
4.315743707648560940e-02
4.315744252727356928e-02
