4.315017217354102236e-02
4.315209659769732309e-02
4.315576917569844545e-02
4.316082351179079124e-02
4.316675898647126530e-02
4.317298982703903637e-02
4.317890210240366011e-02
4.318391319477100920e-02
4.318752816408541473e-02
4.318938774113714046e-02
4.318930342484789825e-02
4.318727627587687357e-02
4.318349743775070498e-02
4.317833009673308770e-02
4.317227439007573220e-02
4.316591852104701560e-02
4.315988083742144932e-02
4.315474867453939628e-02
4.315102019055594429e-02
4.314905514541830800e-02
4.314903961691272244e-02
4.315096813279645227e-02
4.315464483415273195e-02
4.315970331534806081e-02
4.316564294357420895e-02
4.317187793072839452e-02
4.317779432973509190e-02
4.318280950778386612e-02
4.318642851221753121e-02
4.318829206484462585e-02
4.318821166007873191e-02
4.318618835896639863e-02
4.318241331026374114e-02
4.317724970978541882e-02
4.317119770770738718e-02
4.316484552232029148e-02
4.315881151703063190e-02
4.315368304188411247e-02
4.314995826737187679e-02
4.314799696221673780e-02
4.314798520859104702e-02
4.314991753386609313e-02
4.315359807405886455e-02
4.315866041433783634e-02
4.316460390950811743e-02
4.317084275712727848e-02
4.317676299523775379e-02
4.318178197704936050e-02
4.318540473817230468e-02
4.318727199205381340e-02
4.318719522890982626e-02
4.318517551014720846e-02
4.318140398939133984e-02
4.317624387134829517e-02
4.317019531822745976e-02
4.316384656230393135e-02
4.315781598153889398e-02
4.315269093966803832e-02
4.314896961866753616e-02
4.314701179542974885e-02
4.314700355621079592e-02
4.314893942802291299e-02
4.315262354216588964e-02
4.315768947524540461e-02
4.316363657053367414e-02
4.316987901223919705e-02
4.317580282454887286e-02
4.318082534765685376e-02
4.318445160625111745e-02
4.318632230599379201e-02
4.318624893319360225e-02
4.318423254959264518e-02
4.318046431334925106e-02
4.317530743744794203e-02
4.316926209530088515e-02
4.316291653220245828e-02
4.315688913966402723e-02
4.315176729416687895e-02
4.314804918838009706e-02
4.314609460680172981e-02
4.314608963948996651e-02
4.314802881312181787e-02
4.315171625460679367e-02
4.315678553257779743e-02
4.316273597957046709e-02
4.316898176736465309e-02
4.317490890724792751e-02
4.317993472729703130e-02
4.318356424203144417e-02
4.318543814986553625e-02
4.318536793346994945e-02
4.318335465489851754e-02
4.317958947653086077e-02
4.317443561905805888e-02
4.316839326632165852e-02
4.316205067573797988e-02
4.315602625143345056e-02
4.315090738175499097e-02
4.314719226932653418e-02
4.314524070572752640e-02
