4.254578078125995089e-02
4.265216927403948921e-02
4.280275480925457843e-02
4.298243184722741472e-02
4.317354675033154704e-02
4.335764387404519860e-02
4.351717163511008291e-02
4.363702070206330885e-02
4.370581039173201954e-02
4.371686771937758481e-02
4.366885304786303351e-02
4.356598271766230768e-02
4.341779504269027007e-02
4.323841694260004836e-02
4.304532643285430282e-02
4.285767383539550862e-02
4.269431057638394672e-02
4.257175448133920792e-02
4.250236522322556332e-02
4.249299129263248154e-02
4.254427745765373275e-02
4.265070765834176603e-02
4.280133532582015149e-02
4.298105438017513213e-02
4.317221060044197645e-02
4.335634777660950234e-02
4.351591383032926696e-02
4.363579904631173512e-02
4.370462249673227190e-02
4.371571110626698564e-02
4.366772530356372028e-02
4.356488164152386156e-02
4.341671877187532058e-02
4.323736404554670565e-02
4.304429596189456031e-02
4.285666533269934242e-02
4.269332403198530801e-02
4.257079024769476472e-02
4.250142389641650004e-02
4.249207357482454039e-02
4.254338401754145099e-02
4.264983900565356978e-02
4.280049171274970948e-02
4.298023573785843959e-02
4.317141651332322833e-02
4.335557749306192393e-02
4.351516630448304390e-02
4.363507300418850016e-02
4.370391651895842722e-02
4.371502371963230382e-02
4.366705507395358954e-02
4.356422726106640858e-02
4.341607913346522130e-02
4.323673829839371624e-02
4.304368354279305281e-02
4.285606596955563591e-02
4.269273771887682756e-02
4.257021719408791982e-02
4.250086445657028089e-02
4.249152816604377658e-02
4.254285303723608774e-02
4.264932275675731299e-02
4.279999034514868350e-02
4.297974921062085868e-02
4.317094457948252723e-02
4.335511970591952174e-02
4.351472204246939479e-02
4.363464151016720194e-02
4.370349694938017310e-02
4.371461519895211006e-02
4.366665674986262846e-02
4.356383835628403062e-02
4.341569899002917232e-02
4.323636641067171021e-02
4.304331957606354064e-02
4.285570976210847233e-02
4.269238926719359090e-02
4.256987662266033257e-02
4.250053197593395282e-02
4.249120402420905607e-02
4.254253747038668626e-02
4.264901594493229753e-02
4.279969237742388410e-02
4.297946006267381464e-02
4.317066410453685582e-02
4.335484763849301731e-02
4.351445801316086021e-02
4.363438506900339103e-02
4.370324759503040751e-02
4.371437241107019311e-02
4.366642002191260113e-02
4.356360722632522664e-02
4.341547306702610298e-02
4.323614539411907431e-02
4.304310326703376932e-02
4.285549806449882870e-02
4.269218217891411482e-02
4.256967421769216470e-02
4.250033437940323178e-02
4.249101138350788731e-02
