4.332620612415638561e-02
4.334356025289210629e-02
4.336667203056365771e-02
4.339326669998504193e-02
4.342073843030802571e-02
4.344640378079607512e-02
4.346775967174774935e-02
4.348272240012930612e-02
4.348982657514721684e-02
4.348836640398050929e-02
4.347846632092270541e-02
4.346107347542171179e-02
4.343787105299787982e-02
4.341111861673586925e-02
4.338343313594224260e-02
4.335753126927657797e-02
4.333595870702612596e-02
4.332083487966921498e-02
4.331364037374751952e-02
4.331506983767331731e-02
4.332496560234553457e-02
4.334233787727167359e-02
4.336546770343078366e-02
4.339208026000589136e-02
4.341956964624467397e-02
4.344525235247395645e-02
4.346662523786520155e-02
4.348160455193393614e-02
4.348872487450831242e-02
4.348728040406746320e-02
4.347739558749343092e-02
4.346001760672673492e-02
4.343682969643257452e-02
4.341009148069252532e-02
4.338241999577968633e-02
4.335653196689980698e-02
4.333497314421975305e-02
4.331986300599174888e-02
4.331268217029997369e-02
4.331412529852926574e-02
4.332403471555640317e-02
4.334142060737065233e-02
4.336456397710362204e-02
4.339118995618406610e-02
4.341869259141025589e-02
4.344438832137760553e-02
4.346577395938762411e-02
4.348076571934654522e-02
4.348789815903758571e-02
4.348646547041123966e-02
4.347659210979640254e-02
4.345922528351613134e-02
4.343604826311391054e-02
4.340932071844560980e-02
4.338165973603286957e-02
4.335578209101708519e-02
4.333423357850381408e-02
4.331913371258771378e-02
4.331196313502924666e-02
4.331341651694363415e-02
4.332333617869005282e-02
4.334073228861115568e-02
4.336388582143377995e-02
4.339052187275693750e-02
4.341803445001535255e-02
4.344373995298806551e-02
4.346513516055496712e-02
4.348013625990285180e-02
4.348727779227117701e-02
4.348585394471046750e-02
4.347598918064149442e-02
4.345863072468183347e-02
4.343546187604961639e-02
4.340874233894578826e-02
4.338108923760291419e-02
4.335521938463388070e-02
4.333367860886490341e-02
4.331858645128483509e-02
4.331142357142131472e-02
4.331288464769424834e-02
4.332281199707128244e-02
4.334021577465141384e-02
4.336337693385014513e-02
4.339002054337557507e-02
4.341754058112955866e-02
4.344325341775976540e-02
4.346465580631610204e-02
4.347966391393354862e-02
4.348681226944142025e-02
4.348539505621210055e-02
4.347553674298379467e-02
4.345818456810791180e-02
4.343502185156600942e-02
4.340830832333487238e-02
4.338066113594173795e-02
4.335479713011939490e-02
4.333326215999498687e-02
4.331817578674702213e-02
4.331101868323040949e-02
4.331248553334490076e-02
