4.311662446703397322e-02
4.312811012746044920e-02
4.314231324743241641e-02
4.315784175410549567e-02
4.317317558300785840e-02
4.318681548125657965e-02
4.319742910400665992e-02
4.320398035595954950e-02
4.320582972806973066e-02
4.320279622060618774e-02
4.319517504888951281e-02
4.318370940338097513e-02
4.316951877828101997e-02
4.315399047357546675e-02
4.313864447635432087e-02
4.312498468717060329e-02
4.311435104833973714e-02
4.310778730044993040e-02
4.310593772539954294e-02
4.310898340027943115e-02
4.311662446209126032e-02
4.312811012289637091e-02
4.314231324321091132e-02
4.315784175021057656e-02
4.317317557940576755e-02
4.318681547792811021e-02
4.319742910093058580e-02
4.320398035311807244e-02
4.320582972544663447e-02
4.320279621818025328e-02
4.319517504664607127e-02
4.318370940131135982e-02
4.316951877637172086e-02
4.315399047180380060e-02
4.313864447471341818e-02
4.312498468566214327e-02
4.311435104694322229e-02
4.310778729915888674e-02
4.310593772420379111e-02
4.310898339917424577e-02
4.311662446107088903e-02
4.312811012194998905e-02
4.314231324234225201e-02
4.315784174940387463e-02
4.317317557866227895e-02
4.318681547724373404e-02
4.319742910029719662e-02
4.320398035252883545e-02
4.320582972490336765e-02
4.320279621768334521e-02
4.319517504618326093e-02
4.318370940087905285e-02
4.316951877597419163e-02
4.315399047144015399e-02
4.313864447437384952e-02
4.312498468534083779e-02
4.311435104664913809e-02
4.310778729888428001e-02
4.310593772395308887e-02
4.310898339894466552e-02
4.311662446086385325e-02
4.312811012175861436e-02
4.314231324216599717e-02
4.315784174922936839e-02
4.317317557850376686e-02
4.318681547709447149e-02
4.319742910016438620e-02
4.320398035241514861e-02
4.320582972479961037e-02
4.320279621758145450e-02
4.319517504609327041e-02
4.318370940079335751e-02
4.316951877588907222e-02
4.315399047136136979e-02
4.313864447430131033e-02
4.312498468527056067e-02
4.311435104658840889e-02
4.310778729882709659e-02
4.310593772389553074e-02
4.310898339889068093e-02
4.311662446081398342e-02
4.312811012171655078e-02
4.314231324212892960e-02
4.315784174920140465e-02
4.317317557847377002e-02
4.318681547706063051e-02
4.319742910013446568e-02
4.320398035237664469e-02
4.320582972476604000e-02
4.320279621755189481e-02
4.319517504606065067e-02
4.318370940076535908e-02
4.316951877586221176e-02
4.315399047133810367e-02
4.313864447428279042e-02
4.312498468525544082e-02
4.311435104657327516e-02
4.310778729881683397e-02
4.310593772389244294e-02
4.310898339889379649e-02
