4.281093554143060309e-02
4.288020701485387859e-02
4.297515078657368481e-02
4.308634857242060051e-02
4.320289415740109773e-02
4.331346794780627230e-02
4.340741044315196001e-02
4.347570291976313867e-02
4.351178292144237958e-02
4.351213983827831311e-02
4.347664980171994653e-02
4.340862065226368249e-02
4.331453061874929178e-02
4.320346292324655363e-02
4.308626539705874559e-02
4.297449824360551063e-02
4.287926867617217891e-02
4.281007921526725629e-02
4.277382738138540280e-02
4.277408212196218834e-02
4.281072664186183485e-02
4.288000536746126856e-02
4.297495626931428780e-02
4.308616102124018798e-02
4.320271336397182860e-02
4.331329366239276835e-02
4.340724238177427752e-02
4.347554077459599847e-02
4.351162637319198889e-02
4.351198856929976849e-02
4.347650350868086794e-02
4.340847905731333445e-02
4.331439347825285363e-02
4.320333003344899170e-02
4.308613659621003678e-02
4.297437341046169562e-02
4.287914772509152095e-02
4.280996208852320961e-02
4.277371403956212181e-02
4.277397253357634321e-02
4.281062077328347260e-02
4.287990317422413211e-02
4.297485768956792185e-02
4.308606597184522213e-02
4.320262173935150024e-02
4.331320533598211758e-02
4.340715720965490632e-02
4.347545860076203889e-02
4.351154703582495870e-02
4.351191190741871689e-02
4.347642936856847135e-02
4.340840729815027832e-02
4.331432397656855005e-02
4.320326268598372738e-02
4.308607132099075837e-02
4.297431014603929345e-02
4.287908642806670390e-02
4.280990272963761112e-02
4.277365659884901222e-02
4.277391699507650941e-02
4.281056711995707281e-02
4.287985138352970460e-02
4.297480773016423145e-02
4.308601780159121430e-02
4.320257530474291147e-02
4.331316057287470239e-02
4.340711404511411048e-02
4.347541695572777753e-02
4.351150682829210692e-02
4.351187305580758724e-02
4.347639179496856632e-02
4.340837093119675333e-02
4.331428875369221915e-02
4.320322855484622082e-02
4.308603824005192290e-02
4.297427808415548584e-02
4.287905536323965289e-02
4.280987264704083639e-02
4.277362748836249784e-02
4.277388884861584029e-02
4.281053992888541465e-02
4.287982513642575599e-02
4.297478241113608655e-02
4.308599338929370443e-02
4.320255177206013680e-02
4.331313788729843767e-02
4.340709216967911233e-02
4.347539585036627047e-02
4.351148645144412713e-02
4.351185336612484189e-02
4.347637275296588333e-02
4.340835250071201773e-02
4.331427090301148003e-02
4.320321125745271718e-02
4.308602147488626438e-02
4.297426183544202777e-02
4.287903961983265122e-02
4.280985740142529555e-02
4.277361273540585679e-02
4.277387458421840621e-02
