4.312173546342654845e-02
4.312718162532783867e-02
4.313705752709046798e-02
4.315037772543206529e-02
4.316582430276891258e-02
4.318187626784142363e-02
4.319695693466339692e-02
4.320958542966686633e-02
4.321851856992258573e-02
4.322287039094536987e-02
4.322219844611650819e-02
4.321654859771581481e-02
4.320645336007535031e-02
4.319288288299583112e-02
4.317715218466038757e-02
4.316079286642084123e-02
4.314540169071222342e-02
4.313248141513738310e-02
4.312329056399262506e-02
4.311871804721832679e-02
4.311919573952548851e-02
4.312465772728122509e-02
4.313454961992715248e-02
4.314788591422775293e-02
4.316334861425917546e-02
4.317941663996124890e-02
4.319451321482569578e-02
4.320715738176498372e-02
4.321610588925570845e-02
4.322047272556943376e-02
4.321981542256676107e-02
4.321417984864617257e-02
4.320409855117642028e-02
4.319054173659612333e-02
4.317482449769950714e-02
4.315847852101543231e-02
4.314310065627831314e-02
4.313019374188313548e-02
4.312101636851417563e-02
4.311645749174494724e-02
4.311694900700661914e-02
4.312242499489168934e-02
4.313233103365756577e-02
4.314568156703212781e-02
4.316115852978724687e-02
4.317724076330834576e-02
4.319235141100843250e-02
4.320500944191438958e-02
4.321397154382181083e-02
4.321835166321048166e-02
4.321770731290196232e-02
4.321208436670748859e-02
4.320201540122178829e-02
4.318847067298747094e-02
4.317276534080125711e-02
4.315643116654464817e-02
4.314106507717915123e-02
4.312816998257163609e-02
4.311900453213630274e-02
4.311445772181379810e-02
4.311496146536498986e-02
4.312044983827496847e-02
4.313036839121497240e-02
4.314373152099361397e-02
4.315922110107551363e-02
4.317531590335206559e-02
4.319043900039629819e-02
4.320310929587400928e-02
4.321208342389894208e-02
4.321647529398099652e-02
4.321584240209894873e-02
4.321023062685203781e-02
4.320017257068989314e-02
4.318663853447825968e-02
4.317094373540261015e-02
4.315462000200458170e-02
4.313926432956268625e-02
4.312637969117111975e-02
4.311722478819729476e-02
4.311268865229455488e-02
4.311320321343872081e-02
4.311870254259407564e-02
4.312863216602974559e-02
4.314200643904776700e-02
4.315750718087734555e-02
4.317361310193453677e-02
4.318874721212290213e-02
4.320142835728799785e-02
4.321041312405639323e-02
4.321481538923037380e-02
4.321419263389045251e-02
4.320859074087166074e-02
4.319854233549563771e-02
4.318501775783786106e-02
4.316933227673727669e-02
4.315301777970369235e-02
4.313767132245336505e-02
4.312479593401243733e-02
4.311565036170840470e-02
4.311112366878672858e-02
