4.316376192242545040e-02
4.316587741984742599e-02
4.316981562638751158e-02
4.317518227227955252e-02
4.318144595618131354e-02
4.318799002366363604e-02
4.319417182591867715e-02
4.319938397825826698e-02
4.320311224444888659e-02
4.320498497358887108e-02
4.320480959293886841e-02
4.320259254718243624e-02
4.319854032459811977e-02
4.319304084071615840e-02
4.318662638861005265e-02
4.317992142232392194e-02
4.317358032178174321e-02
4.316822165614542239e-02
4.316436602994820626e-02
4.316238421601732711e-02
4.316246099976693562e-02
4.316457821527409228e-02
4.316851819604344831e-02
4.317388666001002739e-02
4.318015218940196576e-02
4.318669811083215848e-02
4.319288175582272626e-02
4.319809572116668772e-02
4.320182575501373828e-02
4.320370019522844218e-02
4.320352646330157670e-02
4.320131100418390241e-02
4.319726031245723491e-02
4.319176231539836180e-02
4.318534932212893945e-02
4.317864580545085346e-02
4.317230616487510025e-02
4.316694898800697150e-02
4.316309489482488687e-02
4.316111466907006367e-02
4.316119310148350263e-02
4.316331202540541617e-02
4.316725376767307359e-02
4.317262403433404921e-02
4.317889139170693474e-02
4.318543914803037870e-02
4.319162461575321715e-02
4.319684037371041008e-02
4.320057215491022312e-02
4.320244828633524464e-02
4.320227618390554830e-02
4.320006229287197408e-02
4.319601311398632570e-02
4.319051658599183663e-02
4.318410503366058167e-02
4.317740294808227602e-02
4.317106474786314152e-02
4.316570903859084929e-02
4.316185645530978832e-02
4.315987779241711730e-02
4.315995784587189216e-02
4.316207844832990054e-02
4.316602192017107709e-02
4.317139395590276901e-02
4.317766310638634225e-02
4.318421266200166142e-02
4.319039991665631767e-02
4.319561743172666002e-02
4.319935092550249850e-02
4.320122871439190104e-02
4.320105820890995235e-02
4.319884585461575277e-02
4.319479815828451696e-02
4.318930306983736339e-02
4.318289292929811118e-02
4.317619224557579793e-02
4.316985545588261641e-02
4.316450118332907510e-02
4.316065007764254002e-02
4.315867294360970635e-02
4.315875458228439487e-02
4.316087682566988049e-02
4.316482198787147118e-02
4.317019575217252714e-02
4.317646665439497239e-02
4.318301796754048238e-02
4.318920696747251264e-02
4.319442619857644106e-02
4.319816136481816754e-02
4.320004077231707346e-02
4.319987182633211464e-02
4.319766097272994404e-02
4.319361472415711445e-02
4.318812104142659425e-02
4.318171227942040058e-02
4.317501296440690722e-02
4.316867755172332233e-02
4.316332468154973623e-02
4.315947501791904395e-02
4.315749937574154399e-02
