4.340042630889257708e-02
4.340123822640546553e-02
4.340235129385346113e-02
4.340365623596881273e-02
4.340502513705059989e-02
4.340632394081217482e-02
4.340742550555808099e-02
4.340822196240009395e-02
4.340863520006536108e-02
4.340862447822044223e-02
4.340819043656900245e-02
4.340737509927874299e-02
4.340625784878178461e-02
4.340494772970653753e-02
4.340357280780644811e-02
4.340226761282177381e-02
4.340115990248552547e-02
4.340035806902494547e-02
4.339994045447343601e-02
4.339994764921591142e-02
4.340037854016927377e-02
4.340119048716428729e-02
4.340230358442113967e-02
4.340360855649570693e-02
4.340497748748552848e-02
4.340627632089773952e-02
4.340737791484608477e-02
4.340817440028488933e-02
4.340858766583287343e-02
4.340857697110652585e-02
4.340814295582232779e-02
4.340732764422199769e-02
4.340621041886504050e-02
4.340490032454820402e-02
4.340352542721725299e-02
4.340222025681066825e-02
4.340111257124577154e-02
4.340031076290310624e-02
4.339989317392393964e-02
4.339990039474593553e-02
4.340033131227914731e-02
4.340114328629009893e-02
4.340225641088416714e-02
4.340356141046371186e-02
4.340493036895017032e-02
4.340622922966899666e-02
4.340733085056445312e-02
4.340812736245019954e-02
4.340854065384633365e-02
4.340852998432190996e-02
4.340809599360173632e-02
4.340728070599001592e-02
4.340616350415715807e-02
4.340485343304806287e-02
4.340347855877901145e-02
4.340217341146504482e-02
4.340106574918915772e-02
4.340026396447022733e-02
4.339984639954758139e-02
4.339985364490780290e-02
4.340028458745619905e-02
4.340109658690218669e-02
4.340220973724794734e-02
4.340351476275700754e-02
4.340488374719028708e-02
4.340618263370697033e-02
4.340728428009548584e-02
4.340808081703909777e-02
4.340849413296569981e-02
4.340848348739853590e-02
4.340804952006811074e-02
4.340723425533415947e-02
4.340611707596774699e-02
4.340480702704879734e-02
4.340343217485055638e-02
4.340212704965146912e-02
4.340101940968764394e-02
4.340021764760704226e-02
4.339980010574105707e-02
4.339980737462243582e-02
4.340023834115309953e-02
4.340105036499001395e-02
4.340216354003931937e-02
4.340346859043503480e-02
4.340483759978765871e-02
4.340613651109984789e-02
4.340723818201303041e-02
4.340803474308692345e-02
4.340844808266097060e-02
4.340843746021437466e-02
4.340800351548108199e-02
4.340718827287230047e-02
4.340607111525290884e-02
4.340476108782999332e-02
4.340338625702488962e-02
4.340208115327046090e-02
4.340097353494849070e-02
4.340017179482984211e-02
4.339975427533358104e-02
4.339976156703734267e-02
