4.315811266076759883e-02
4.315837382581665105e-02
4.315876470447702062e-02
4.315924688317099300e-02
4.315977305286876342e-02
4.316029163387993112e-02
4.316075180458162769e-02
4.316110844957704584e-02
4.316132655307967914e-02
4.316138461617938932e-02
4.316127676743686248e-02
4.316101335789008370e-02
4.316061997451976773e-02
4.316013495856232951e-02
4.315960566282960043e-02
4.315908381040090003e-02
4.315862041132887544e-02
4.315826074270841944e-02
4.315803989372433286e-02
4.315797932053841435e-02
4.315808475220531126e-02
4.315834565022512448e-02
4.315873626684819248e-02
4.315921818832805373e-02
4.315974410545008605e-02
4.316026243833348541e-02
4.316072236517114885e-02
4.316107877039829926e-02
4.316129663808607880e-02
4.316135446921391672e-02
4.316124639226750354e-02
4.316098275824533509e-02
4.316058915412102764e-02
4.316010392114979360e-02
4.315957441218025437e-02
4.315905235033558329e-02
4.315858874570949189e-02
4.315822887542493380e-02
4.315800782867357244e-02
4.315794706159607058e-02
4.315805230319542940e-02
4.315831301488929489e-02
4.315870344881737874e-02
4.315918519110071433e-02
4.315971093237767897e-02
4.316022909261558321e-02
4.316068884985976156e-02
4.316104508841147464e-02
4.316126279222908674e-02
4.316132046220647750e-02
4.316121222677367364e-02
4.316094843690374688e-02
4.316055467957254088e-02
4.316006929606012316e-02
4.315953963925498599e-02
4.315901743232691823e-02
4.315855368541399867e-02
4.315819367567233500e-02
4.315797249230840515e-02
4.315791159145408729e-02
4.315801670207661950e-02
4.315827728553106590e-02
4.315866759387019386e-02
4.315914921310849695e-02
4.315967483376490638e-02
4.316019287568236690e-02
4.316065251678543463e-02
4.316100864126593689e-02
4.316122623299116501e-02
4.316128379278715010e-02
4.316117544904205655e-02
4.316091155271378071e-02
4.316051769078708966e-02
4.316003220457089590e-02
4.315950244699599814e-02
4.315898014128056320e-02
4.315851629760895231e-02
4.315815619317434765e-02
4.315793491720364833e-02
4.315787392582842025e-02
4.315797894799191375e-02
4.315823944500103010e-02
4.315862966883846769e-02
4.315911120543093615e-02
4.315963674519792542e-02
4.316015470787826214e-02
4.316061427129504191e-02
4.316097031954847091e-02
4.316118783643019263e-02
4.316124532271135850e-02
4.316113690674851233e-02
4.316087293949145975e-02
4.316047900793876235e-02
4.315999345343089072e-02
4.315946362894253902e-02
4.315894125774127899e-02
4.315847735005948205e-02
4.315811718312937556e-02
4.315789584620276231e-02
4.315783479541687728e-02
