4.245165664218787660e-02
4.265367270048218279e-02
4.290174144907381998e-02
4.317105912038503995e-02
4.343526861137818329e-02
4.366903108012094858e-02
4.385030434238905428e-02
4.396218364980050697e-02
4.399424238648502045e-02
4.394335602573883059e-02
4.381400069203130604e-02
4.361800155441678678e-02
4.337368958587264206e-02
4.310443367344476279e-02
4.283656716365536604e-02
4.259682556482475430e-02
4.240953492938421415e-02
4.229389865039435287e-02
4.226177846239125707e-02
4.231632219903341124e-02
4.245165655339870614e-02
4.265367261870315480e-02
4.290174137386394693e-02
4.317105905128618137e-02
4.343526854792185976e-02
4.366903102183160301e-02
4.385030428879471698e-02
4.396218360046977303e-02
4.399424234099993253e-02
4.394335598371759688e-02
4.381400065312621855e-02
4.361800151833589156e-02
4.337368955236095558e-02
4.310443364228035146e-02
4.283656713466797022e-02
4.259682553786737352e-02
4.240953490433609085e-02
4.229389862715354775e-02
4.226177844086075053e-02
4.231632217912696670e-02
4.245165653503430586e-02
4.265367260178877518e-02
4.290174135830845253e-02
4.317105903699734737e-02
4.343526853479660194e-02
4.366903100978266478e-02
4.385030427772095007e-02
4.396218359027442846e-02
4.399424233159414388e-02
4.394335597502866536e-02
4.381400064508522707e-02
4.361800151087603938e-02
4.337368954543044386e-02
4.310443363584107179e-02
4.283656712867404959e-02
4.259682553228751056e-02
4.240953489915157831e-02
4.229389862234563674e-02
4.226177843640695903e-02
4.231632217500570087e-02
4.245165653122798949e-02
4.265367259828606317e-02
4.290174135508718900e-02
4.317105903403228861e-02
4.343526853207186483e-02
4.366903100727926451e-02
4.385030427541922876e-02
4.396218358815635191e-02
4.399424232964355835e-02
4.394335597322973630e-02
4.381400064341624961e-02
4.361800150932469700e-02
4.337368954399439813e-02
4.310443363450826987e-02
4.283656712743235534e-02
4.259682553113535580e-02
4.240953489808896304e-02
4.229389862134545763e-02
4.226177843548249019e-02
4.231632217415209896e-02
4.245165653044484511e-02
4.265367259756246837e-02
4.290174135442006292e-02
4.317105903342269985e-02
4.343526853151985501e-02
4.366903100677210076e-02
4.385030427495674454e-02
4.396218358773310714e-02
4.399424232924598055e-02
4.394335597285738831e-02
4.381400064306816694e-02
4.361800150900527195e-02
4.337368954369522078e-02
4.310443363422529484e-02
4.283656712717440890e-02
4.259682553089494395e-02
4.240953489785550395e-02
4.229389862113869247e-02
4.226177843529333594e-02
4.231632217397437307e-02
