9.661422827132873717e-03
1.029792348776539974e-02
1.080297205237107025e-02
1.112713348261383517e-02
1.123868580116953696e-02
1.112672175413389336e-02
1.080221181331149881e-02
1.029692625077368792e-02
9.660323351272257983e-03
8.954709088790147042e-03
8.249141690826541570e-03
7.612676414877015199e-03
7.107609999317093460e-03
6.783384517901644255e-03
6.671746647531076602e-03
6.783636574285933050e-03
7.108112412598419604e-03
7.613417209780631162e-03
8.250085642005544964e-03
8.955787020737328297e-03
9.661430161813503933e-03
1.029793119018135306e-02
1.080298001318485100e-02
1.112714156117787859e-02
1.123869384018524528e-02
1.112672959548574071e-02
1.080221931350980151e-02
1.029693329452599851e-02
9.660329861927507283e-03
8.954715034740908311e-03
8.249147087369531825e-03
7.612681321487624331e-03
7.107614512733870932e-03
6.783388761811528361e-03
6.671750759949746958e-03
6.783640693918841294e-03
7.108116665530206726e-03
7.613421697770658518e-03
8.250090433474450632e-03
8.955792145239976909e-03
9.661435608430831226e-03
1.029793690987299871e-02
1.080298592475865439e-02
1.112714756019111441e-02
1.123869980983054247e-02
1.112673541834897049e-02
1.080222488303781737e-02
1.029693852510440814e-02
9.660334696636617771e-03
8.954719450109328155e-03
8.249151094756575556e-03
7.612684965058607450e-03
7.107617864325401283e-03
6.783391913271542319e-03
6.671753813766476832e-03
6.783643753092733798e-03
7.108119823689814688e-03
7.613425030480723901e-03
8.250093991543193048e-03
8.955795950614200973e-03
9.661439653002331859e-03
1.029794115722519263e-02
1.080299031459941959e-02
1.112715201496304943e-02
1.123870424279426079e-02
1.112673974231465947e-02
1.080222901888083960e-02
1.029694240924884652e-02
9.660338286814713557e-03
8.954722728891814990e-03
8.249154070578466544e-03
7.612687670716567281e-03
7.107620353163971415e-03
6.783394253495673987e-03
6.671756081482264553e-03
6.783646024786695213e-03
7.108122168888932925e-03
7.613427505298310874e-03
8.250096633708464341e-03
8.955798776424691091e-03
9.661442656436813881e-03
1.029794431124143352e-02
1.080299357442543635e-02
1.112715532300585265e-02
1.123870753464267618e-02
1.112674295322283943e-02
1.080223209009207978e-02
1.029694529355276028e-02
9.660340952823901275e-03
8.954725163663480522e-03
8.249156280376495134e-03
7.612689679895075744e-03
7.107622201335949720e-03
6.783395991308879824e-03
6.671757765451955674e-03
6.783647711710486840e-03
7.108123910396530777e-03
7.613429343058453723e-03
8.250098595738403900e-03
8.955800874826606861e-03
