9.886791712039854838e-03
1.072223420596314300e-02
1.138412884982221117e-02
1.180806633004829673e-02
1.195292646549474778e-02
1.180475941319007911e-02
1.137806373217435663e-02
1.071436924040017336e-02
9.878262474251818873e-03
8.951209388642336964e-03
8.023725013645132548e-03
7.186601734231883552e-03
6.522020903019158482e-03
6.095417863801462326e-03
5.948930950508137319e-03
6.097131381904462473e-03
6.525507850627288928e-03
7.191888533838617856e-03
8.030660859284466727e-03
8.959340718847061402e-03
9.886791712039695243e-03
1.072223420596327310e-02
1.138412884982213658e-02
1.180806633004824815e-02
1.195292646549447196e-02
1.180475941318990217e-02
1.137806373217419009e-02
1.071436924040008662e-02
9.878262474251945507e-03
8.951209388642489620e-03
8.023725013645212345e-03
7.186601734231929522e-03
6.522020903019107307e-03
6.095417863801537786e-03
5.948930950508144258e-03
6.097131381904519719e-03
6.525507850627360919e-03
7.191888533838470404e-03
8.030660859284260294e-03
8.959340718846704049e-03
9.886791712039339625e-03
1.072223420596288800e-02
1.138412884982198739e-02
1.180806633004823428e-02
1.195292646549429849e-02
1.180475941318981543e-02
1.137806373217428203e-02
1.071436924040023754e-02
9.878262474251924691e-03
8.951209388642555539e-03
8.023725013645456941e-03
7.186601734232255650e-03
6.522020903019434303e-03
6.095417863801702585e-03
5.948930950508309057e-03
6.097131381904400890e-03
6.525507850627124996e-03
7.191888533838399281e-03
8.030660859284255090e-03
8.959340718846572210e-03
9.886791712039183500e-03
1.072223420596282728e-02
1.138412884982196484e-02
1.180806633004838346e-02
1.195292646549463676e-02
1.180475941319002534e-02
1.137806373217436877e-02
1.071436924040037458e-02
9.878262474252223063e-03
8.951209388642999629e-03
8.023725013645611331e-03
7.186601734232156771e-03
6.522020903019283382e-03
6.095417863801593297e-03
5.948930950508037573e-03
6.097131381904154560e-03
6.525507850626911625e-03
7.191888533838252696e-03
8.030660859284095496e-03
8.959340718846417820e-03
9.886791712039218194e-03
1.072223420596285677e-02
1.138412884982197698e-02
1.180806633004845632e-02
1.195292646549463850e-02
1.180475941319010687e-02
1.137806373217467235e-02
1.071436924040060530e-02
9.878262474252465924e-03
8.951209388643103712e-03
8.023725013645944398e-03
7.186601734232447337e-03
6.522020903019456854e-03
6.095417863801682636e-03
5.948930950508083543e-03
6.097131381904298542e-03
6.525507850626882135e-03
7.191888533838083561e-03
8.030660859283816205e-03
8.959340718846285981e-03
