9.208903889305928431e-03
9.436542260407619967e-03
9.617026871611568384e-03
9.732718917454001237e-03
9.772321705920284513e-03
9.731975750184721982e-03
9.615630035442941995e-03
9.434655604403222040e-03
9.206739230562466930e-03
8.954162900478374043e-03
8.701633408654150734e-03
8.473870432765710087e-03
8.293186681575418634e-03
8.177297025251292414e-03
8.137573636285214129e-03
8.177922066813784335e-03
8.294392386353622096e-03
8.475565957401443723e-03
8.703679941727130928e-03
8.956376872288489971e-03
9.208903889305940574e-03
9.436542260407696295e-03
9.617026871611915328e-03
9.732718917454198995e-03
9.772321705920673091e-03
9.731975750184918006e-03
9.615630035443091181e-03
9.434655604403261939e-03
9.206739230562427032e-03
8.954162900478365369e-03
8.701633408654074406e-03
8.473870432765704883e-03
8.293186681575632005e-03
8.177297025251283741e-03
8.137573636285201986e-03
8.177922066813742702e-03
8.294392386353592606e-03
8.475565957401441988e-03
8.703679941727137867e-03
8.956376872288304355e-03
9.208903889305751489e-03
9.436542260407411800e-03
9.617026871611452157e-03
9.732718917454065422e-03
9.772321705920289717e-03
9.731975750184744534e-03
9.615630035442971485e-03
9.434655604403294898e-03
9.206739230562482543e-03
8.954162900478387921e-03
8.701633408654171550e-03
8.473870432765769067e-03
8.293186681575550473e-03
8.177297025251165780e-03
8.137573636284995554e-03
8.177922066813711477e-03
8.294392386353575258e-03
8.475565957401412498e-03
8.703679941727018171e-03
8.956376872288328642e-03
9.208903889305852103e-03
9.436542260407529761e-03
9.617026871611632569e-03
9.732718917453917970e-03
9.772321705920457985e-03
9.731975750184867699e-03
9.615630035443063425e-03
9.434655604403466636e-03
9.206739230562723669e-03
8.954162900478634252e-03
8.701633408654183693e-03
8.473870432765715291e-03
8.293186681575552208e-03
8.177297025251065166e-03
8.137573636285052800e-03
8.177922066813673313e-03
8.294392386353427807e-03
8.475565957401299741e-03
8.703679941726865515e-03
8.956376872288028534e-03
9.208903889305723733e-03
9.436542260407453434e-03
9.617026871611440014e-03
9.732718917453935317e-03
9.772321705920284513e-03
9.731975750184791371e-03
9.615630035443061691e-03
9.434655604403411125e-03
9.206739230562664689e-03
8.954162900478589149e-03
8.701633408654348492e-03
8.473870432765890498e-03
8.293186681575555677e-03
8.177297025251356599e-03
8.137573636285214129e-03
8.177922066813723620e-03
8.294392386353497196e-03
8.475565957401275455e-03
8.703679941726919292e-03
8.956376872288274865e-03
