1.034550401000299685e-02
1.158889821734384977e-02
1.257336008155888508e-02
1.320299650495453635e-02
1.341679932750806589e-02
1.319437855894625006e-02
1.255775309688881430e-02
1.156910160882597752e-02
1.032472912413066185e-02
8.945819568386990939e-03
7.566811188618844178e-03
6.322442415948743497e-03
5.334657895990018751e-03
4.700619866841640633e-03
4.483017750636171875e-03
4.703692738797537673e-03
5.341292764238832029e-03
6.333266910351471012e-03
7.582041004169627618e-03
8.964749853343265129e-03
1.034550401000263083e-02
1.158889821734368324e-02
1.257336008155866651e-02
1.320299650495428308e-02
1.341679932750802426e-02
1.319437855894633853e-02
1.255775309688909706e-02
1.156910160882626722e-02
1.032472912413100880e-02
8.945819568387382986e-03
7.566811188619204133e-03
6.322442415948856254e-03
5.334657895990075130e-03
4.700619866841678797e-03
4.483017750636206569e-03
4.703692738797480427e-03
5.341292764238706262e-03
6.333266910351273253e-03
7.582041004169367410e-03
8.964749853342939001e-03
1.034550401000236194e-02
1.158889821734326343e-02
1.257336008155825191e-02
1.320299650495391532e-02
1.341679932750767211e-02
1.319437855894623444e-02
1.255775309688907451e-02
1.156910160882631405e-02
1.032472912413110767e-02
8.945819568387461049e-03
7.566811188619319492e-03
6.322442415948957735e-03
5.334657895990133243e-03
4.700619866841703950e-03
4.483017750636130241e-03
4.703692738797406701e-03
5.341292764238542330e-03
6.333266910351073760e-03
7.582041004169103732e-03
8.964749853342819305e-03
1.034550401000229256e-02
1.158889821734323915e-02
1.257336008155842712e-02
1.320299650495415644e-02
1.341679932750801732e-02
1.319437855894656231e-02
1.255775309688939023e-02
1.156910160882657253e-02
1.032472912413145809e-02
8.945819568387825341e-03
7.566811188619646487e-03
6.322442415949244832e-03
5.334657895990446361e-03
4.700619866841945944e-03
4.483017750636255142e-03
4.703692738797439661e-03
5.341292764238632536e-03
6.333266910351097179e-03
7.582041004169075109e-03
8.964749853342687466e-03
1.034550401000206878e-02
1.158889821734307608e-02
1.257336008155833171e-02
1.320299650495438022e-02
1.341679932750827406e-02
1.319437855894677915e-02
1.255775309688960707e-02
1.156910160882676855e-02
1.032472912413167493e-02
8.945819568388056059e-03
7.566811188619779194e-03
6.322442415949358456e-03
5.334657895990479320e-03
4.700619866841909515e-03
4.483017750636197028e-03
4.703692738797314761e-03
5.341292764238315081e-03
6.333266910350844776e-03
7.582041004168829645e-03
8.964749853342529606e-03
