9.322183447859207564e-03
9.652910278383487058e-03
9.915340112294675212e-03
1.008378520948089059e-02
1.014175948388175777e-02
1.008359132999485201e-02
9.914977536723885987e-03
9.652424549958744937e-03
9.321632195743953866e-03
8.954978271695657882e-03
8.588350129536835922e-03
8.257633033894457020e-03
7.995198558953798412e-03
7.826736344378033838e-03
7.768739144971293850e-03
7.826887457720843252e-03
7.995492211835328669e-03
8.258050557598114669e-03
8.588860768502749529e-03
8.955538374221820933e-03
9.322187125011207123e-03
9.652914029749550331e-03
9.915343908728859595e-03
1.008378901337838966e-02
1.014176325313563901e-02
1.008359502227060625e-02
9.914981113628982753e-03
9.652427980707633040e-03
9.321635459978725238e-03
8.954981361215500965e-03
8.588353048800730777e-03
8.257635799285229297e-03
7.995201196910431060e-03
7.826738888609904160e-03
7.768741633050552965e-03
7.826889927399825406e-03
7.995494697453255431e-03
8.258053086921894603e-03
8.588863360294412760e-03
8.955541036747140943e-03
9.322189855605943556e-03
9.652916815454385541e-03
9.915346727900627155e-03
1.008379183809226566e-02
1.014176605212366994e-02
1.008359776409587655e-02
9.914983769781865464e-03
9.652430528327198000e-03
9.321637883947594613e-03
8.954983655443778806e-03
8.588355216599674602e-03
8.257637852820408006e-03
7.995203155815016477e-03
7.826740777915992472e-03
7.768743480658609098e-03
7.826891761344142995e-03
7.995496543233603440e-03
8.258054965157487701e-03
8.588865284917705095e-03
8.955543013896109794e-03
9.322191883302176699e-03
9.652918884074530512e-03
9.915348821372722485e-03
1.008379393567986927e-02
1.014176813060768678e-02
1.008359980013173035e-02
9.914985742198770616e-03
9.652432420148973624e-03
9.321639683948286514e-03
8.954985359101243908e-03
8.588356826372687408e-03
8.257639377743018066e-03
7.995204610466441833e-03
7.826742180884690286e-03
7.768744852663000272e-03
7.826893123202026403e-03
7.995497913880732221e-03
8.258056359905389943e-03
8.588866714112334058e-03
8.955544482095515596e-03
9.322193389037169986e-03
9.652920420198995988e-03
9.915350375951852840e-03
1.008379549331508800e-02
1.014176967405685734e-02
1.008360131205957369e-02
9.914987206884181767e-03
9.652433824985767394e-03
9.321641020600197197e-03
8.954986624210166044e-03
8.588358021764533681e-03
8.257640510126259062e-03
7.995205690667438192e-03
7.826743222706907324e-03
7.768745871491630241e-03
7.826894134496033273e-03
7.995498931701500861e-03
8.258057395622990168e-03
8.588867775409550834e-03
8.955545572357023407e-03
