1.034465927197852908e-02
1.159122831712847829e-02
1.257919476538463255e-02
1.321199471284669608e-02
1.342796449898214957e-02
1.320627007380020292e-02
1.256882933253410106e-02
1.157808390914061465e-02
1.033087004359729832e-02
8.948994875047173655e-03
7.567419512371732424e-03
6.321165051658256782e-03
5.332178687157853106e-03
4.697413896119160756e-03
4.479284842391955714e-03
4.699450342697848379e-03
5.336576499225464780e-03
6.328341838847740750e-03
7.577520548261451779e-03
8.961554984601978122e-03
1.034465927198347478e-02
1.159122831713340837e-02
1.257919476538931630e-02
1.321199471285089237e-02
1.342796449898589831e-02
1.320627007380324389e-02
1.256882933253660947e-02
1.157808390914254019e-02
1.033087004359868610e-02
8.948994875048139896e-03
7.567419512372430650e-03
6.321165051658740770e-03
5.332178687158326685e-03
4.697413896119518109e-03
4.479284842392340822e-03
4.699450342698337571e-03
5.336576499226091015e-03
6.328341838848441578e-03
7.577520548262351233e-03
8.961554984602868035e-03
1.034465927198438898e-02
1.159122831713419594e-02
1.257919476539002407e-02
1.321199471285146136e-02
1.342796449898625046e-02
1.320627007380340348e-02
1.256882933253666325e-02
1.157808390914253846e-02
1.033087004359853865e-02
8.948994875047949077e-03
7.567419512372229422e-03
6.321165051658546481e-03
5.332178687158155815e-03
4.697413896119530252e-03
4.479284842392458783e-03
4.699450342698576095e-03
5.336576499226420613e-03
6.328341838848893473e-03
7.577520548262797924e-03
8.961554984603357227e-03
1.034465927198493194e-02
1.159122831713473890e-02
1.257919476539044734e-02
1.321199471285178749e-02
1.342796449898650893e-02
1.320627007380360471e-02
1.256882933253663029e-02
1.157808390914232162e-02
1.033087004359819344e-02
8.948994875047586520e-03
7.567419512371801812e-03
6.321165051658172648e-03
5.332178687157879127e-03
4.697413896119325555e-03
4.479284842392407609e-03
4.699450342698626402e-03
5.336576499226578472e-03
6.328341838849107712e-03
7.577520548263065939e-03
8.961554984603678151e-03
1.034465927198524419e-02
1.159122831713503034e-02
1.257919476539077000e-02
1.321199471285199392e-02
1.342796449898654883e-02
1.320627007380347460e-02
1.256882933253630416e-02
1.157808390914187406e-02
1.033087004359775282e-02
8.948994875047130287e-03
7.567419512371441857e-03
6.321165051657827438e-03
5.332178687157638000e-03
4.697413896119219737e-03
4.479284842392409344e-03
4.699450342698753037e-03
5.336576499226810925e-03
6.328341838849451187e-03
7.577520548263457986e-03
8.961554984604052851e-03
