8.983015871393216709e-03
9.007958225375685066e-03
9.027742886263297184e-03
9.040433224125550213e-03
9.044787090304776123e-03
9.040378380832632746e-03
9.027638714832308953e-03
9.007815160216457034e-03
8.982848154106852154e-03
8.955181570988145212e-03
8.927523525993815920e-03
8.902581317350220444e-03
8.882796441579529981e-03
8.870105610694114726e-03
8.865751161673290914e-03
8.870159421114898884e-03
8.882898941795180220e-03
8.902722711311688436e-03
8.927690210460808781e-03
8.955357376436408681e-03
8.983015871475728831e-03
9.007958225453076284e-03
9.027742886335791278e-03
9.040433224193447290e-03
9.044787090368282614e-03
9.040378380892017535e-03
9.027638714887700408e-03
9.007815160268176080e-03
8.982848154155100018e-03
8.955181571033117918e-03
8.927523526035723370e-03
8.902581317389288151e-03
8.882796441616026828e-03
8.870105610728235002e-03
8.865751161705182071e-03
8.870159421144746537e-03
8.882898941823128350e-03
8.902722711337870617e-03
8.927690210485285729e-03
8.955357376459322644e-03
8.983015871497173482e-03
9.007958225473148769e-03
9.027742886354616497e-03
9.040433224211037386e-03
9.044787090384752079e-03
9.040378380907317796e-03
9.027638714901991060e-03
9.007815160281514369e-03
8.982848154167539720e-03
8.955181571044737096e-03
8.927523526046506411e-03
8.902581317399351282e-03
8.882796441625345762e-03
8.870105610736941579e-03
8.865751161713317924e-03
8.870159421152273502e-03
8.882898941830134898e-03
8.902722711344431342e-03
8.927690210491492570e-03
8.955357376465189478e-03
8.983015871502670821e-03
9.007958225478288755e-03
9.027742886359449437e-03
9.040433224215538993e-03
9.044787090388948375e-03
9.040378380911288578e-03
9.027638714905746736e-03
9.007815160284992489e-03
8.982848154170774979e-03
8.955181571047746841e-03
8.927523526049380848e-03
8.902581317402033165e-03
8.882796441627866316e-03
8.870105610739240087e-03
8.865751161715474185e-03
8.870159421154320475e-03
8.882898941832082992e-03
8.902722711346223311e-03
8.927690210493145762e-03
8.955357376466679606e-03
8.983015871504095029e-03
9.007958225479629696e-03
9.027742886360719254e-03
9.040433224216779320e-03
9.044787090390065537e-03
9.040378380912317269e-03
9.027638714906678283e-03
9.007815160285847708e-03
8.982848154171519175e-03
8.955181571048468486e-03
8.927523526049986266e-03
8.902581317402603889e-03
8.882796441628407549e-03
8.870105610739743157e-03
8.865751161715954703e-03
8.870159421154794055e-03
8.882898941832518408e-03
8.902722711346629236e-03
8.927690210493515258e-03
8.955357376467076858e-03
