1.011360342592117038e-02
1.115783641212130840e-02
1.198641375431072457e-02
1.251823417242216123e-02
1.270125977949504784e-02
1.251760213127886545e-02
1.198526282500162604e-02
1.115636225722986541e-02
1.011203340681286582e-02
8.954482121604922032e-03
7.796990283726377632e-03
6.752837440403247106e-03
5.924221337454472699e-03
5.392258405496987150e-03
5.209041372168704033e-03
5.392532274499713986e-03
5.924793751907960621e-03
6.753735746309601218e-03
7.798210118327425847e-03
8.955956133425256246e-03
1.011361824005097172e-02
1.115785255524989923e-02
1.198643088339376023e-02
1.251825184194214902e-02
1.270127748731459880e-02
1.251761936884416421e-02
1.198527912692449668e-02
1.115637724546464891e-02
1.011204682528914732e-02
8.954493858205160584e-03
7.797000377796585793e-03
6.752846075426073222e-03
5.924228819953991122e-03
5.392265132546864362e-03
5.209047790919471045e-03
5.392538837831080227e-03
5.924800874592102765e-03
6.753743765920037882e-03
7.798219264569143834e-03
8.955966508660090711e-03
1.011362981263677283e-02
1.115786516603049956e-02
1.198644426438794444e-02
1.251826564511792847e-02
1.270129132040949058e-02
1.251763283458322620e-02
1.198529186175313968e-02
1.115638895405900340e-02
1.011205730761062689e-02
8.954503026669254420e-03
7.797008263139754147e-03
6.752852820982283184e-03
5.924234665175485449e-03
5.392270387621947783e-03
5.209052805155718613e-03
5.392543965011634480e-03
5.924806438731084791e-03
6.753750030724979189e-03
7.798226409482386483e-03
8.955974613645121055e-03
1.011363885297522636e-02
1.115787501739196746e-02
1.198645471742917565e-02
1.251827642796142157e-02
1.270130212662536409e-02
1.251764335382593921e-02
1.198530181001907294e-02
1.115639810064538232e-02
1.011206549625019713e-02
8.954510188942173265e-03
7.797014423056971080e-03
6.752858090514312663e-03
5.924239231378886951e-03
5.392274492811433874e-03
5.209056722205338170e-03
5.392547970291747261e-03
5.924810785356870654e-03
6.753754924701016113e-03
7.798231990986428420e-03
8.955980945143476174e-03
1.011364591515835978e-02
1.115788271313466161e-02
1.198646288319548531e-02
1.251828485136453027e-02
1.270131056828661606e-02
1.251765157130788064e-02
1.198530958146215922e-02
1.115640524582780548e-02
1.011207189309840972e-02
8.954515784007327506e-03
7.797019235096177420e-03
6.752862206997312620e-03
5.924242798431660767e-03
5.392277699726728823e-03
5.209059782148492933e-03
5.392551099159286453e-03
5.924814180878800254e-03
6.753758747805085547e-03
7.798236351177616557e-03
8.955985891219483269e-03
