1.011275188705154128e-02
1.115059821654635318e-02
1.197264757213331761e-02
1.249902113894336107e-02
1.267877676861068996e-02
1.249467359388490087e-02
1.196472497653710762e-02
1.114043853959609774e-02
1.010191407531854657e-02
8.950226193355307822e-03
7.797752752016624128e-03
6.757311304518602395e-03
5.931114497747008892e-03
5.400625327089185641e-03
5.218357961329754373e-03
5.402512670182882219e-03
5.935056410822424008e-03
6.763490308683770859e-03
7.806130377537725575e-03
8.960329986307040764e-03
1.011275188705114750e-02
1.115059821654612766e-02
1.197264757213311638e-02
1.249902113894311127e-02
1.267877676861062924e-02
1.249467359388496158e-02
1.196472497653720650e-02
1.114043853959635275e-02
1.010191407531864198e-02
8.950226193355458743e-03
7.797752752016813213e-03
6.757311304518772398e-03
5.931114497747312468e-03
5.400625327089434574e-03
5.218357961329822027e-03
5.402512670182914312e-03
5.935056410822397120e-03
6.763490308683567896e-03
7.806130377537385569e-03
8.960329986306846475e-03
1.011275188705091158e-02
1.115059821654593511e-02
1.197264757213270872e-02
1.249902113894293607e-02
1.267877676861079751e-02
1.249467359388501883e-02
1.196472497653751875e-02
1.114043853959664071e-02
1.010191407531905831e-02
8.950226193355803953e-03
7.797752752016946787e-03
6.757311304518969289e-03
5.931114497747438236e-03
5.400625327089425901e-03
5.218357961329793404e-03
5.402512670182714818e-03
5.935056410822119564e-03
6.763490308683344984e-03
7.806130377537095003e-03
8.960329986306315650e-03
1.011275188705063402e-02
1.115059821654548061e-02
1.197264757213258209e-02
1.249902113894267759e-02
1.267877676861049567e-02
1.249467359388481760e-02
1.196472497653743548e-02
1.114043853959685061e-02
1.010191407531931679e-02
8.950226193356079774e-03
7.797752752017313681e-03
6.757311304519176588e-03
5.931114497747447777e-03
5.400625327089501361e-03
5.218357961329804680e-03
5.402512670182686196e-03
5.935056410822103085e-03
6.763490308683259983e-03
7.806130377537001327e-03
8.960329986306336467e-03
1.011275188705032177e-02
1.115059821654553265e-02
1.197264757213256127e-02
1.249902113894284933e-02
1.267877676861064312e-02
1.249467359388513159e-02
1.196472497653770783e-02
1.114043853959719929e-02
1.010191407531963077e-02
8.950226193356293145e-03
7.797752752017455928e-03
6.757311304519402970e-03
5.931114497747755690e-03
5.400625327089571617e-03
5.218357961329793404e-03
5.402512670182582979e-03
5.935056410821828998e-03
6.763490308682916508e-03
7.806130377536624892e-03
8.960329986306003400e-03
