1.033898566089142684e-02
1.158717522902327594e-02
1.257771383616462270e-02
1.321364188214524914e-02
1.343271540102912963e-02
1.321349698817399394e-02
1.257745155682145864e-02
1.158684280347989717e-02
1.033863720773654793e-02
8.955012742680151794e-03
7.571401192246794178e-03
6.323233832758704161e-03
5.332686877037954090e-03
4.696723212181344413e-03
4.477600531619168808e-03
4.696775168764544262e-03
5.332799111592686526e-03
6.323417079938447802e-03
7.571659306526595454e-03
8.955334075604014926e-03
1.033899064643462387e-02
1.158718080338993865e-02
1.257771987292255304e-02
1.321364820931333721e-02
1.343272181808966882e-02
1.321350328579163833e-02
1.257745753732966189e-02
1.158684830013133847e-02
1.033864210084398973e-02
8.955016971087075006e-03
7.571404759029593846e-03
6.323236804631400879e-03
5.332689377546194660e-03
4.696725409378917603e-03
4.477602621454514382e-03
4.696777355819511945e-03
5.332801589065757839e-03
6.323420010831147346e-03
7.571662807864859047e-03
8.955338207222799871e-03
1.033899540540016496e-02
1.158718612457894544e-02
1.257772563567310931e-02
1.321365424946956829e-02
1.343272794423816530e-02
1.321350929808402797e-02
1.257746324704099410e-02
1.158685354804117953e-02
1.033864677265083042e-02
8.955021008365536203e-03
7.571408164681520982e-03
6.323239642323732861e-03
5.332691765218726572e-03
4.696727507481866792e-03
4.477604617088206534e-03
4.696779444343103863e-03
5.332803954982375839e-03
6.323422809819321394e-03
7.571666151706825387e-03
8.955342153088538190e-03
1.033899995051509521e-02
1.158719120677152541e-02
1.257773113972158498e-02
1.321366001860147660e-02
1.343273379563506877e-02
1.321351504085832053e-02
1.257746870091758749e-02
1.158685856091638475e-02
1.033865123531970895e-02
8.955024864992578229e-03
7.571411418012190947e-03
6.323242353153011794e-03
5.332694046193225262e-03
4.696729511866917957e-03
4.477606523618779706e-03
4.696781439655099352e-03
5.332806215350809932e-03
6.323425483989997958e-03
7.571669346493998046e-03
8.955345923133597313e-03
1.033900429318746449e-02
1.158719606268742916e-02
1.257773639880464811e-02
1.321366553106706129e-02
1.343273938680287702e-02
1.321352052832843078e-02
1.257747391242165259e-02
1.158686335109757222e-02
1.033865549980767830e-02
8.955028550412186608e-03
7.571414526967738812e-03
6.323244943723316941e-03
5.332696226012432344e-03
4.696731427392395776e-03
4.477608345655809639e-03
4.696783346567798278e-03
5.332808375609207445e-03
6.323428039761270526e-03
7.571672399875973257e-03
8.955349526363594673e-03
