9.208219454069153931e-03
9.435812132368073119e-03
9.616326299540553513e-03
9.732123325558714177e-03
9.771896030815373224e-03
9.731764889450262093e-03
9.615652559105979102e-03
9.434902063890488605e-03
9.207175181418352297e-03
8.954735544775804454e-03
8.702279962262041146e-03
8.474526178764910447e-03
8.293791190883978773e-03
8.177797974644360549e-03
8.137928647662684770e-03
8.178099642027815766e-03
8.294373077611135250e-03
8.475344393561727585e-03
8.703267466229633667e-03
8.955803724559020448e-03
9.208219454069084542e-03
9.435812132367880564e-03
9.616326299540308917e-03
9.732123325558625707e-03
9.771896030815253528e-03
9.731764889450154540e-03
9.615652559106164718e-03
9.434902063890641261e-03
9.207175181418397400e-03
8.954735544776007417e-03
8.702279962261964819e-03
8.474526178764912182e-03
8.293791190883980508e-03
8.177797974644331058e-03
8.137928647662530379e-03
8.178099642027848726e-03
8.294373077611142189e-03
8.475344393561777892e-03
8.703267466229609381e-03
8.955803724558984019e-03
9.208219454069230259e-03
9.435812132368015873e-03
9.616326299540445960e-03
9.732123325558466112e-03
9.771896030815368020e-03
9.731764889450286379e-03
9.615652559106093594e-03
9.434902063890381052e-03
9.207175181418270765e-03
8.954735544775976192e-03
8.702279962262058494e-03
8.474526178764872283e-03
8.293791190883928466e-03
8.177797974644306772e-03
8.137928647662551196e-03
8.178099642027859134e-03
8.294373077611251477e-03
8.475344393561581868e-03
8.703267466229550400e-03
8.955803724559039530e-03
9.208219454069146992e-03
9.435812132368066180e-03
9.616326299540553513e-03
9.732123325558714177e-03
9.771896030815373224e-03
9.731764889450269032e-03
9.615652559105992980e-03
9.434902063890485135e-03
9.207175181418355767e-03
8.954735544775811393e-03
8.702279962262053289e-03
8.474526178764915652e-03
8.293791190883977038e-03
8.177797974644360549e-03
8.137928647662684770e-03
8.178099642027815766e-03
8.294373077611130046e-03
8.475344393561724116e-03
8.703267466229626728e-03
8.955803724559016979e-03
9.208219454069079338e-03
9.435812132367884034e-03
9.616326299540312386e-03
9.732123325558620502e-03
9.771896030815253528e-03
9.731764889450154540e-03
9.615652559106161248e-03
9.434902063890648199e-03
9.207175181418406074e-03
8.954735544776012621e-03
8.702279962261971757e-03
8.474526178764908713e-03
8.293791190883983977e-03
8.177797974644332793e-03
8.137928647662530379e-03
8.178099642027845256e-03
8.294373077611143924e-03
8.475344393561765749e-03
8.703267466229592034e-03
8.955803724558977080e-03
