8.983036973558532201e-03
9.007900566713302262e-03
9.027611766238790789e-03
9.040241336177144357e-03
9.044553290330761483e-03
9.040125770695132262e-03
9.027392255489900472e-03
9.007599096078651793e-03
8.982683551245190107e-03
8.955084244016383796e-03
8.927502560762986747e-03
8.902638307040508514e-03
8.882925463057871410e-03
8.870293892899474425e-03
8.865980346776321935e-03
8.870407290775216697e-03
8.883141466546744594e-03
8.902936270414333469e-03
8.927853815470015650e-03
8.955454714666253105e-03
8.983036973558507915e-03
9.007900566713394203e-03
9.027611766238903546e-03
9.040241336177170378e-03
9.044553290330631379e-03
9.040125770694937973e-03
9.027392255489820674e-03
9.007599096078615364e-03
8.982683551245058268e-03
8.955084244016248488e-03
8.927502560762856643e-03
8.902638307040388818e-03
8.882925463057690998e-03
8.870293892899422383e-03
8.865980346776212648e-03
8.870407290775095266e-03
8.883141466546711634e-03
8.902936270414257142e-03
8.927853815470098917e-03
8.955454714666372801e-03
8.983036973558537405e-03
9.007900566713423693e-03
9.027611766238896607e-03
9.040241336177132214e-03
9.044553290330615766e-03
9.040125770694908483e-03
9.027392255489883124e-03
9.007599096078630976e-03
8.982683551245148473e-03
8.955084244016279713e-03
8.927502560762834091e-03
8.902638307040336776e-03
8.882925463057597323e-03
8.870293892899437996e-03
8.865980346776231730e-03
8.870407290775209758e-03
8.883141466546690818e-03
8.902936270414317857e-03
8.927853815470031262e-03
8.955454714666286065e-03
8.983036973558474955e-03
9.007900566713383794e-03
9.027611766238842830e-03
9.040241336177133949e-03
9.044553290330636583e-03
9.040125770694981341e-03
9.027392255489761694e-03
9.007599096078486994e-03
8.982683551245040920e-03
8.955084244016264100e-03
8.927502560762903480e-03
8.902638307040527596e-03
8.882925463057736101e-03
8.870293892899521263e-03
8.865980346776316731e-03
8.870407290775287820e-03
8.883141466546879902e-03
8.902936270414536432e-03
8.927853815470079835e-03
8.955454714666268717e-03
8.983036973558454139e-03
9.007900566713248486e-03
9.027611766238757829e-03
9.040241336177048947e-03
9.044553290330627909e-03
9.040125770694927565e-03
9.027392255489749551e-03
9.007599096078684753e-03
8.982683551245143269e-03
8.955084244016291856e-03
8.927502560762865316e-03
8.902638307040505045e-03
8.882925463057843654e-03
8.870293892899562896e-03
8.865980346776382651e-03
8.870407290775352005e-03
8.883141466546869494e-03
8.902936270414427145e-03
8.927853815470091978e-03
8.955454714666404026e-03
