1.033917478208726953e-02
1.158733321820954072e-02
1.257780612876050266e-02
1.321364217497305454e-02
1.343261343134641642e-02
1.321330206084541520e-02
1.257719050990930253e-02
1.158655304081018626e-02
1.033835713952019342e-02
8.954772824767059936e-03
7.571218430409546764e-03
6.323111253702679707e-03
5.332617587755003087e-03
4.696696990086113993e-03
4.477610043752566597e-03
4.696819219793993416e-03
5.332881636854911074e-03
6.323542410961829376e-03
7.571825832418721536e-03
8.955529177900713525e-03
1.033918939546336555e-02
1.158734951023417808e-02
1.257782372108777122e-02
1.321366056014800991e-02
1.343263202362424830e-02
1.321332025409959095e-02
1.257720773691256566e-02
1.158656882810077567e-02
1.033837115255973813e-02
8.954784899098842607e-03
7.571228585932186610e-03
6.323119690848185391e-03
5.332624666130518151e-03
4.696703191837115626e-03
4.477615925370611628e-03
4.696825357177254745e-03
5.332888569041248188e-03
6.323550588029248389e-03
7.571835572589076697e-03
8.955540637934241571e-03
1.033920255709439365e-02
1.158736418380489595e-02
1.257783956584528073e-02
1.321367711905144585e-02
1.343264876911450141e-02
1.321333664025506165e-02
1.257722325284199583e-02
1.158658304736080204e-02
1.033838377382926242e-02
8.954795774243743539e-03
7.571237732864116374e-03
6.323127290083533150e-03
5.332631041554895812e-03
4.696708777708677798e-03
4.477621222913963535e-03
4.696830885100434713e-03
5.332894812855835075e-03
6.323557953124028103e-03
7.571844345591952075e-03
8.955550960045612074e-03
1.033921441186825066e-02
1.158737740042009232e-02
1.257785383738682823e-02
1.321369203386018806e-02
1.343266385201216315e-02
1.321335139952128576e-02
1.257723722830631635e-02
1.158659585491436661e-02
1.033839514206143055e-02
8.954805569721916922e-03
7.571245971716099830e-03
6.323134134899903100e-03
5.332636784063270012e-03
4.696713809053639985e-03
4.477625994560495426e-03
4.696835864263161804e-03
5.332900436850322202e-03
6.323564587098018039e-03
7.571852247723049115e-03
8.955560257520337950e-03
1.033922508987605501e-02
1.158738930509920981e-02
1.257786669228962845e-02
1.321370546819150907e-02
1.343267743776129126e-02
1.321336469377614592e-02
1.257724981657183314e-02
1.158660739120621376e-02
1.033840538190637821e-02
8.954814392928835479e-03
7.571253392809389193e-03
6.323140300329505720e-03
5.332641956599430688e-03
4.696718341016360883e-03
4.477630292604168998e-03
4.696840349229606040e-03
5.332905502650607532e-03
6.323570562639225720e-03
7.571859365559383340e-03
8.955568632216562644e-03
