1.011458705573966936e-02
1.115864992864098668e-02
1.198691747832533218e-02
1.251832955504251881e-02
1.270091755844222382e-02
1.251687249437882787e-02
1.198426380332989240e-02
1.115525004440402757e-02
1.011096443239580672e-02
8.953579231986233747e-03
7.796323402618397791e-03
6.752423390903276347e-03
5.924040295347917338e-03
5.392278460370101764e-03
5.209240151455716422e-03
5.392906443973371350e-03
5.925352665426905467e-03
6.754482413635363829e-03
7.799118275471948920e-03
8.956954311838022029e-03
1.011458946841702934e-02
1.115865251419410724e-02
1.198692017630605643e-02
1.251833229198748461e-02
1.270092025582227231e-02
1.251687507657648496e-02
1.198426620487751462e-02
1.115525221583155840e-02
1.011096634420750526e-02
8.953580876495835159e-03
7.796324793588407104e-03
6.752424561148531214e-03
5.924041292647901254e-03
5.392279342173691113e-03
5.209240978953198417e-03
5.392907276136907346e-03
5.925353553592463927e-03
6.754483397115748633e-03
7.799119378566299159e-03
8.956955542447853080e-03
1.011459081831249211e-02
1.115865396081380453e-02
1.198692168582910812e-02
1.251833382331095888e-02
1.270092176500898888e-02
1.251687652131849675e-02
1.198426754854572084e-02
1.115525343074720913e-02
1.011096741386794014e-02
8.953581796600499493e-03
7.796325571837313395e-03
6.752425215901816657e-03
5.924041850638083091e-03
5.392279835543566449e-03
5.209241441938837827e-03
5.392907741733263954e-03
5.925354050521993571e-03
6.754483947374070180e-03
7.799119995748813455e-03
8.956956230975331168e-03
1.011459157358048262e-02
1.115865477019910984e-02
1.198692253040886495e-02
1.251833468008808382e-02
1.270092260940055423e-02
1.251687732965315464e-02
1.198426830032937006e-02
1.115525411049366096e-02
1.011096801234386520e-02
8.953582311399782556e-03
7.796326007268274648e-03
6.752425582236811982e-03
5.924042162834076107e-03
5.392280111584468391e-03
5.209241700979753281e-03
5.392908002234920659e-03
5.925354328554660772e-03
6.754484255244271734e-03
7.799120341063158282e-03
8.956956616207389227e-03
1.011459199615383740e-02
1.115865522305111400e-02
1.198692300295215243e-02
1.251833515945574397e-02
1.270092308183845727e-02
1.251687778191705631e-02
1.198426872095293728e-02
1.115525449081226743e-02
1.011096834719152175e-02
8.953582599430321212e-03
7.796326250892152664e-03
6.752425787201521250e-03
5.924042337507975584e-03
5.392280266029620371e-03
5.209241845913446800e-03
5.392908147985944756e-03
5.925354484114313605e-03
6.754484427498141756e-03
7.799120534267138874e-03
8.956956831745178232e-03
