1.000411612901036355e-02
1.094524655198033866e-02
1.169125550153164023e-02
1.216920111753832384e-02
1.233245789117047055e-02
1.216521988602044940e-02
1.168398119913714381e-02
1.093587421482673273e-02
9.994046297158961853e-03
8.950531143139841411e-03
7.907300562814970762e-03
6.966349460772520985e-03
6.219759133529022960e-03
5.740693507731283070e-03
5.576205897834293768e-03
5.742572377832227785e-03
6.223631743690243370e-03
6.972320105688200112e-03
7.915268033242687726e-03
8.960014023591898052e-03
1.000411612901383300e-02
1.094524655198377515e-02
1.169125550153489110e-02
1.216920111754137002e-02
1.233245789117313682e-02
1.216521988602265597e-02
1.168398119913885078e-02
1.093587421482810663e-02
9.994046297160025238e-03
8.950531143140599485e-03
7.907300562815581385e-03
6.966349460772982422e-03
6.219759133529451436e-03
5.740693507731647362e-03
5.576205897834651988e-03
5.742572377832640650e-03
6.223631743690779400e-03
6.972320105688801194e-03
7.915268033243388554e-03
8.960014023592683882e-03
1.000411612901466567e-02
1.094524655198445343e-02
1.169125550153545488e-02
1.216920111754177421e-02
1.233245789117337968e-02
1.216521988602291444e-02
1.168398119913896353e-02
1.093587421482800776e-02
9.994046297159889930e-03
8.950531143140434687e-03
7.907300562815295156e-03
6.966349460772773387e-03
6.219759133529276229e-03
5.740693507731577105e-03
5.576205897834659794e-03
5.742572377832739529e-03
6.223631743690939862e-03
6.972320105689023238e-03
7.915268033243627946e-03
8.960014023592897253e-03
1.000411612901491720e-02
1.094524655198473966e-02
1.169125550153564744e-02
1.216920111754184533e-02
1.233245789117337968e-02
1.216521988602280516e-02
1.168398119913872935e-02
1.093587421482775622e-02
9.994046297159556863e-03
8.950531143140065191e-03
7.907300562814982905e-03
6.966349460772527924e-03
6.219759133529187758e-03
5.740693507731562360e-03
5.576205897834737857e-03
5.742572377832919940e-03
6.223631743691190529e-03
6.972320105689314672e-03
7.915268033244014789e-03
8.960014023593330934e-03
1.000411612901530231e-02
1.094524655198507446e-02
1.169125550153584693e-02
1.216920111754194941e-02
1.233245789117340396e-02
1.216521988602273403e-02
1.168398119913862179e-02
1.093587421482755846e-02
9.994046297159418085e-03
8.950531143139893453e-03
7.907300562814859740e-03
6.966349460772388279e-03
6.219759133529029031e-03
5.740693507731506849e-03
5.576205897834760408e-03
5.742572377832991931e-03
6.223631743691347522e-03
6.972320105689571411e-03
7.915268033244306223e-03
8.960014023593606755e-03
