8.982954086947296177e-03
9.007795251910945961e-03
9.027494305895651314e-03
9.040123294051696790e-03
9.044446334479984764e-03
9.040040468366566939e-03
9.027336981748514469e-03
9.007579184732257202e-03
8.982700782371301138e-03
8.955136714573368184e-03
8.927584933808659431e-03
8.902742391146540452e-03
8.883041043418315325e-03
8.870409721605720596e-03
8.866085198985662261e-03
8.870491000518230737e-03
8.883195864834853017e-03
8.902955955594631793e-03
8.927836691611823125e-03
8.955402241602180430e-03
8.982954086947290973e-03
9.007795251910944226e-03
9.027494305895647844e-03
9.040123294051696790e-03
9.044446334479984764e-03
9.040040468366566939e-03
9.027336981748514469e-03
9.007579184732258937e-03
8.982700782371302872e-03
8.955136714573369919e-03
8.927584933808661166e-03
8.902742391146545656e-03
8.883041043418317059e-03
8.870409721605722331e-03
8.866085198985662261e-03
8.870491000518229002e-03
8.883195864834849548e-03
8.902955955594630058e-03
8.927836691611819656e-03
8.955402241602178695e-03
8.982954086947289238e-03
9.007795251910942491e-03
9.027494305895644375e-03
9.040123294051693320e-03
9.044446334479984764e-03
9.040040468366568674e-03
9.027336981748519673e-03
9.007579184732262406e-03
8.982700782371304607e-03
8.955136714573375123e-03
8.927584933808664636e-03
8.902742391146547390e-03
8.883041043418318794e-03
8.870409721605722331e-03
8.866085198985662261e-03
8.870491000518229002e-03
8.883195864834847813e-03
8.902955955594626589e-03
8.927836691611819656e-03
8.955402241602175226e-03
8.982954086947282299e-03
9.007795251910939022e-03
9.027494305895642640e-03
9.040123294051693320e-03
9.044446334479984764e-03
9.040040468366568674e-03
9.027336981748519673e-03
9.007579184732265876e-03
8.982700782371309811e-03
8.955136714573378592e-03
8.927584933808666370e-03
8.902742391146549125e-03
8.883041043418323998e-03
8.870409721605725800e-03
8.866085198985662261e-03
8.870491000518229002e-03
8.883195864834847813e-03
8.902955955594626589e-03
8.927836691611814451e-03
8.955402241602173491e-03
8.982954086947280564e-03
9.007795251910937287e-03
9.027494305895640905e-03
9.040123294051693320e-03
9.044446334479984764e-03
9.040040468366572143e-03
9.027336981748521408e-03
9.007579184732267610e-03
8.982700782371311546e-03
8.955136714573387266e-03
8.927584933808671575e-03
8.902742391146552595e-03
8.883041043418325733e-03
8.870409721605725800e-03
8.866085198985662261e-03
8.870491000518227268e-03
8.883195864834846078e-03
8.902955955594623119e-03
8.927836691611810982e-03
8.955402241602170021e-03
