1.000041652664074819e-02
1.093721538828450190e-02
1.167926531521485713e-02
1.215439369820368008e-02
1.231656299672512743e-02
1.215019763708536510e-02
1.167159515830792915e-02
1.092732634175851668e-02
9.989782476847879761e-03
8.950265418549773616e-03
7.910230014316923380e-03
6.971467844976389494e-03
6.226149185472172609e-03
5.747695186904949564e-03
5.583413661343869169e-03
5.749686983935239221e-03
6.230252772809057558e-03
6.977790327674210022e-03
7.918659809311638306e-03
8.960289089618274361e-03
1.000041652664065972e-02
1.093721538828416884e-02
1.167926531521470968e-02
1.215439369820363498e-02
1.231656299672492100e-02
1.215019763708549520e-02
1.167159515830824140e-02
1.092732634175844729e-02
9.989782476847895373e-03
8.950265418549813515e-03
7.910230014316864400e-03
6.971467844976500516e-03
6.226149185472154395e-03
5.747695186905062321e-03
5.583413661343810189e-03
5.749686983935061411e-03
6.230252772809079242e-03
6.977790327674107673e-03
7.918659809311426670e-03
8.960289089618067929e-03
1.000041652664054002e-02
1.093721538828422261e-02
1.167926531521488835e-02
1.215439369820368008e-02
1.231656299672510835e-02
1.215019763708557847e-02
1.167159515830823446e-02
1.092732634175862944e-02
9.989782476848122622e-03
8.950265418549945354e-03
7.910230014317072567e-03
6.971467844976667050e-03
6.226149185472187354e-03
5.747695186905151660e-03
5.583413661343845751e-03
5.749686983935080493e-03
6.230252772808923985e-03
6.977790327674099867e-03
7.918659809311350342e-03
8.960289089617922212e-03
1.000041652664031278e-02
1.093721538828402833e-02
1.167926531521466978e-02
1.215439369820355171e-02
1.231656299672501294e-02
1.215019763708539632e-02
1.167159515830811650e-02
1.092732634175870923e-02
9.989782476848049764e-03
8.950265418549862087e-03
7.910230014317055219e-03
6.971467844976596794e-03
6.226149185472327000e-03
5.747695186905240131e-03
5.583413661343886517e-03
5.749686983935057942e-03
6.230252772808842453e-03
6.977790327673815372e-03
7.918659809311300035e-03
8.960289089617748740e-03
1.000041652664026073e-02
1.093721538828397455e-02
1.167926531521458478e-02
1.215439369820351702e-02
1.231656299672501294e-02
1.215019763708543449e-02
1.167159515830818069e-02
1.092732634175876821e-02
9.989782476848165990e-03
8.950265418550037294e-03
7.910230014317167976e-03
6.971467844976732969e-03
6.226149185472365163e-03
5.747695186905280029e-03
5.583413661343886517e-03
5.749686983935004166e-03
6.230252772808743573e-03
6.977790327673752922e-03
7.918659809311189013e-03
8.960289089617674146e-03
