9.208980626163668082e-03
9.437808495243702606e-03
9.619398852484903339e-03
9.735976480720727466e-03
9.776130367020151313e-03
9.735930536607198191e-03
9.619312533341467866e-03
9.437691992485237880e-03
9.208847106223520471e-03
8.955178409404213058e-03
8.701516214913653999e-03
8.472690262705265263e-03
8.291099400794178786e-03
8.174519122596762485e-03
8.134361538719228624e-03
8.174558124159493622e-03
8.291174664905798936e-03
8.472796177035396212e-03
8.701644191956960442e-03
8.955317075577512095e-03
9.208983011973960464e-03
9.437810927574183731e-03
9.619401318674754633e-03
9.735978963769929481e-03
9.776132847296730918e-03
9.735932993793059223e-03
9.619314948424625630e-03
9.437694349604034902e-03
9.208849394184773218e-03
8.955180622730761139e-03
8.701518354324262738e-03
8.472692334986075754e-03
8.291101418080641661e-03
8.174521101141774340e-03
8.134363497273217752e-03
8.174560082123893609e-03
8.291176640442300683e-03
8.472798185315533886e-03
8.701646243721114851e-03
8.955319176140450962e-03
9.208985160769261880e-03
9.437813118276267010e-03
9.619403539880555520e-03
9.735981200168065605e-03
9.776135081205179767e-03
9.735935206911641715e-03
9.619317123629390204e-03
9.437696472608286466e-03
9.208851454906527914e-03
8.955182616236250295e-03
8.701520281260335249e-03
8.472694201464436511e-03
8.291103235031044294e-03
8.174522883202715862e-03
8.134365261332782843e-03
8.174561845656689099e-03
8.291178419806413333e-03
8.472799994175939098e-03
8.701648091751697581e-03
8.955321068128322889e-03
9.208987096204322362e-03
9.437815091461038836e-03
9.619405540544214567e-03
9.735983214519459625e-03
9.776137093317809057e-03
9.735937200302125644e-03
9.619319082873695193e-03
9.437698384837940602e-03
9.208853311040208697e-03
8.955184411829745367e-03
8.701522016895999953e-03
8.472695882646973445e-03
8.291104871604920712e-03
8.174524488353016732e-03
8.134366850270934035e-03
8.174563434122462946e-03
8.291180022533999397e-03
8.472801623473753818e-03
8.701649756333373203e-03
8.955322772305764414e-03
9.208988839518103889e-03
9.437816868779300150e-03
9.619407342615614656e-03
9.735985028921787660e-03
9.776138905705439655e-03
9.735938995827739251e-03
9.619320847644179454e-03
9.437700107262025906e-03
9.208854982937835984e-03
8.955186029197717557e-03
8.701523580258689258e-03
8.472697396962578648e-03
8.291106345740727190e-03
8.174525934185317838e-03
8.134368281501278344e-03
8.174564864928368993e-03
8.291181466187208526e-03
8.472803091061067646e-03
8.701651255703563709e-03
8.955324307342809806e-03
