3.628714680158617867e-01
3.679946446483358113e-01
3.738761698931490352e-01
3.799333232083982326e-01
3.856171004533946456e-01
3.904479476850660769e-01
3.940351873226355939e-01
3.960872547554971090e-01
3.964198692692145753e-01
3.949672957426158537e-01
3.917984197831232973e-01
3.871346386551985930e-01
3.813611478582920600e-01
3.750189589838858195e-01
3.687652281274689248e-01
3.632972101538338161e-01
3.592496819975040667e-01
3.570904695127340989e-01
3.570443332493329902e-01
3.590668626243361805e-01
3.628714680157409389e-01
3.679946446482250111e-01
3.738761698930504473e-01
3.799333232083110246e-01
3.856171004533212043e-01
3.904479476850045705e-01
3.940351873225761414e-01
3.960872547554454837e-01
3.964198692691651704e-01
3.949672957425812148e-01
3.917984197830965964e-01
3.871346386551776653e-01
3.813611478582792369e-01
3.750189589838650028e-01
3.687652281274497179e-01
3.632972101538179954e-01
3.592496819974921873e-01
3.570904695127224970e-01
3.570443332493053457e-01
3.590668626243199157e-01
3.628714680157272277e-01
3.679946446482180722e-01
3.738761698930364030e-01
3.799333232082963696e-01
3.856171004533090474e-01
3.904479476849971875e-01
3.940351873225754198e-01
3.960872547554394330e-01
3.964198692691599524e-01
3.949672957425658937e-01
3.917984197830797766e-01
3.871346386551623442e-01
3.813611478582555336e-01
3.750189589838537896e-01
3.687652281274367283e-01
3.632972101538020637e-01
3.592496819974755895e-01
3.570904695127151696e-01
3.570443332493131172e-01
3.590668626243298522e-01
3.628714680157436034e-01
3.679946446482254552e-01
3.738761698930461730e-01
3.799333232083052514e-01
3.856171004533196500e-01
3.904479476850075681e-01
3.940351873225821921e-01
3.960872547554403766e-01
3.964198692691684456e-01
3.949672957425786057e-01
3.917984197830863269e-01
3.871346386551624552e-01
3.813611478582581427e-01
3.750189589838498483e-01
3.687652281274391708e-01
3.632972101538076148e-01
3.592496819974896893e-01
3.570904695127242179e-01
3.570443332493187794e-01
3.590668626243256889e-01
3.628714680157442141e-01
3.679946446482266209e-01
3.738761698930416211e-01
3.799333232083071943e-01
3.856171004533232582e-01
3.904479476850051256e-01
3.940351873225863555e-01
3.960872547554571410e-01
3.964198692691670023e-01
3.949672957425743869e-01
3.917984197830840509e-01
3.871346386551641761e-01
3.813611478582595860e-01
3.750189589838540116e-01
3.687652281274313437e-01
3.632972101538034515e-01
3.592496819974824174e-01
3.570904695127224415e-01
3.570443332493251076e-01
3.590668626243263550e-01
