3.882541470910070847e-01
3.884397932349744620e-01
3.886837536349016520e-01
3.889616085043046678e-01
3.892463193800903554e-01
3.895107205808583939e-01
3.897298270420934685e-01
3.898828629984448235e-01
3.899549624172927165e-01
3.899384940404873601e-01
3.898339312487928976e-01
3.896501430384211595e-01
3.894039587475203734e-01
3.891188872252150932e-01
3.888229696180878769e-01
3.885459061793352653e-01
3.883157808188815729e-01
3.881558482561491275e-01
3.880818862765132993e-01
3.881005229731665507e-01
3.882087510065351799e-01
3.883946046035277599e-01
3.886387767080861644e-01
3.889168452934391729e-01
3.892017694596738853e-01
3.894663811176445889e-01
3.896856930273160380e-01
3.898389276530200287e-01
3.899112177364982834e-01
3.898949314416695899e-01
3.897905422800479469e-01
3.896069200970276314e-01
3.893608957460253928e-01
3.890759801349134572e-01
3.887802168199836483e-01
3.885033085665365871e-01
3.882733416230225165e-01
3.881135726098676186e-01
3.880397805652676668e-01
3.880585940619267205e-01
3.881670054418488447e-01
3.883530478866309421e-01
3.885974127138627776e-01
3.888756758810716363e-01
3.891607942920767282e-01
3.894255976841956013e-01
3.896450968501687928e-01
3.897985126501968822e-01
3.898709767118627156e-01
3.898548566690985262e-01
3.897506261439124264e-01
3.895671557426951814e-01
3.893212776841039613e-01
3.890365047354194528e-01
3.887408826328085931e-01
3.884641164170001271e-01
3.882342944572045318e-01
3.880746751001694084e-01
3.880010385241173809e-01
3.880200137409781092e-01
3.881285928077767844e-01
3.883148079604353264e-01
3.885593490418157714e-01
3.888377901792260949e-01
3.891230862802055324e-01
3.893880651044968610e-01
3.896077356531030822e-01
3.897613173233305806e-01
3.898339407246984023e-01
3.898179730042761193e-01
3.897138878803624862e-01
3.895305566485939286e-01
3.892848127682975723e-01
3.890001706990439678e-01
3.887046781629117098e-01
3.884280422752330875e-01
3.881983533402463826e-01
3.880388712811367324e-01
3.879653773184797427e-01
3.879845008674078777e-01
3.880932337270511789e-01
3.882796072717673019e-01
3.885243099989447724e-01
3.888029143647205865e-01
3.890883734526492943e-01
3.893535132144879118e-01
3.895733410121090534e-01
3.897270749034839610e-01
3.897998445649398791e-01
3.897840166958332353e-01
3.896800651001292581e-01
3.894968617018466084e-01
3.892512410937612466e-01
3.889667192829007747e-01
3.886713458083839168e-01
3.883948296846574388e-01
3.881652629880975591e-01
3.880059070863560722e-01
3.879325441558245657e-01
3.879518039822588138e-01
