3.782853325704181313e-01
3.784497866307525715e-01
3.786958235378132254e-01
3.789987325237668125e-01
3.793289823983055919e-01
3.796549791535717144e-01
3.799458042427155124e-01
3.801737968686557667e-01
3.803168867122795893e-01
3.803605833008289472e-01
3.802994926708445633e-01
3.801381842218723994e-01
3.798912042077631779e-01
3.795820623607700783e-01
3.792411274948896960e-01
3.789025510911513406e-01
3.786005524680366996e-01
3.783655749489477360e-01
3.782208896714451818e-01
3.781801480049729602e-01
3.782461862966247090e-01
3.784111358984202922e-01
3.786576686778287959e-01
3.789610718720566318e-01
3.792918119947351618e-01
3.796182926666594182e-01
3.799095931054562447e-01
3.801380506010756388e-01
3.802815934007697796e-01
3.803257301993930306e-01
3.802650668825158231e-01
3.801041734090499502e-01
3.798575972697446623e-01
3.795488500093367468e-01
3.792083026593837669e-01
3.788701090974310737e-01
3.785684909618506344e-01
3.783338935699687711e-01
3.781895895214306136e-01
3.781492309829721510e-01
3.782156543887016942e-01
3.783809905068716839e-01
3.786279100585873136e-01
3.789316987254002234e-01
3.792628212304381408e-01
3.795896793452462892e-01
3.798813505441046012e-01
3.801101706251455159e-01
3.802540667176126377e-01
3.802985468672410163e-01
3.802382168418979580e-01
3.800776470367705495e-01
3.798313859072980359e-01
3.795229464117996221e-01
3.791827013113450717e-01
3.788448063525612919e-01
3.785434849831582627e-01
3.783091840755802848e-01
3.781651773698112007e-01
3.781251176544598858e-01
3.781918414315530996e-01
3.783574790141112087e-01
3.786047002292293739e-01
3.789087895452314392e-01
3.792402102888443038e-01
3.795673627893950686e-01
3.798593231615294830e-01
3.800884260399084447e-01
3.802325976818402564e-01
3.802773456268104257e-01
3.802172755509016788e-01
3.800569581895718030e-01
3.798109427506470848e-01
3.795027432949389379e-01
3.791627339324080137e-01
3.788250718674328610e-01
3.785239819588729904e-01
3.782899122920603818e-01
3.781461374963727140e-01
3.781063108454448818e-01
3.781732688942897602e-01
3.783391416008980990e-01
3.785865980951179099e-01
3.788909218990558769e-01
3.792225752503658454e-01
3.795499573535601745e-01
3.798421432628740213e-01
3.800714667055549723e-01
3.802158532588703066e-01
3.802608100674745861e-01
3.802009427358642446e-01
3.800408222648896661e-01
3.797949984491850173e-01
3.794869862094288893e-01
3.791471607076227213e-01
3.788096802850901557e-01
3.785087709012909252e-01
3.782748815875277559e-01
3.781312876668450618e-01
3.780916427911690247e-01
