3.794396882229064683e-01
3.794980299774414756e-01
3.795760876819715413e-01
3.796659979158093501e-01
3.797589211273161847e-01
3.798458715363342009e-01
3.799185068829897816e-01
3.799698343667196609e-01
3.799948039317896931e-01
3.799907639305012408e-01
3.799577492662102318e-01
3.798985645785927789e-01
3.798186233560922886e-01
3.797255161284141534e-01
3.796283113498953865e-01
3.795366383955341427e-01
3.794596522005814765e-01
3.794050169471203104e-01
3.793780563549283280e-01
3.793811936391875417e-01
3.794137508188594743e-01
3.794721112015082554e-01
3.795501902742173250e-01
3.796401236188916561e-01
3.797330705849315535e-01
3.798200442947853306e-01
3.798927014880371100e-01
3.799440485428455805e-01
3.799690348280023167e-01
3.799650084143844087e-01
3.799320042450761159e-01
3.798728273229727836e-01
3.797928917971247764e-01
3.796997890985543966e-01
3.796025887378041141e-01
3.795109211925832282e-01
3.794339424284713380e-01
3.793793174719668482e-01
3.793523706096361692e-01
3.793555252890414842e-01
3.793881034119466755e-01
3.794464878447202372e-01
3.795245933682461215e-01
3.796145546745324229e-01
3.797075301311843010e-01
3.797945318791589031e-01
3.798672157621935108e-01
3.799185874222235082e-01
3.799435957113120876e-01
3.799395884466906792e-01
3.799066006055737965e-01
3.798474375152727234e-01
3.797675139165163083e-01
3.796744220487527910e-01
3.795772323708989648e-01
3.794855763517954172e-01
3.794086108840997174e-01
3.793540017551723098e-01
3.793270737635136003e-01
3.793302505682744075e-01
3.793628539684094081e-01
3.794212664356879650e-01
3.794994021173453969e-01
3.795893949056093897e-01
3.796824022846783109e-01
3.797694355114720199e-01
3.798421496220187876e-01
3.798935495937004192e-01
3.799185838114097491e-01
3.799145998621972775e-01
3.798816327527008707e-01
3.798224881018692489e-01
3.797425811838285870e-01
3.796495049678281775e-01
3.795523307698109861e-01
3.794606909551279661e-01
3.793837432558500589e-01
3.793291541491292662e-01
3.793022488985847707e-01
3.793054513569684150e-01
3.793380832322608698e-01
3.793965266408105830e-01
3.794746951574494154e-01
3.795647219508559433e-01
3.796577637051587462e-01
3.797448308758767932e-01
3.798175777661324526e-01
3.798690087496476853e-01
3.798940717862964722e-01
3.798901142529501618e-01
3.798571711817247953e-01
3.797980484553651892e-01
3.797181618318098417e-01
3.796251049431563218e-01
3.795279498845175459e-01
3.794363298370346249e-01
3.793594032973297003e-01
3.793048373715724453e-01
3.792779577483528786e-01
3.792811884584478266e-01
