3.790039858115210047e-01
3.790885837592962715e-01
3.792160469103063591e-01
3.793736835478349612e-01
3.795460520822852013e-01
3.797164384316380481e-01
3.798683953675071612e-01
3.799872295423313284e-01
3.800613360872830415e-01
3.800832885016197649e-01
3.800505947722522815e-01
3.799660358555514428e-01
3.798375187857062074e-01
3.796774114127823840e-01
3.795013814066233171e-01
3.793268325720556833e-01
3.791711020481660088e-01
3.790496332812975377e-01
3.789743548324549516e-01
3.789524668328944634e-01
3.789857713306447051e-01
3.790705972664900059e-01
3.791982871676117250e-01
3.793561488559089034e-01
3.795287401983580833e-01
3.796993465440763882e-01
3.798515201258412799e-01
3.799705671376228389e-01
3.800448823745462557e-01
3.800670391534069492e-01
3.800345454502629949e-01
3.799501823853031479e-01
3.798218573181577629e-01
3.796619385568941740e-01
3.794860943187529090e-01
3.793117289920161506e-01
3.791561802776199364e-01
3.790348921071004518e-01
3.789597934044037220e-01
3.789380845107933049e-01
3.789715675186184907e-01
3.790565712527857456e-01
3.791844379858868019e-01
3.793424751801308670e-01
3.795152402788300461e-01
3.796860181875935103e-01
3.798383607190897182e-01
3.799575737098452866e-01
3.800320516929903691e-01
3.800543678430747807e-01
3.800220301277240087e-01
3.799378197948911629e-01
3.798096444579903141e-01
3.796498727822453234e-01
3.794741734117595411e-01
3.792999511897938714e-01
3.791445442554176593e-01
3.790233969185266005e-01
3.789484383861051464e-01
3.789268691631922370e-01
3.789604913767285477e-01
3.790456337612793103e-01
3.791736383909374286e-01
3.793318124474529540e-01
3.795047130437958494e-01
3.796756247397516937e-01
3.798280990204158103e-01
3.799474414435952685e-01
3.800220463381338010e-01
3.800444867676707750e-01
3.800122706932620997e-01
3.799281794624976838e-01
3.798001208866948475e-01
3.796404639095888323e-01
3.794648775081473913e-01
3.792907668804239019e-01
3.791354705071444675e-01
3.790144329932496614e-01
3.789395837664384370e-01
3.789181234594708458e-01
3.789518542262640954e-01
3.790371047309460395e-01
3.791652168928280608e-01
3.793234976749676468e-01
3.794965039327409251e-01
3.796675199562677960e-01
3.798200969752078549e-01
3.799395403300330210e-01
3.800142441902873980e-01
3.800367815331282539e-01
3.800046603144898727e-01
3.799206619596571244e-01
3.797926944342757127e-01
3.796331268992595986e-01
3.794576285911454017e-01
3.792836049846525226e-01
3.791283948269310033e-01
3.790074429529967093e-01
3.789326789626622505e-01
3.789113035882851754e-01
