3.890241438592712542e-01
3.894812413774280113e-01
3.898999247769400767e-01
3.902395875126138391e-01
3.904674920022847551e-01
3.905617799326663309e-01
3.905134412964148538e-01
3.903271133577140839e-01
3.900206623318339116e-01
3.896235755123178546e-01
3.891742685459861351e-01
3.887164984487380126e-01
3.882951672493231143e-01
3.879518928432713620e-01
3.877207923461692962e-01
3.876249448555048049e-01
3.876739560907537241e-01
3.878629318678626925e-01
3.881729945679799898e-01
3.885732773588464473e-01
3.890241438592750289e-01
3.894812413774265680e-01
3.898999247769376342e-01
3.902395875126417057e-01
3.904674920022885298e-01
3.905617799326464579e-01
3.905134412964139101e-01
3.903271133576948770e-01
3.900206623318350774e-01
3.896235755123360622e-01
3.891742685459937956e-01
3.887164984487269659e-01
3.882951672493087925e-01
3.879518928432481029e-01
3.877207923461529759e-01
3.876249448554927035e-01
3.876739560907483950e-01
3.878629318678558646e-01
3.881729945679806004e-01
3.885732773588724265e-01
3.890241438593077250e-01
3.894812413774456639e-01
3.898999247769603382e-01
3.902395875126208891e-01
3.904674920022785378e-01
3.905617799326597250e-01
3.905134412964132995e-01
3.903271133576962648e-01
3.900206623318105970e-01
3.896235755122929301e-01
3.891742685459641526e-01
3.887164984487177510e-01
3.882951672493009099e-01
3.879518928432525438e-01
3.877207923461444827e-01
3.876249448555039168e-01
3.876739560907600524e-01
3.878629318678823990e-01
3.881729945679875393e-01
3.885732773588566613e-01
3.890241438593050605e-01
3.894812413774501048e-01
3.898999247769711629e-01
3.902395875126542513e-01
3.904674920022775386e-01
3.905617799326683848e-01
3.905134412964264556e-01
3.903271133576892704e-01
3.900206623318264731e-01
3.896235755123078626e-01
3.891742685459709805e-01
3.887164984487050945e-01
3.882951672493111239e-01
3.879518928432338365e-01
3.877207923461180594e-01
3.876249448554753285e-01
3.876739560907586091e-01
3.878629318678563087e-01
3.881729945679709415e-01
3.885732773588397304e-01
3.890241438592813017e-01
3.894812413774521032e-01
3.898999247769820431e-01
3.902395875126466462e-01
3.904674920022844220e-01
3.905617799326657202e-01
3.905134412964216262e-01
3.903271133576947660e-01
3.900206623318364096e-01
3.896235755123058087e-01
3.891742685459854134e-01
3.887164984487467834e-01
3.882951672493268891e-01
3.879518928432562630e-01
3.877207923461539751e-01
3.876249448555119104e-01
3.876739560907870308e-01
3.878629318678851745e-01
3.881729945679887606e-01
3.885732773588581601e-01
