3.728428118019661563e-01
3.763960769876212309e-01
3.801613420564729506e-01
3.837740798333555414e-01
3.869014450859021848e-01
3.892668074680871171e-01
3.906660168234500907e-01
3.909775707620732343e-01
3.901689299602618677e-01
3.883002327848308899e-01
3.855250327312020331e-01
3.820859625921001479e-01
3.783020993141640864e-01
3.745450208231095868e-01
3.712026457461537476e-01
3.686337470417448969e-01
3.671202886866162807e-01
3.668274392791446292e-01
3.677805404589746252e-01
3.698642150930691042e-01
3.728428118019508353e-01
3.763960769876055767e-01
3.801613420564533552e-01
3.837740798333350578e-01
3.869014450858662135e-01
3.892668074680546431e-01
3.906660168234285524e-01
3.909775707620525287e-01
3.901689299602479899e-01
3.883002327848454893e-01
3.855250327312096936e-01
3.820859625921156355e-01
3.783020993141780197e-01
3.745450208231138611e-01
3.712026457461536921e-01
3.686337470417383466e-01
3.671202886866135606e-01
3.668274392791500138e-01
3.677805404589787885e-01
3.698642150930705474e-01
3.728428118019482818e-01
3.763960769876207313e-01
3.801613420564676216e-01
3.837740798333578174e-01
3.869014450858943577e-01
3.892668074680744605e-01
3.906660168234482589e-01
3.909775707620709584e-01
3.901689299602764116e-01
3.883002327848516511e-01
3.855250327312146896e-01
3.820859625921239067e-01
3.783020993141850141e-01
3.745450208231241307e-01
3.712026457461719553e-01
3.686337470417646034e-01
3.671202886866194448e-01
3.668274392791526783e-01
3.677805404589929439e-01
3.698642150930779859e-01
3.728428118019612159e-01
3.763960769876172896e-01
3.801613420564634027e-01
3.837740798333429959e-01
3.869014450858835330e-01
3.892668074680698531e-01
3.906660168234337149e-01
3.909775707620394836e-01
3.901689299602351668e-01
3.883002327848301682e-01
3.855250327312074177e-01
3.820859625921136371e-01
3.783020993141826271e-01
3.745450208231258515e-01
3.712026457461525264e-01
3.686337470417276330e-01
3.671202886866045123e-01
3.668274392791283089e-01
3.677805404589626348e-01
3.698642150930570582e-01
3.728428118019256887e-01
3.763960769875917545e-01
3.801613420564398660e-01
3.837740798333316716e-01
3.869014450858700438e-01
3.892668074680518120e-01
3.906660168234144526e-01
3.909775707620366525e-01
3.901689299602466021e-01
3.883002327848482649e-01
3.855250327312310099e-01
3.820859625921340097e-01
3.783020993141939514e-01
3.745450208231344003e-01
3.712026457461888307e-01
3.686337470417724860e-01
3.671202886866294923e-01
3.668274392791505134e-01
3.677805404589858940e-01
3.698642150930980810e-01
