3.795666088904043334e-01
3.795868230455760051e-01
3.796139860247688680e-01
3.796454020784238992e-01
3.796779814255180630e-01
3.797085386798714768e-01
3.797340937497650226e-01
3.797521498963466469e-01
3.797609268623484136e-01
3.797595304816744344e-01
3.797480439439349098e-01
3.797275304261696349e-01
3.796999428075721328e-01
3.796679440715751142e-01
3.796346515078352080e-01
3.796033277998451250e-01
3.795770506202072458e-01
3.795583973158464519e-01
3.795491810035516167e-01
3.795502684218617362e-01
3.795614991527637705e-01
3.795817124923581143e-01
3.796088749852363220e-01
3.796402907934112170e-01
3.796728700369592646e-01
3.797034272297892254e-01
3.797289821884947680e-01
3.797470380990043970e-01
3.797558146519118827e-01
3.797544176565605389e-01
3.797429303075903206e-01
3.797224158159812069e-01
3.796948271203873793e-01
3.796628272833215134e-01
3.796295336852142932e-01
3.795982091028093919e-01
3.795719312948911406e-01
3.795532776786760265e-01
3.795440614182604699e-01
3.795451492719392750e-01
3.795563808123154081e-01
3.795765952984311298e-01
3.796037592143546302e-01
3.796351766444725495e-01
3.796677576218975836e-01
3.796983165725759113e-01
3.797238732323022226e-01
3.797419307206585937e-01
3.797507086822196620e-01
3.797493129046432547e-01
3.797378265870302028e-01
3.797173129704125571e-01
3.796897250461159223e-01
3.796577259467558974e-01
3.796244331332962463e-01
3.795931094652940097e-01
3.795668327781644424e-01
3.795481805517390561e-01
3.795389659924024439e-01
3.795400558763267207e-01
3.795512897681375675e-01
3.795715068943105730e-01
3.795986736854609078e-01
3.796300941572683385e-01
3.796626782657556709e-01
3.796932403588138549e-01
3.797188001004642710e-01
3.797368605513040118e-01
3.797456413149529753e-01
3.797442481597374520e-01
3.797327642887011745e-01
3.797122529696203008e-01
3.796846672407584999e-01
3.796526702972566336e-01
3.796193796719719016e-01
3.795880582984582086e-01
3.795617840806823629e-01
3.795431345545809965e-01
3.795339229645431356e-01
3.795350161029685809e-01
3.795462535276207805e-01
3.795664744361162413e-01
3.795936452115050708e-01
3.796250698082022090e-01
3.796576581134054051e-01
3.796882244052413591e-01
3.797137882835255884e-01
3.797318527560392676e-01
3.797406373896883292e-01
3.797392479354320116e-01
3.797277675997958735e-01
3.797072596744963113e-01
3.796796772398733366e-01
3.796476835471789824e-01
3.796143961938429623e-01
3.795830781799440223e-01
3.795568074711465067e-01
3.795381616539552638e-01
3.795289540071042911e-01
3.795300513377904417e-01
