3.794429976149226724e-01
3.794648447554742066e-01
3.794968123814386751e-01
3.795357669016515834e-01
3.795778963630134784e-01
3.796190828851105370e-01
3.796553031989929883e-01
3.796830190541613526e-01
3.796995205789280292e-01
3.797031901207550963e-01
3.796936612824034496e-01
3.796718573268215713e-01
3.796399042259342993e-01
3.796009255582499797e-01
3.795587381822411177e-01
3.795174779233806972e-01
3.794811921764363327e-01
3.794534402788291017e-01
3.794369420915050806e-01
3.794333103389078699e-01
3.794428934511609453e-01
3.794647440180742293e-01
3.794967149599061673e-01
3.795356726884445142e-01
3.795778052533595459e-01
3.796189947769012529e-01
3.796552179927524251e-01
3.796829366531019878e-01
3.796994408890221329e-01
3.797031130508563002e-01
3.796935867443583801e-01
3.796717852355701583e-01
3.796398344995711716e-01
3.796008581180422281e-01
3.795586729525946557e-01
3.795174148317456697e-01
3.794811311531652298e-01
3.794533812569842457e-01
3.794368850066474064e-01
3.794332551288630562e-01
3.794428400557983139e-01
3.794646923791021864e-01
3.794966650206821335e-01
3.795356243938411978e-01
3.795777585496672435e-01
3.796189496117752804e-01
3.796551743152071223e-01
3.796828944135183792e-01
3.796994000392034940e-01
3.797030735440773408e-01
3.796935485354331341e-01
3.796717482808903976e-01
3.796397987571545896e-01
3.796008235475311077e-01
3.795586395152387715e-01
3.795173824903577686e-01
3.794810998720363204e-01
3.794533510018043287e-01
3.794368557443809076e-01
3.794332268276433551e-01
3.794428126848016780e-01
3.794646659084462970e-01
3.794966394213319938e-01
3.795355996375393559e-01
3.795777346088848314e-01
3.796189264596818158e-01
3.796551519256624041e-01
3.796828727610868093e-01
3.796993790991768369e-01
3.797030532925065871e-01
3.796935289491533694e-01
3.796717293375540536e-01
3.796397804352362737e-01
3.796008058263452556e-01
3.795586223749228272e-01
3.795173659118412091e-01
3.794810838370216155e-01
3.794533354926977742e-01
3.794368407442555435e-01
3.794332123201608620e-01
3.794427986541642484e-01
3.794646523393341853e-01
3.794966262988591632e-01
3.795355869472201160e-01
3.795777223366053055e-01
3.796189145916874508e-01
3.796551404485567494e-01
3.796828616618299068e-01
3.796993683651085916e-01
3.797030429113466554e-01
3.796935189090282492e-01
3.796717196270035788e-01
3.796397710432322659e-01
3.796007967422811435e-01
3.795586135886150903e-01
3.795173574135231598e-01
3.794810756173073174e-01
3.794533275425708840e-01
3.794368330550376700e-01
3.794332048834763715e-01
