3.789721998169536255e-01
3.790631625152148798e-01
3.791987010517216539e-01
3.793652611367867022e-01
3.795465157695563918e-01
3.797249159213459402e-01
3.798832814343704456e-01
3.800063240029085132e-01
3.800820114296070695e-01
3.801026882040537402e-01
3.800658646192458523e-01
3.799745840156827370e-01
3.798372873853128606e-01
3.796671272960356336e-01
3.794807432563075400e-01
3.792965918285677862e-01
3.791330091416761916e-01
3.790062462748074457e-01
3.789287371661869686e-01
3.789078246251843529e-01
3.789450907362405530e-01
3.790363362202436304e-01
3.791721570996721136e-01
3.793389983308770863e-01
3.795205320322893039e-01
3.796992082558151571e-01
3.798578459714158639e-01
3.799811561262443904e-01
3.800571059667168794e-01
3.800780396669662387e-01
3.800414674757651712e-01
3.799504329682806270e-01
3.798133776322408228e-01
3.796434547484147659e-01
3.794573046871007049e-01
3.792733849352976638e-01
3.791100325143232919e-01
3.789834992722048157e-01
3.789062197162567092e-01
3.788855369739582701e-01
3.789230331759281811e-01
3.790145088269362694e-01
3.791505595071686940e-01
3.793176295601961567e-01
3.794993903885386932e-01
3.796782912966691903e-01
3.798371505454101738e-01
3.799606784744838373e-01
3.800368418780946667e-01
3.800579846739503553e-01
3.800216170749767253e-01
3.799307828473071913e-01
3.797939238820133845e-01
3.796241940397824255e-01
3.794382343920131850e-01
3.792545031778397080e-01
3.790913381446152641e-01
3.789649917658866607e-01
3.788878990120102541e-01
3.788674032693686855e-01
3.789050867062945249e-01
3.789967496519109358e-01
3.791329873267640926e-01
3.793002435760942093e-01
3.794821892201826752e-01
3.796612729555987609e-01
3.798203124663935282e-01
3.799440175982404244e-01
3.800203547775388158e-01
3.800416677134544896e-01
3.800054665897901751e-01
3.799147953280664902e-01
3.797780961475038519e-01
3.796085233805820969e-01
3.794227186690801168e-01
3.792391408640321537e-01
3.790761283034705942e-01
3.789499339698518821e-01
3.788729932102729570e-01
3.788526496217909934e-01
3.788904854034704783e-01
3.789823007415915046e-01
3.791186905641742988e-01
3.792860983111014384e-01
3.794681943290191262e-01
3.796474268199872548e-01
3.798066129988611483e-01
3.799304623094127975e-01
3.800069408788392389e-01
3.800283922466617392e-01
3.799923265730064115e-01
3.799017879058189662e-01
3.797652187312991479e-01
3.795957737657635334e-01
3.794100951150375378e-01
3.792266421279809618e-01
3.790637536231901694e-01
3.789376829971658478e-01
3.788608659035237469e-01
3.788406461107292622e-01
