3.793532144836903042e-01
3.794156737160494508e-01
3.795019548362659201e-01
3.796033785002067007e-01
3.797099502131552340e-01
3.798113050769140742e-01
3.798976396778750986e-01
3.799605709623734007e-01
3.799938750549938238e-01
3.799940637222826156e-01
3.799607545840005818e-01
3.798967890899244693e-01
3.798080574285488953e-01
3.797030086561070661e-01
3.795918599793512427e-01
3.794855671244831141e-01
3.793946668940999523e-01
3.793281381855516110e-01
3.792924355958952609e-01
3.792908249148901345e-01
3.793230979815052084e-01
3.793856802773459269e-01
3.794720859086009312e-01
3.795736348828669948e-01
3.796803319767978468e-01
3.797818115520467663e-01
3.798682695089912187e-01
3.799313222204654950e-01
3.799647453982193390e-01
3.799650505920335597e-01
3.799318554211627563e-01
3.798680015535876864e-01
3.797793795973709585e-01
3.796744391918178141e-01
3.795633982335591683e-01
3.794572131747283028e-01
3.793664215029007303e-01
3.793000026859620344e-01
3.792644117170094753e-01
3.792629145686005621e-01
3.792953030360735611e-01
3.793580023432936987e-01
3.794445261586539275e-01
3.795461939215256097e-01
3.796530097682118132e-01
3.797546074085705881e-01
3.798411821377944975e-01
3.799043498219545345e-01
3.799378858073456100e-01
3.799383014513295631e-01
3.799052143720948460e-01
3.798414664305246879e-01
3.797529486065930882e-01
3.796481110572907935e-01
3.795371722926448865e-01
3.794310894111863619e-01
3.793404005114583977e-01
3.792740855714127335e-01
3.792385999396289398e-01
3.792372097547448972e-01
3.792697067766364061e-01
3.793325160027578580e-01
3.794191507141408404e-01
3.795209298458251390e-01
3.796278569646455714e-01
3.797295651999418875e-01
3.798162493072043122e-01
3.798795247000161246e-01
3.799131663979271045e-01
3.799136855859136519e-01
3.798806998808038626e-01
3.798170513157807515e-01
3.797286312036623479e-01
3.796238901652986830e-01
3.795130472609081207e-01
3.794070601694354838e-01
3.793164675387006302e-01
3.792502498059826532e-01
3.792148626409096446e-01
3.792135723334034703e-01
3.792461706137121857e-01
3.793090822780079141e-01
3.793958202611146802e-01
3.794977030462937662e-01
3.796047336895177482e-01
3.797065447987785780e-01
3.797933306444180590e-01
3.798567062329110677e-01
3.798904462895474898e-01
3.798910618438321452e-01
3.798581705111008788e-01
3.797946144795972812e-01
3.797062853621022138e-01
3.796016341978631359e-01
3.794908805437361421e-01
3.793849826029891958e-01
3.792944795200746677e-01
3.792283521480731001e-01
3.791930564478314114e-01
3.791918588473335294e-01
