3.777939812216634108e-01
3.780457519282274803e-01
3.784191809806570772e-01
3.788770440486646796e-01
3.793748292997733418e-01
3.798649517307736145e-01
3.803009639990478918e-01
3.806415182224451854e-01
3.808539022073888503e-01
3.809169887872393967e-01
3.808234056928240796e-01
3.805806847501568280e-01
3.802111272423775445e-01
3.797501732864643764e-01
3.792432165907700936e-01
3.787410542705972327e-01
3.782944492224448174e-01
3.779485189186737037e-01
3.777377584787248166e-01
3.776824106866841779e-01
3.777866348589689061e-01
3.780385849165368572e-01
3.784121908001684687e-01
3.788702276767430543e-01
3.793681831457152431e-01
3.798584716354486135e-01
3.802946452922719711e-01
3.806353558280995419e-01
3.808478907849935924e-01
3.809111228979070729e-01
3.808176799766302967e-01
3.805750941008877453e-01
3.802056669644982567e-01
3.797448392190394539e-01
3.792380051845768985e-01
3.787359626088450115e-01
3.782894749819349922e-01
3.779436602762343833e-01
3.777330139754303540e-01
3.776777790679494151e-01
3.777821149107534748e-01
3.780341753164336294e-01
3.784078899978347565e-01
3.788660338124626437e-01
3.793640940102577797e-01
3.798544846698553301e-01
3.802907576231484565e-01
3.806315643322917830e-01
3.808441921767027338e-01
3.809075138307865815e-01
3.808141571529182756e-01
3.805716543789131601e-01
3.802023074552730031e-01
3.797415573624862706e-01
3.792347987969910128e-01
3.787328298956349482e-01
3.782864145137204703e-01
3.779406709312849166e-01
3.777300948561211347e-01
3.776749294023815651e-01
3.777793339519705529e-01
3.780314622508094691e-01
3.784052438714974875e-01
3.788634534811977650e-01
3.793615781148063637e-01
3.798520316357835713e-01
3.802883656825623016e-01
3.806292315636323198e-01
3.808419165583333266e-01
3.809052933038219457e-01
3.808119896883648825e-01
3.805695380438182673e-01
3.802002404721466777e-01
3.797395381562112537e-01
3.792328260240115378e-01
3.787309024518054068e-01
3.782845315195925151e-01
3.779388316966956762e-01
3.777282988287977705e-01
3.776731761074015870e-01
3.777776229297620247e-01
3.780297930007757712e-01
3.784036158067593525e-01
3.788618658977586096e-01
3.793600301763661586e-01
3.798505223736513003e-01
3.802868940090176064e-01
3.806277962964079165e-01
3.808405164535952347e-01
3.809039270948114120e-01
3.808106561267170509e-01
3.805682359402554060e-01
3.801989687330473711e-01
3.797382958124609353e-01
3.792316122489711172e-01
3.787297165661291376e-01
3.782833729821916124e-01
3.779377000829425293e-01
3.777271937988931905e-01
3.776720973691460870e-01
