3.912164757983332963e-01
3.955248526996905656e-01
3.991092228879788983e-01
4.016728303818140611e-01
4.030183123743390494e-01
4.030483177768205416e-01
4.017635434109327330e-01
3.992615302060764093e-01
3.957365820443373705e-01
3.914781918961528495e-01
3.868629384035389140e-01
3.823337670035966696e-01
3.783619992325346626e-01
3.753921274027512411e-01
3.737768316428406457e-01
3.737168447856428211e-01
3.752229824313679796e-01
3.781128656833618318e-01
3.820438013990147819e-01
3.865713617893024034e-01
3.912164757983486174e-01
3.955248526996951730e-01
3.991092228879884463e-01
4.016728303818149493e-01
4.030183123743202311e-01
4.030483177767901215e-01
4.017635434109255166e-01
3.992615302060967819e-01
3.957365820443743409e-01
3.914781918961416918e-01
3.868629384035384700e-01
3.823337670035825697e-01
3.783619992325337189e-01
3.753921274027521293e-01
3.737768316427949045e-01
3.737168447856399345e-01
3.752229824313734197e-01
3.781128656833389612e-01
3.820438013989995163e-01
3.865713617893098419e-01
3.912164757983524477e-01
3.955248526997059977e-01
3.991092228880002701e-01
4.016728303818008494e-01
4.030183123743205642e-01
4.030483177768059422e-01
4.017635434109698145e-01
3.992615302060985027e-01
3.957365820443535798e-01
3.914781918961443008e-01
3.868629384035299767e-01
3.823337670036180969e-01
3.783619992325428782e-01
3.753921274027565702e-01
3.737768316428189963e-01
3.737168447856292208e-01
3.752229824313739193e-01
3.781128656833389612e-01
3.820438013989893022e-01
3.865713617892817533e-01
3.912164757983241370e-01
3.955248526997005021e-01
3.991092228879700166e-01
4.016728303817562740e-01
4.030183123743086293e-01
4.030483177768046654e-01
4.017635434109237402e-01
3.992615302060952831e-01
3.957365820443844440e-01
3.914781918961539597e-01
3.868629384035379704e-01
3.823337670035999447e-01
3.783619992325579218e-01
3.753921274027706145e-01
3.737768316428270454e-01
3.737168447856303310e-01
3.752229824313881856e-01
3.781128656833515067e-01
3.820438013989942427e-01
3.865713617892932441e-01
3.912164757983349062e-01
3.955248526996810732e-01
3.991092228879906112e-01
4.016728303817843071e-01
4.030183123743466544e-01
4.030483177767916203e-01
4.017635434109107506e-01
3.992615302061215399e-01
3.957365820443738413e-01
3.914781918961426355e-01
3.868629384035283669e-01
3.823337670036043856e-01
3.783619992325402692e-01
3.753921274027500199e-01
3.737768316428508042e-01
3.737168447856659137e-01
3.752229824314052276e-01
3.781128656833686597e-01
3.820438013990213877e-01
3.865713617892997944e-01
