3.890857176494829650e-01
3.890911650430793900e-01
3.890984017509156456e-01
3.891067152683330699e-01
3.891152883282878450e-01
3.891232787751343070e-01
3.891299016836448077e-01
3.891345058058436890e-01
3.891366370100743932e-01
3.891360826204652290e-01
3.891328923601098944e-01
3.891273738003684923e-01
3.891200626410810104e-01
3.891116705829356093e-01
3.891030157758518793e-01
3.890949426074875594e-01
3.890882387312105117e-01
3.890835575767304655e-01
3.890813540771858037e-01
3.890818400230022234e-01
3.890849634563403603e-01
3.890904140747532547e-01
3.890976539934714040e-01
3.891059707068769691e-01
3.891145469468214602e-01
3.891225405565388318e-01
3.891291666097879132e-01
3.891337738577971828e-01
3.891359081684221954e-01
3.891353568656711892e-01
3.891321696729042046e-01
3.891266541621202779e-01
3.891193460341186294e-01
3.891109569907854615e-01
3.891023051833680801e-01
3.890942350008689821e-01
3.890875340978929287e-01
3.890828559051777713e-01
3.890806553565921422e-01
3.890811442429392142e-01
3.890842706063842305e-01
3.890897241441267917e-01
3.890969669707364798e-01
3.891052865797055560e-01
3.891138657018687885e-01
3.891218621794250709e-01
3.891284910851917633e-01
3.891331011696513298e-01
3.891352383001845383e-01
3.891346898006546318e-01
3.891315053946245439e-01
3.891259926546300485e-01
3.891186872822971488e-01
3.891103009805532698e-01
3.891016519018081210e-01
3.890935844362422569e-01
3.890868862395489014e-01
3.890822107433647425e-01
3.890800128821946813e-01
3.890805044471613017e-01
3.890836334804130270e-01
3.890890896788118947e-01
3.890963351563133110e-01
3.891046574055872509e-01
3.891132391565307880e-01
3.891212382503879685e-01
3.891278697591062929e-01
3.891324824324702836e-01
3.891346221374146763e-01
3.891340761976479490e-01
3.891308943368951279e-01
3.891253841281597792e-01
3.891180812737954908e-01
3.891096974776563355e-01
3.891010508931885825e-01
3.890929859116262768e-01
3.890862901896340875e-01
3.890816171596530593e-01
3.890794217567510871e-01
3.890799157723300317e-01
3.890830472485123370e-01
3.890885058818429609e-01
3.890957537857065995e-01
3.891040784520164997e-01
3.891126626098041497e-01
3.891206640994349097e-01
3.891272979920514241e-01
3.891319130367928425e-01
3.891340551001723491e-01
3.891335115057485972e-01
3.891303319773831149e-01
3.891248240884923604e-01
3.891175235420857303e-01
3.891091420428482439e-01
3.891004977451647528e-01
3.890924350412204857e-01
3.890857415885584092e-01
3.890810708203470969e-01
3.890788776721617603e-01
3.890793739356525616e-01
