3.646018054149607890e-01
3.680624479901621338e-01
3.723127327631524097e-01
3.769243358790987930e-01
3.814697654309505692e-01
3.855540439678436515e-01
3.888352487434402205e-01
3.910380231249667715e-01
3.919647197109576986e-01
3.915078234298904891e-01
3.896650668657491989e-01
3.865553642419025659e-01
3.824298135250724373e-01
3.776688668820208372e-01
3.727566186111955782e-01
3.682281132383825595e-01
3.645953674745062711e-01
3.622683152740071577e-01
3.614918451212434936e-01
3.623156494583305021e-01
3.646018050809229916e-01
3.680624476856092508e-01
3.723127324861302823e-01
3.769243356275405188e-01
3.814697652027051467e-01
3.855540437607591353e-01
3.888352485553895344e-01
3.910380229539354713e-01
3.919647195550624574e-01
3.915078232873883124e-01
3.896650667351023722e-01
3.865553641217595593e-01
3.824298134142797290e-01
3.776688667796316845e-01
3.727566185164529200e-01
3.682281131507090244e-01
3.645953673934591577e-01
3.622683151992300288e-01
3.614918450524448601e-01
3.623156493952297552e-01
3.646018050232189833e-01
3.680624476330002781e-01
3.723127324382853320e-01
3.769243355840928844e-01
3.814697651632839026e-01
3.855540437249883046e-01
3.888352485229122912e-01
3.910380229243997086e-01
3.919647195281302232e-01
3.915078232627708377e-01
3.896650667125311496e-01
3.865553641009953911e-01
3.824298133951286593e-01
3.776688667619312323e-01
3.727566185000857901e-01
3.682281131355612525e-01
3.645953673794560257e-01
3.622683151863141937e-01
3.614918450405645856e-01
3.623156493843313619e-01
3.646018050132595056e-01
3.680624476239168774e-01
3.723127324300182783e-01
3.769243355765827808e-01
3.814697651564668557e-01
3.855540437188013647e-01
3.888352485172937856e-01
3.910380229192815249e-01
3.919647195234635673e-01
3.915078232585088580e-01
3.896650667086209996e-01
3.865553640973997118e-01
3.824298133918195841e-01
3.776688667588704584e-01
3.727566184972521124e-01
3.682281131329416257e-01
3.645953673770376269e-01
3.622683151840817017e-01
3.614918450385084525e-01
3.623156493824481461e-01
3.646018050115329978e-01
3.680624476223421371e-01
3.723127324285874229e-01
3.769243355752838198e-01
3.814697651552936275e-01
3.855540437177368274e-01
3.888352485163225625e-01
3.910380229184006184e-01
3.919647195226583780e-01
3.915078232577781647e-01
3.896650667079479269e-01
3.865553640967732685e-01
3.824298133912364950e-01
3.776688667583363301e-01
3.727566184967616159e-01
3.682281131324808277e-01
3.645953673766111902e-01
3.622683151836895710e-01
3.614918450381409132e-01
3.623156493821079738e-01
