3.886208458583566006e-01
3.887365225753314779e-01
3.888905940383269311e-01
3.890675927798884493e-01
3.892502475883046209e-01
3.894210850659521883e-01
3.895639238015005112e-01
3.896651954033772958e-01
3.897150575388509397e-01
3.897082671157188760e-01
3.896447624656208530e-01
3.895298762011735194e-01
3.893740851357171961e-01
3.891922202683440468e-01
3.890021206312715418e-01
3.888228156993915885e-01
3.886724372792270121e-01
3.885661532856975464e-01
3.885144435301823296e-01
3.885219833931609634e-01
3.885872790877170635e-01
3.887030490172144748e-01
3.888572176993125296e-01
3.890343157997535606e-01
3.892170700707043296e-01
3.893880050989278474e-01
3.895309376486970065e-01
3.896322978400725834e-01
3.896822423039777994e-01
3.896755274487584964e-01
3.896120916929454725e-01
3.894972683293848048e-01
3.893415354011129925e-01
3.891597255854091775e-01
3.889696798836277392e-01
3.887904298279103998e-01
3.886401091451630596e-01
3.885338873184613351e-01
3.884822452027038575e-01
3.884898585940061433e-01
3.885552334714791334e-01
3.886710874111102831e-01
3.888253436272438579e-01
3.890025311616693293e-01
3.891853749916302507e-01
3.893563979434061517e-01
3.894994151844844987e-01
3.896008555289274256e-01
3.896508746947434654e-01
3.896442286458137172e-01
3.895808558692214763e-01
3.894660902468337071e-01
3.893104108939999808e-01
3.891286519561436008e-01
3.889386561611341553e-01
3.887594568483038193e-01
3.886091894346836995e-01
3.885030247865557951e-01
3.884514446825207412e-01
3.884591252907943493e-01
3.885245723905121351e-01
3.886405028338101864e-01
3.887948386897426278e-01
3.889721075695132257e-01
3.891550328837439232e-01
3.893261359020012136e-01
3.894692303770674879e-01
3.895707439631916347e-01
3.896208315647274323e-01
3.896142487457320280e-01
3.895509340478331417e-01
3.894362218695250344e-01
3.892805922729433155e-01
3.890988807037211727e-01
3.889089314219494331e-01
3.887297793736065876e-01
3.885795614809224308e-01
3.884734498445986395e-01
3.884219270702775062e-01
3.884296696628058987e-01
3.884951832281756667e-01
3.886111839774901155e-01
3.887655929613068051e-01
3.889429365156807927e-01
3.891259366522940577e-01
3.892971132482611618e-01
3.894402787886616091e-01
3.895418598861754012e-01
3.895920107120350306e-01
3.895854864670020845e-01
3.895222257364496232e-01
3.894075633774837786e-01
3.892519802979526045e-01
3.890703131081851285e-01
3.888804074434477065e-01
3.887012996940409915e-01
3.885511281375111925e-01
3.884450659881777401e-01
3.883935966000272577e-01
3.884013967853789384e-01
