3.673124290687804772e-01
3.890988228323938314e-01
4.073208986090748884e-01
4.210780509548539552e-01
4.300289949886438312e-01
4.341221215168843961e-01
4.334048786248325680e-01
4.279281983059108341e-01
4.177433082206188919e-01
4.029916282752732393e-01
3.840935575615084807e-01
3.620251600457954910e-01
3.386080750968000763e-01
3.166283771022569971e-01
2.995282390337579148e-01
2.905479694752340913e-01
2.915934762188829854e-01
3.024643354174450516e-01
3.209486158576598802e-01
3.436978093115302668e-01
3.673124290688051241e-01
3.890988228324256948e-01
4.073208986090690042e-01
4.210780509549004735e-01
4.300289949886499929e-01
4.341221215169226433e-01
4.334048786247969298e-01
4.279281983059004535e-01
4.177433082206246096e-01
4.029916282752512569e-01
3.840935575614688458e-01
3.620251600457708996e-01
3.386080750967912500e-01
3.166283771022452287e-01
2.995282390337457024e-01
2.905479694752138298e-01
2.915934762188684970e-01
3.024643354174573751e-01
3.209486158576733694e-01
3.436978093115152233e-01
3.673124290687907467e-01
3.890988228324307463e-01
4.073208986090964268e-01
4.210780509548653350e-01
4.300289949886395569e-01
4.341221215169203673e-01
4.334048786248304586e-01
4.279281983059137207e-01
4.177433082206182258e-01
4.029916282752742940e-01
3.840935575615084252e-01
3.620251600457926044e-01
3.386080750968095132e-01
3.166283771022445626e-01
2.995282390337429823e-01
2.905479694752298725e-01
2.915934762188797658e-01
3.024643354174348375e-01
3.209486158576568271e-01
3.436978093115161670e-01
3.673124290687930782e-01
3.890988228324300802e-01
4.073208986090708361e-01
4.210780509548595618e-01
4.300289949886219598e-01
4.341221215168981629e-01
4.334048786248101970e-01
4.279281983058957350e-01
4.177433082206228887e-01
4.029916282752898371e-01
3.840935575615093134e-01
3.620251600457787822e-01
3.386080750967892516e-01
3.166283771022605498e-01
2.995282390337519196e-01
2.905479694752159947e-01
2.915934762189005824e-01
3.024643354174706422e-01
3.209486158576708159e-01
3.436978093115266586e-01
3.673124290688120630e-01
3.890988228324244735e-01
4.073208986090726680e-01
4.210780509548937567e-01
4.300289949886615393e-01
4.341221215169044911e-01
4.334048786248105301e-01
4.279281983059095573e-01
4.177433082206022386e-01
4.029916282753012724e-01
3.840935575615200825e-01
3.620251600458055941e-01
3.386080750968185060e-01
3.166283771022723181e-01
2.995282390337833389e-01
2.905479694752440833e-01
2.915934762189111851e-01
3.024643354174834098e-01
3.209486158576826398e-01
3.436978093115264365e-01
