3.772725612776461901e-01
3.829300207045901461e-01
3.880704921097790083e-01
3.922447358627288994e-01
3.951197970091592793e-01
3.964840104352076455e-01
3.962437156797509186e-01
3.944191119905989251e-01
3.911432861683982742e-01
3.866643080000700672e-01
3.813461285670799450e-01
3.756606065143635043e-01
3.701616493417149156e-01
3.654349644333154123e-01
3.620243514913154548e-01
3.603463959612778211e-01
3.606149871482871583e-01
3.627990003051139722e-01
3.666276043553317043e-01
3.716414189412309832e-01
3.772725612776580695e-01
3.829300207045746585e-01
3.880704921097867799e-01
3.922447358627236813e-01
3.951197970091427369e-01
3.964840104351632366e-01
3.962437156797680715e-01
3.944191119905955945e-01
3.911432861683892814e-01
3.866643080000627397e-01
3.813461285670551870e-01
3.756606065143360262e-01
3.701616493416937659e-01
3.654349644332776648e-01
3.620243514912908633e-01
3.603463959612345779e-01
3.606149871482520752e-01
3.627990003051389523e-01
3.666276043553253206e-01
3.716414189412347024e-01
3.772725612776512416e-01
3.829300207045602256e-01
3.880704921097424265e-01
3.922447358627136893e-01
3.951197970091393508e-01
3.964840104351771144e-01
3.962437156797641302e-01
3.944191119905769982e-01
3.911432861683922790e-01
3.866643080000629062e-01
3.813461285670459722e-01
3.756606065142943374e-01
3.701616493416571285e-01
3.654349644332721692e-01
3.620243514912965810e-01
3.603463959612334122e-01
3.606149871482560165e-01
3.627990003051470014e-01
3.666276043553469144e-01
3.716414189412122204e-01
3.772725612776252069e-01
3.829300207045647775e-01
3.880704921097814508e-01
3.922447358627558778e-01
3.951197970091627765e-01
3.964840104351990968e-01
3.962437156797563031e-01
3.944191119905713361e-01
3.911432861683926121e-01
3.866643080000609634e-01
3.813461285670421419e-01
3.756606065143327511e-01
3.701616493417242970e-01
3.654349644333036440e-01
3.620243514913102367e-01
3.603463959612609457e-01
3.606149871482852709e-01
3.627990003051883017e-01
3.666276043553804431e-01
3.716414189412520219e-01
3.772725612776322013e-01
3.829300207045720494e-01
3.880704921097831717e-01
3.922447358627499936e-01
3.951197970091273604e-01
3.964840104351433636e-01
3.962437156797563031e-01
3.944191119905808285e-01
3.911432861684058793e-01
3.866643080000808363e-01
3.813461285670603496e-01
3.756606065143577311e-01
3.701616493417350107e-01
3.654349644333102498e-01
3.620243514913273342e-01
3.603463959612900336e-01
3.606149871482901559e-01
3.627990003051654866e-01
3.666276043553515218e-01
3.716414189412264313e-01
