3.831724335420257921e-01
4.020850802632545129e-01
4.178387560486180874e-01
4.296159360769711832e-01
4.370436234771636896e-01
4.399996387860245495e-01
4.384768395119311712e-01
4.325214196588226812e-01
4.222478195970010839e-01
4.079314913100148265e-01
3.901763055569238414e-01
3.701284427772005836e-01
3.496513014685987408e-01
3.313045446740298661e-01
3.179625426258713694e-01
3.120646672635859487e-01
3.147851987441158683e-01
3.255884666958855922e-01
3.424460070341670548e-01
3.625611400933981820e-01
3.831724335420027550e-01
4.020850802632602305e-01
4.178387560486132579e-01
4.296159360769652436e-01
4.370436234771890582e-01
4.399996387860337088e-01
4.384768395119486017e-01
4.325214196588512694e-01
4.222478195970365555e-01
4.079314913100133833e-01
3.901763055569245631e-01
3.701284427772123520e-01
3.496513014685989074e-01
3.313045446740472411e-01
3.179625426259079513e-01
3.120646672635956076e-01
3.147851987441335764e-01
3.255884666959048546e-01
3.424460070341658890e-01
3.625611400934007356e-01
3.831724335420086947e-01
4.020850802632490173e-01
4.178387560486154784e-01
4.296159360769821745e-01
4.370436234771769568e-01
4.399996387860358737e-01
4.384768395119331696e-01
4.325214196588120785e-01
4.222478195969978643e-01
4.079314913100139939e-01
3.901763055569208993e-01
3.701284427771971974e-01
3.496513014685876941e-01
3.313045446740462419e-01
3.179625426259122811e-01
3.120646672636064323e-01
3.147851987441447896e-01
3.255884666959344975e-01
3.424460070341925899e-01
3.625611400934233286e-01
3.831724335420353400e-01
4.020850802632893184e-01
4.178387560486459540e-01
4.296159360770003821e-01
4.370436234771735706e-01
4.399996387860217184e-01
4.384768395119316708e-01
4.325214196588252347e-01
4.222478195970088555e-01
4.079314913099796880e-01
3.901763055569092975e-01
3.701284427771908137e-01
3.496513014685913023e-01
3.313045446740456867e-01
3.179625426259209964e-01
3.120646672635971064e-01
3.147851987441347421e-01
3.255884666958915874e-01
3.424460070341723283e-01
3.625611400934172779e-01
3.831724335420173544e-01
4.020850802632678356e-01
4.178387560486229169e-01
4.296159360769641333e-01
4.370436234771416517e-01
4.399996387860056202e-01
4.384768395119332252e-01
4.325214196588275106e-01
4.222478195970350012e-01
4.079314913100222095e-01
3.901763055569130723e-01
3.701284427771968089e-01
3.496513014685874721e-01
3.313045446740359723e-01
3.179625426258824716e-01
3.120646672635555285e-01
3.147851987441013244e-01
3.255884666959032447e-01
3.424460070341684426e-01
3.625611400933980710e-01
