3.756061260017620196e-01
3.761050973619083360e-01
3.768362295549590457e-01
3.777256144481384026e-01
3.786874941975467701e-01
3.796320592190585708e-01
3.804725816781949765e-01
3.811317885130586780e-01
3.815475736395319561e-01
3.816781241326042684e-01
3.815063177246526549e-01
3.810429143856555734e-01
3.803277425314337545e-01
3.794279481207781246e-01
3.784326080542230741e-01
3.774436796596392640e-01
3.765642299042826213e-01
3.758858079340031133e-01
3.754772689256646867e-01
3.753770766237289336e-01
3.755902000128548135e-01
3.760895661468071083e-01
3.768210910112897993e-01
3.777108641127251420e-01
3.786731250487668787e-01
3.796180617348438591e-01
3.804589441022410701e-01
3.811184972828845496e-01
3.815346139371681988e-01
3.816654805248345106e-01
3.814939748600884029e-01
3.810308577084404180e-01
3.803159589576482480e-01
3.794164266090718218e-01
3.784213399957317425e-01
3.774326590221028233e-01
3.765534530956932691e-01
3.758752733973265703e-01
3.754669765252924285e-01
3.753670269202306620e-01
3.755803935343605682e-01
3.760800027515484034e-01
3.768117694047162236e-01
3.777017815466228723e-01
3.786642771995497592e-01
3.796094427392728843e-01
3.804505467213303294e-01
3.811103131654946519e-01
3.815266339590839273e-01
3.816576951830036313e-01
3.814863747018421014e-01
3.810234337709697550e-01
3.803087031844863963e-01
3.794093322014753800e-01
3.784144016527635213e-01
3.774258730293776343e-01
3.765468172414161985e-01
3.758687867227550328e-01
3.754606389469254402e-01
3.753608387832367277e-01
3.755743551639383893e-01
3.760741140604036969e-01
3.768060295957290640e-01
3.776961889275711193e-01
3.786588291081684488e-01
3.796041355652543525e-01
3.804453760072463719e-01
3.811052737691035253e-01
3.815217202621249970e-01
3.816529013339403642e-01
3.814816948801671992e-01
3.810188624578015881e-01
3.803042354190251384e-01
3.794049637973736511e-01
3.784101293459551374e-01
3.774216945327153461e-01
3.765427311929851473e-01
3.758647925322012306e-01
3.754567365628347364e-01
3.753570284181512173e-01
3.755706370180971754e-01
3.760704880800529448e-01
3.768024952900378421e-01
3.776927452545508213e-01
3.786554744285232643e-01
3.796008676559226025e-01
3.804421921235549009e-01
3.811021707446967666e-01
3.815186946375414001e-01
3.816499495060806657e-01
3.814788132650313579e-01
3.810160476571246013e-01
3.803014843781795107e-01
3.794022739386025966e-01
3.784074986593988221e-01
3.774191216100588053e-01
3.765402151956195875e-01
3.758623330966185394e-01
3.754543336573732404e-01
3.753546821736847283e-01
