3.795664791643804103e-01
3.795689183249437160e-01
3.795723094039230583e-01
3.795763162495643939e-01
3.795805427084548711e-01
3.795845713550564104e-01
3.795880042233352181e-01
3.795905016025919454e-01
3.795918151608547175e-01
3.795918122030114694e-01
3.795904887083632606e-01
3.795879698529621704e-01
3.795844979165211019e-01
3.795804086965590685e-01
3.795760986887486976e-01
3.795719862266830336e-01
3.795684704034243961e-01
3.795658918451947361e-01
3.795644992382659622e-01
3.795644249354396815e-01
3.795656720491509262e-01
3.795681142759097515e-01
3.795715084198504341e-01
3.795755183282986667e-01
3.795797478468246888e-01
3.795837795488541389e-01
3.795872154673790577e-01
3.795897158908618785e-01
3.795910324866880736e-01
3.795910325593443435e-01
3.795897120879825892e-01
3.795871962487571971e-01
3.795837273217030905e-01
3.795796411048327212e-01
3.795753340944145737e-01
3.795712246246681354e-01
3.795677117892357066e-01
3.795651362148025343e-01
3.795637465879294070e-01
3.795636752614930942e-01
3.795649253477716978e-01
3.795673705428951328e-01
3.795707676504168626e-01
3.795747805169357170e-01
3.795790129872035901e-01
3.795830476338088455e-01
3.795864864889574308e-01
3.795889898404420926e-01
3.795903093551488139e-01
3.795903123372685317e-01
3.795889947658822594e-01
3.795864818172915434e-01
3.795830157718709796e-01
3.795789324281209631e-01
3.795746282828919016e-01
3.795705216710106300e-01
3.795670116866833310e-01
3.795644389570594912e-01
3.795630521690087633e-01
3.795629836755275432e-01
3.795642365888102776e-01
3.795666846046999998e-01
3.795700845262905410e-01
3.795741001995844854e-01
3.795783354686570465e-01
3.795823729053998119e-01
3.795858145413675833e-01
3.795883206638003826e-01
3.795896429391805160e-01
3.795896486714780971e-01
3.795883338397501028e-01
3.795858236204646685e-01
3.795823602943379504e-01
3.795782796603414666e-01
3.795739782158787934e-01
3.795698742963522498e-01
3.795663669965100850e-01
3.795637969439511483e-01
3.795624128258551222e-01
3.795623469953623985e-01
3.795636025646258460e-01
3.795660532292677303e-01
3.795694557920040735e-01
3.795734740983351951e-01
3.795777119917633224e-01
3.795817520435887937e-01
3.795851962848094119e-01
3.795877050022001820e-01
3.795890298619087333e-01
3.795890381677321512e-01
3.795877258987312985e-01
3.795852182315502810e-01
3.795817574472334921e-01
3.795776793451994813e-01
3.795733804233732966e-01
3.795692790176994902e-01
3.795657742234353482e-01
3.795632066686052686e-01
3.795618250406943006e-01
3.795617616929931604e-01
