3.679670788557009020e-01
3.741184442809449284e-01
3.809523400913033542e-01
3.878262866457194424e-01
3.941685534641463096e-01
3.994952706413540389e-01
4.034121876672959184e-01
4.056131643073820348e-01
4.058847875826048779e-01
4.041232324183282598e-01
4.003652401002217864e-01
3.948285159899087571e-01
3.879473668528551356e-01
3.803797585269506620e-01
3.729598054796363082e-01
3.665840020372015395e-01
3.620505002583392362e-01
3.599019239111919677e-01
3.603290864895517531e-01
3.631663474474228770e-01
3.679670776402480525e-01
3.741184431721222836e-01
3.809523390819732902e-01
3.878262857279833331e-01
3.941685526297677433e-01
3.994952698820470882e-01
4.034121869750109668e-01
4.056131636744819136e-01
4.058847870020285686e-01
4.041232318836600612e-01
4.003652396058238749e-01
3.948285155309542716e-01
3.879473664254151077e-01
3.803797581280216056e-01
3.729598051070788789e-01
3.665840016896458886e-01
3.620504999349528630e-01
3.599019236114265330e-01
3.603290862128963323e-01
3.631663471932258802e-01
3.679670774076115314e-01
3.741184429598908290e-01
3.809523388887859352e-01
3.878262855523337271e-01
3.941685524700718757e-01
3.994952697367178396e-01
4.034121868425098456e-01
4.056131635533535285e-01
4.058847868909158940e-01
4.041232317813397423e-01
4.003652395112063389e-01
3.948285154431179222e-01
3.879473663436057707e-01
3.803797580516671273e-01
3.729598050357694206e-01
3.665840016231219356e-01
3.620504998730518231e-01
3.599019235540489303e-01
3.603290861599414696e-01
3.631663471445732427e-01
3.679670773630792646e-01
3.741184429192689898e-01
3.809523388518082920e-01
3.878262855187086799e-01
3.941685524394982765e-01
3.994952697088932636e-01
4.034121868171348102e-01
4.056131635301530314e-01
4.058847868696305872e-01
4.041232317617333147e-01
4.003652394930786174e-01
3.948285154262893837e-01
3.879473663279394691e-01
3.803797580370411047e-01
3.729598050221146210e-01
3.665840016103828480e-01
3.620504998611958625e-01
3.599019235430609975e-01
3.603290861498043562e-01
3.631663471352608585e-01
3.679670773545616891e-01
3.741184429115012589e-01
3.809523388447424996e-01
3.878262855122897035e-01
3.941685524336623336e-01
3.994952697035778488e-01
4.034121868122888532e-01
4.056131635257222978e-01
4.058847868655622859e-01
4.041232317579869227e-01
4.003652394896144440e-01
3.948285154230716798e-01
3.879473663249347615e-01
3.803797580342381246e-01
3.729598050194976588e-01
3.665840016079439656e-01
3.620504998589282319e-01
3.599019235409592343e-01
3.603290861478691820e-01
3.631663471334816151e-01
