1.005000000000000560e+00;8.702598038132358660e-02
1.010000000000000453e+00;9.036498018624104789e-02
1.015000000000000346e+00;9.358106313866126902e-02
1.020000000000000240e+00;9.635941663143970937e-02
1.025000000000000133e+00;9.842807606676272358e-02
1.030000000000000027e+00;9.958454664590907224e-02
1.034999999999999920e+00;9.971562497098522548e-02
1.039999999999999813e+00;9.880848018225309171e-02
1.044999999999999707e+00;9.695190993209863717e-02
1.049999999999999600e+00;9.432764825207699821e-02
1.054999999999999494e+00;9.119257615973767883e-02
1.059999999999999387e+00;8.785357635481690075e-02
1.064999999999999281e+00;8.463749340239637431e-02
1.069999999999999174e+00;8.185913990962691289e-02
1.074999999999999067e+00;7.979048047430266355e-02
1.079999999999998961e+00;7.863400989516382278e-02
1.084999999999998854e+00;7.850293157008515765e-02
1.089999999999998748e+00;7.941007635881314197e-02
1.094999999999998641e+00;8.126664660897046921e-02
1.099999999999998535e+00;8.389090828898528029e-02
1.104999999999998428e+00;8.702598038131728608e-02
1.109999999999998321e+00;9.036498018623595474e-02
1.114999999999998215e+00;9.358106313866143555e-02
1.119999999999998108e+00;9.635941663143816893e-02
1.124999999999998002e+00;9.842807606676159948e-02
1.129999999999997895e+00;9.958454664590804528e-02
1.134999999999997788e+00;9.971562497098618305e-02
1.139999999999997682e+00;9.880848018225309171e-02
1.144999999999997575e+00;9.695190993209940045e-02
1.149999999999997469e+00;9.432764825208427018e-02
1.154999999999997362e+00;9.119257615974495079e-02
1.159999999999997256e+00;8.785357635481845506e-02
1.164999999999997149e+00;8.463749340239588859e-02
1.169999999999997042e+00;8.185913990963024356e-02
1.174999999999996936e+00;7.979048047430561952e-02
1.179999999999996829e+00;7.863400989516133865e-02
1.184999999999996723e+00;7.850293157008336742e-02
1.189999999999996616e+00;7.941007635880928395e-02
1.194999999999996509e+00;8.126664660896763814e-02
1.199999999999996403e+00;8.389090828898233820e-02
1.204999999999996296e+00;8.702598038131469094e-02
1.209999999999996190e+00;9.036498018623828621e-02
1.214999999999996083e+00;9.358106313866010328e-02
1.219999999999995977e+00;9.635941663143700320e-02
1.224999999999995870e+00;9.842807606676015619e-02
1.229999999999995763e+00;9.958454664590722649e-02
1.234999999999995657e+00;9.971562497098723776e-02
1.239999999999995550e+00;9.880848018225496521e-02
1.244999999999995444e+00;9.695190993210239805e-02
1.249999999999995337e+00;9.432764825208043991e-02
1.254999999999995230e+00;9.119257615974089848e-02
1.259999999999995124e+00;8.785357635481780281e-02
1.264999999999995017e+00;8.463749340239662411e-02
1.269999999999994911e+00;8.185913990962781495e-02
1.274999999999994804e+00;7.979048047430328805e-02
1.279999999999994698e+00;7.863400989515924311e-02
1.284999999999994591e+00;7.850293157007928735e-02
1.289999999999994484e+00;7.941007635880918680e-02
1.294999999999994378e+00;8.126664660896672221e-02
1.299999999999994271e+00;8.389090828898088104e-02
1.304999999999994165e+00;8.702598038131185987e-02
1.309999999999994058e+00;9.036498018623465023e-02
1.314999999999993952e+00;9.358106313866025594e-02
1.319999999999993845e+00;9.635941663144090286e-02
1.324999999999993738e+00;9.842807606676411136e-02
1.329999999999993632e+00;9.958454664591044614e-02
1.334999999999993525e+00;9.971562497098462874e-02
1.339999999999993419e+00;9.880848018224965001e-02
1.344999999999993312e+00;9.695190993210135721e-02
1.349999999999993205e+00;9.432764825208320159e-02
1.354999999999993099e+00;9.119257615974363240e-02
1.359999999999992992e+00;8.785357635482009264e-02
1.364999999999992886e+00;8.463749340240059316e-02
1.369999999999992779e+00;8.185913990963292197e-02
1.374999999999992673e+00;7.979048047430546686e-02
1.379999999999992566e+00;7.863400989516083905e-02
1.384999999999992459e+00;7.850293157008110534e-02
1.389999999999992353e+00;7.941007635880685533e-02
1.394999999999992246e+00;8.126664660896562586e-02
1.399999999999992140e+00;8.389090828897995122e-02
1.404999999999992033e+00;8.702598038131086067e-02
1.409999999999991926e+00;9.036498018623223549e-02
1.414999999999991820e+00;9.358106313865548198e-02
1.419999999999991713e+00;9.635941663143776648e-02
1.424999999999991607e+00;9.842807606676180765e-02
1.429999999999991500e+00;9.958454664590915550e-02
1.434999999999991394e+00;9.971562497098696021e-02
1.439999999999991287e+00;9.880848018225790730e-02
1.444999999999991180e+00;9.695190993210282826e-02
1.449999999999991074e+00;9.432764825208210524e-02
1.454999999999990967e+00;9.119257615974447895e-02
1.459999999999990861e+00;8.785357635482009264e-02
1.464999999999990754e+00;8.463749340240012131e-02
1.469999999999990647e+00;8.185913990963539222e-02
1.474999999999990541e+00;7.979048047430981061e-02
1.479999999999990434e+00;7.863400989516257378e-02
1.484999999999990328e+00;7.850293157008325640e-02
1.489999999999990221e+00;7.941007635881063009e-02
1.494999999999990115e+00;8.126664660896686099e-02
1.499999999999990008e+00;8.389090828897925733e-02
1.504999999999989901e+00;8.702598038131091618e-02
1.509999999999989795e+00;9.036498018623397022e-02
1.514999999999989688e+00;9.358106313865516279e-02
1.519999999999989582e+00;9.635941663143729463e-02
1.524999999999989475e+00;9.842807606676051702e-02
1.529999999999989369e+00;9.958454664590787875e-02
1.534999999999989262e+00;9.971562497098770961e-02
1.539999999999989155e+00;9.880848018225886487e-02
1.544999999999989049e+00;9.695190993210646424e-02
1.549999999999988942e+00;9.432764825208315995e-02
1.554999999999988836e+00;9.119257615974456221e-02
1.559999999999988729e+00;8.785357635482120287e-02
1.564999999999988622e+00;8.463749340240098173e-02
1.569999999999988516e+00;8.185913990963371301e-02
1.574999999999988409e+00;7.979048047430807589e-02
1.579999999999988303e+00;7.863400989516072803e-02
1.584999999999988196e+00;7.850293157008136902e-02
1.589999999999988090e+00;7.941007635880922844e-02
1.594999999999987983e+00;8.126664660896491810e-02
1.599999999999987876e+00;8.389090828897823038e-02
1.604999999999987770e+00;8.702598038131019453e-02
1.609999999999987663e+00;9.036498018623161099e-02
1.614999999999987557e+00;9.358106313865169334e-02
1.619999999999987450e+00;9.635941663143475500e-02
1.624999999999987343e+00;9.842807606675926801e-02
1.629999999999987237e+00;9.958454664590639382e-02
1.634999999999987130e+00;9.971562497098696021e-02
1.639999999999987024e+00;9.880848018225715790e-02
1.644999999999986917e+00;9.695190993210525687e-02
1.649999999999986811e+00;9.432764825208742043e-02
1.654999999999986704e+00;9.119257615974894760e-02
1.659999999999986597e+00;8.785357635482364536e-02
1.664999999999986491e+00;8.463749340240390995e-02
1.669999999999986384e+00;8.185913990963547548e-02
1.674999999999986278e+00;7.979048047430734036e-02
1.679999999999986171e+00;7.863400989516000639e-02
1.684999999999986064e+00;7.850293157007924572e-02
1.689999999999985958e+00;7.941007635880924231e-02
1.694999999999985851e+00;8.126664660896679160e-02
1.699999999999985745e+00;8.389090828897900753e-02
1.704999999999985638e+00;8.702598038131018066e-02
1.709999999999985532e+00;9.036498018623230488e-02
1.714999999999985425e+00;9.358106313865258152e-02
1.719999999999985318e+00;9.635941663143425540e-02
1.724999999999985212e+00;9.842807606675935128e-02
1.729999999999985105e+00;9.958454664590836447e-02
1.734999999999984999e+00;9.971562497098708511e-02
1.739999999999984892e+00;9.880848018225940610e-02
1.744999999999984786e+00;9.695190993210578423e-02
1.749999999999984679e+00;9.432764825208851678e-02
1.754999999999984572e+00;9.119257615974987741e-02
1.759999999999984466e+00;8.785357635482604621e-02
1.764999999999984359e+00;8.463749340240793451e-02
1.769999999999984253e+00;8.185913990963905595e-02
1.774999999999984146e+00;7.979048047431250290e-02
1.779999999999984039e+00;7.863400989516337869e-02
1.784999999999983933e+00;7.850293157008146616e-02
1.789999999999983826e+00;7.941007635880749371e-02
1.794999999999983720e+00;8.126664660896627812e-02
1.799999999999983613e+00;8.389090828897960428e-02
1.804999999999983507e+00;8.702598038131131863e-02
1.809999999999983400e+00;9.036498018623215223e-02
1.814999999999983293e+00;9.358106313865197090e-02
1.819999999999983187e+00;9.635941663143260394e-02
1.824999999999983080e+00;9.842807606675892107e-02
1.829999999999982974e+00;9.958454664590810079e-02
1.834999999999982867e+00;9.971562497098816757e-02
1.839999999999982760e+00;9.880848018226041918e-02
1.844999999999982654e+00;9.695190993210954511e-02
1.849999999999982547e+00;9.432764825209177806e-02
1.854999999999982441e+00;9.119257615975658038e-02
1.859999999999982334e+00;8.785357635483106997e-02
1.864999999999982228e+00;8.463749340241227825e-02
1.869999999999982121e+00;8.185913990964187315e-02
1.874999999999982014e+00;7.979048047431550050e-02
1.879999999999981908e+00;7.863400989516425299e-02
1.884999999999981801e+00;7.850293157008167433e-02
1.889999999999981695e+00;7.941007635880704962e-02
1.894999999999981588e+00;8.126664660896143477e-02
1.899999999999981481e+00;8.389090828897537155e-02
1.904999999999981375e+00;8.702598038130594793e-02
1.909999999999981268e+00;9.036498018623083384e-02
1.914999999999981162e+00;9.358106313865076353e-02
1.919999999999981055e+00;9.635941663143089697e-02
1.924999999999980949e+00;9.842807606675692267e-02
1.929999999999980842e+00;9.958454664590524197e-02
1.934999999999980735e+00;9.971562497098748756e-02
1.939999999999980629e+00;9.880848018226022489e-02
1.944999999999980522e+00;9.695190993210979491e-02
1.949999999999980416e+00;9.432764825209266624e-02
1.954999999999980309e+00;9.119257615975723263e-02
1.959999999999980203e+00;8.785357635483491412e-02
1.964999999999980096e+00;8.463749340241243091e-02
1.969999999999979989e+00;8.185913990964459319e-02
1.974999999999979883e+00;7.979048047431265556e-02
1.979999999999979776e+00;7.863400989516403095e-02
1.984999999999979670e+00;7.850293157008024492e-02
1.989999999999979563e+00;7.941007635880292792e-02
1.994999999999979456e+00;8.126664660895921433e-02
1.999999999999979350e+00;8.389090828897305396e-02
