3.746231688916500602e+00;9.336170814912019347e-03
3.764869657518075119e+00;9.675014304098434811e-03
3.783507626119649636e+00;9.943831199266199225e-03
3.802145594721224153e+00;1.011631038095091133e-02
3.820783563322798670e+00;1.017557523884088204e-02
3.839421531924373188e+00;1.011583305428563964e-02
3.858059500525947705e+00;9.942938770957818542e-03
3.876697469127522222e+00;9.673819213426998465e-03
3.895335437729096739e+00;9.334815130463417626e-03
3.913973406330671256e+00;8.959103752901320661e-03
3.932611374932245774e+00;8.583453792041190883e-03
3.951249343533820291e+00;8.244629522572651664e-03
3.969887312135394808e+00;7.975794698262672969e-03
3.988525280736969325e+00;7.803267294633783532e-03
4.007163249338543842e+00;7.743942348908790067e-03
4.025801217940118804e+00;7.803635539087177414e-03
4.044439186541693765e+00;7.976510643584757559e-03
4.063077155143268726e+00;8.245648171420465883e-03
4.081715123744843687e+00;8.584700517662725849e-03
4.100353092346418649e+00;8.960472024299942842e-03
4.118991060947993610e+00;9.336171020300584877e-03
4.137629029549568571e+00;9.675014508436084043e-03
4.156266998151143532e+00;9.943831400888829275e-03
4.174904966752718494e+00;1.011631057787352843e-02
4.193542935354293455e+00;1.017557542900118794e-02
4.212180903955868416e+00;1.011583323577426585e-02
4.230818872557443378e+00;9.942938942215122020e-03
4.249456841159018339e+00;9.673819373389775864e-03
4.268094809760593300e+00;9.334815278651457590e-03
4.286732778362168261e+00;8.959103889441035959e-03
4.305370746963743223e+00;8.583453917627895113e-03
4.324008715565318184e+00;8.244629638381208853e-03
4.342646684166893145e+00;7.975794805817996991e-03
4.361284652768468106e+00;7.803267395657625602e-03
4.379922621370043068e+00;7.743942445158471903e-03
4.398560589971618029e+00;7.803635632203228742e-03
4.417198558573192990e+00;7.976510734960570725e-03
4.435836527174767951e+00;8.245648262105097562e-03
4.454474495776342913e+00;8.584700608303722294e-03
4.473112464377917874e+00;8.960472115128162787e-03
4.491750432979492835e+00;9.336171111155509156e-03
4.510388401581067797e+00;9.675014598826081613e-03
4.529026370182642758e+00;9.943831490077761556e-03
4.547664338784217719e+00;1.011631066498336687e-02
4.566302307385792680e+00;1.017557551311960851e-02
4.584940275987367642e+00;1.011583331605668719e-02
4.603578244588942603e+00;9.942939017971644602e-03
4.622216213190517564e+00;9.673819444150079730e-03
4.640854181792092525e+00;9.334815344203165749e-03
4.659492150393667487e+00;8.959103949839938852e-03
4.678130118995242448e+00;8.583453973181717073e-03
4.696768087596817409e+00;8.244629689609643541e-03
4.715406056198392371e+00;7.975794853395621123e-03
4.734044024799967332e+00;7.803267440345979314e-03
4.752681993401542293e+00;7.743942487735007950e-03
4.771319962003117254e+00;7.803635673393585423e-03
4.789957930604692216e+00;7.976510775381136925e-03
4.808595899206267177e+00;8.245648302219956913e-03
4.827233867807842138e+00;8.584700648399300194e-03
4.845871836409417099e+00;8.960472155306507813e-03
4.864509805010992061e+00;9.336171151345645097e-03
4.883147773612567022e+00;9.675014638810581699e-03
4.901785742214141983e+00;9.943831529530926250e-03
4.920423710815716944e+00;1.011631070351682454e-02
4.939061679417291906e+00;1.017557555032978615e-02
4.957699648018866867e+00;1.011583335157003119e-02
4.976337616620441828e+00;9.942939051482932097e-03
4.994975585222016790e+00;9.673819475451189004e-03
5.013613553823591751e+00;9.334815373200229180e-03
5.032251522425166712e+00;8.959103976557724822e-03
5.050889491026741673e+00;8.583453997756246984e-03
5.069527459628316635e+00;8.244629712270816826e-03
5.088165428229891596e+00;7.975794874441808485e-03
5.106803396831466557e+00;7.803267460114123033e-03
5.125441365433041518e+00;7.743942506568989199e-03
5.144079334034616480e+00;7.803635691614417384e-03
5.162717302636191441e+00;7.976510793261453944e-03
5.181355271237766402e+00;8.245648319965050502e-03
5.199993239839341364e+00;8.584700666135881494e-03
5.218631208440916325e+00;8.960472173079745556e-03
5.237269177042491286e+00;9.336171169124119970e-03
5.255907145644066247e+00;9.675014656498051244e-03
5.274545114245641209e+00;9.943831546983385866e-03
5.293183082847216170e+00;1.011631072056245681e-02
5.311821051448791131e+00;1.017557556679007241e-02
5.330459020050366092e+00;1.011583336727965576e-02
5.349096988651941054e+00;9.942939066306893600e-03
5.367734957253516015e+00;9.673819489297517601e-03
5.386372925855090976e+00;9.334815386027319264e-03
5.405010894456665937e+00;8.959103988376484334e-03
5.423648863058240899e+00;8.583454008626967974e-03
5.442286831659815860e+00;8.244629722295148885e-03
5.460924800261390821e+00;7.975794883751769274e-03
5.479562768862965783e+00;7.803267468858743512e-03
5.498200737464540744e+00;7.743942514900387271e-03
5.516838706066115705e+00;7.803635699674615726e-03
5.535476674667690666e+00;7.976510801171026246e-03
5.554114643269265628e+00;8.245648327814845968e-03
5.572752611870840589e+00;8.584700673981912611e-03
5.591390580472415550e+00;8.960472180941968581e-03
5.610028549073990511e+00;9.336171176988624157e-03
5.628666517675565473e+00;9.675014664322320254e-03
5.647304486277140434e+00;9.943831554703644326e-03
5.665942454878715395e+00;1.011631072810271863e-02
5.684580423480290357e+00;1.017557557407132440e-02
5.703218392081865318e+00;1.011583337422883484e-02
5.721856360683440279e+00;9.942939072864292321e-03
5.740494329285015240e+00;9.673819495422392514e-03
5.759132297886590202e+00;9.334815391701337811e-03
5.777770266488165163e+00;8.959103993604521088e-03
5.796408235089740124e+00;8.583454013435590224e-03
5.815046203691315085e+00;8.244629726729396993e-03
5.833684172292890047e+00;7.975794887870032296e-03
5.852322140894465008e+00;7.803267472726953952e-03
5.870960109496039969e+00;7.743942518585802091e-03
5.889598078097614930e+00;7.803635703240071816e-03
5.908236046699189892e+00;7.976510804669887170e-03
5.926874015300764853e+00;8.245648331287235011e-03
5.945511983902339814e+00;8.584700677452669279e-03
5.964149952503914776e+00;8.960472184419915678e-03
5.982787921105489737e+00;9.336171180467591271e-03
6.001425889707064698e+00;9.675014667783411043e-03
6.020063858308639659e+00;9.943831558118699024e-03
6.038701826910214621e+00;1.011631073143815819e-02
6.057339795511789582e+00;1.017557557729221324e-02
6.075977764113364543e+00;1.011583337730287066e-02
6.094615732714939504e+00;9.942939075765037937e-03
6.113253701316514466e+00;9.673819498131843234e-03
6.131891669918089427e+00;9.334815394211293596e-03
6.150529638519664388e+00;8.959103995917164220e-03
6.169167607121239350e+00;8.583454015562704681e-03
6.187805575722814311e+00;8.244629728690906073e-03
6.206443544324389272e+00;7.975794889691783379e-03
6.225081512925964233e+00;7.803267474438079117e-03
6.243719481527539195e+00;7.743942520216116898e-03
6.262357450129114156e+00;7.803635704817349188e-03
6.280995418730689117e+00;7.976510806217683783e-03
6.299633387332264078e+00;8.245648332823367344e-03
6.318271355933839040e+00;8.584700678988024455e-03
6.336909324535414001e+00;8.960472185958415908e-03
6.355547293136988962e+00;9.336171182006540795e-03
6.374185261738563923e+00;9.675014669314507473e-03
6.392823230340138885e+00;9.943831559629459291e-03
6.411461198941713846e+00;1.011631073291362204e-02
6.430099167543288807e+00;1.017557557871697285e-02
6.448737136144863769e+00;1.011583337866258335e-02
6.467375104746438730e+00;9.942939077048002991e-03
6.486013073348013691e+00;9.673819499330115618e-03
6.504651041949588652e+00;9.334815395321351822e-03
6.523289010551163614e+00;8.959103996939924222e-03
6.541926979152738575e+00;8.583454016503460834e-03
6.560564947754313536e+00;8.244629729558403120e-03
6.579202916355888497e+00;7.975794890497458350e-03
6.597840884957463459e+00;7.803267475194880856e-03
6.616478853559038420e+00;7.743942520937178997e-03
6.635116822160613381e+00;7.803635705514923131e-03
6.653754790762188343e+00;7.976510806902311485e-03
6.672392759363763304e+00;8.245648333502815161e-03
6.691030727965338265e+00;8.584700679667144410e-03
6.709668696566913226e+00;8.960472186638953132e-03
6.728306665168488188e+00;9.336171182687301798e-03
6.746944633770063149e+00;9.675014669991741784e-03
6.765582602371638110e+00;9.943831560297697325e-03
6.784220570973213071e+00;1.011631073356623021e-02
6.802858539574788033e+00;1.017557557934716493e-02
6.821496508176362994e+00;1.011583337926403800e-02
6.840134476777937955e+00;9.942939077615490021e-03
6.858772445379512916e+00;9.673819499860193336e-03
6.877410413981087878e+00;9.334815395812410405e-03
6.896048382582662839e+00;8.959103997392378269e-03
6.914686351184237800e+00;8.583454016919582832e-03
6.933324319785812762e+00;8.244629729942115279e-03
6.951962288387387723e+00;7.975794890853853819e-03
6.970600256988962684e+00;7.803267475529650395e-03
6.989238225590537645e+00;7.743942521256185971e-03
7.007876194192112607e+00;7.803635705823571203e-03
7.026514162793687568e+00;7.976510807205202877e-03
7.045152131395262529e+00;8.245648333803451413e-03
7.063790099996837490e+00;8.584700679967697395e-03
7.082428068598412452e+00;8.960472186940134087e-03
7.101066037199987413e+00;9.336171182988524386e-03
7.119704005801562374e+00;9.675014670291430877e-03
7.138341974403137336e+00;9.943831560593389615e-03
7.156979943004712297e+00;1.011631073385504780e-02
7.175617911606287258e+00;1.017557557962600265e-02
7.194255880207862219e+00;1.011583337953008387e-02
7.212893848809437181e+00;9.942939077866558284e-03
7.231531817411012142e+00;9.673819500094656826e-03
7.250169786012587103e+00;9.334815396029575232e-03
7.268807754614162064e+00;8.959103997592483826e-03
7.287445723215737026e+00;8.583454017103630054e-03
7.306083691817311987e+00;8.244629730111877053e-03
7.324721660418886948e+00;7.975794891011514162e-03
7.343359629020461909e+00;7.803267475677736799e-03
7.361997597622036871e+00;7.743942521397298787e-03
7.380635566223611832e+00;7.803635705960154656e-03
7.399273534825186793e+00;7.976510807339251899e-03
7.417911503426761755e+00;8.245648333936483887e-03
7.436549472028336716e+00;8.584700680100667419e-03
7.455187440629911677e+00;8.960472187073385136e-03
