4.018768233006369539e-01
4.090461081375880159e-01
4.130726849889135299e-01
4.138980006690441971e-01
4.116874232176887527e-01
4.067392847236452336e-01
3.994413300636637243e-01
3.902719452613910289e-01
3.798301269483949083e-01
3.688720200675462690e-01
3.583281009324294497e-01
3.492728719803289694e-01
3.428229791618272460e-01
3.399576455375536432e-01
3.412904809020376740e-01
3.468632349938803872e-01
3.560527981739096681e-01
3.676554191956944440e-01
3.801377221007380403e-01
3.919639392234612330e-01
4.018768233006646540e-01
4.090461081375716401e-01
4.130726849889025387e-01
4.138980006690471947e-01
4.116874232176533921e-01
4.067392847236201980e-01
3.994413300636528996e-01
3.902719452613938045e-01
3.798301269483979059e-01
3.688720200675001393e-01
3.583281009324133515e-01
3.492728719803486204e-01
3.428229791618439548e-01
3.399576455375665218e-01
3.412904809020221863e-01
3.468632349938547410e-01
3.560527981739048942e-01
3.676554191956808992e-01
3.801377221006952412e-01
3.919639392234244291e-01
4.018768233005954316e-01
4.090461081375353358e-01
4.130726849888779473e-01
4.138980006690206048e-01
4.116874232176725434e-01
4.067392847236237508e-01
3.994413300636568964e-01
3.902719452614359930e-01
3.798301269484110065e-01
3.688720200675092986e-01
3.583281009324121857e-01
3.492728719803365744e-01
3.428229791618143674e-01
3.399576455375408757e-01
3.412904809020103625e-01
3.468632349938606252e-01
3.560527981739163850e-01
3.676554191957138729e-01
3.801377221007440355e-01
3.919639392235067521e-01
4.018768233007509183e-01
4.090461081376328689e-01
4.130726849889146957e-01
4.138980006690311519e-01
4.116874232176641057e-01
4.067392847236455111e-01
3.994413300637046360e-01
3.902719452614135665e-01
3.798301269484055664e-01
3.688720200675419947e-01
3.583281009323949773e-01
3.492728719803193660e-01
3.428229791618335187e-01
3.399576455375572515e-01
3.412904809019988717e-01
3.468632349938253756e-01
3.560527981738612624e-01
3.676554191956551976e-01
3.801377221007024576e-01
3.919639392234504638e-01
4.018768233006151935e-01
4.090461081375342256e-01
4.130726849888788910e-01
4.138980006690224922e-01
4.116874232176612747e-01
4.067392847236457332e-01
3.994413300637015829e-01
3.902719452614401008e-01
3.798301269484204434e-01
3.688720200675154048e-01
3.583281009324312816e-01
3.492728719803505077e-01
3.428229791618260802e-01
3.399576455375407091e-01
3.412904809019882135e-01
3.468632349938407522e-01
3.560527981738595416e-01
3.676554191956878936e-01
3.801377221006888019e-01
3.919639392234443021e-01
