4.215831221532185258e-01
4.488865787010520858e-01
4.702402358391410409e-01
4.835641718349393270e-01
4.875897836467911750e-01
4.819703259807088247e-01
4.672968422345824546e-01
4.450248033957709959e-01
4.173244849692230307e-01
3.868723792363253366e-01
3.566025692968144423e-01
3.294373547983786010e-01
3.080167750392324155e-01
2.944476023090916161e-01
2.900935071915479169e-01
2.954282249548897954e-01
3.099711224021314826e-01
3.323183739307174478e-01
3.602728317476113773e-01
3.910628423544437182e-01
4.216271804973431014e-01
4.489329455020473758e-01
4.702882432994527906e-01
4.836129642701555986e-01
4.876384078405842648e-01
4.820178275041747673e-01
4.673423578536214928e-01
4.450676409826949120e-01
4.173641843012283470e-01
3.869087492966820085e-01
3.566356998998084782e-01
3.294676023999013603e-01
3.080447244680364904e-01
2.944740079166318636e-01
2.901192185964280856e-01
2.954541040750496284e-01
3.099979596235947765e-01
3.323468117736750882e-01
3.603033039899561363e-01
3.910955351201885755e-01
4.216620193916243986e-01
4.489696097960554910e-01
4.703262049359405728e-01
4.836515466213492376e-01
4.876768571558852128e-01
4.820553890741373082e-01
4.673783490805903384e-01
4.451015145704680376e-01
4.173955763311308909e-01
3.869375087232588273e-01
3.566618977432142734e-01
3.294915205256662150e-01
3.080668253263013634e-01
2.944948880066852182e-01
2.901395497495392606e-01
2.954745678481244253e-01
3.100191810100723644e-01
3.323692988428853523e-01
3.603273997494097491e-01
3.911213867464282679e-01
4.216895680573219951e-01
4.489986018866585216e-01
4.703562228930505129e-01
4.836820554052501109e-01
4.877072607423938999e-01
4.820850906808726299e-01
4.674068089471759002e-01
4.451282999254100869e-01
4.174203994077183566e-01
3.869602500831264003e-01
3.566826135451482971e-01
3.295104336533087319e-01
3.080843014595712193e-01
2.945113988241493397e-01
2.901556264981121069e-01
2.954907494652162514e-01
3.100359617058370820e-01
3.323870803703840027e-01
3.603464533399554637e-01
3.911418287790823789e-01
4.217113520146865691e-01
4.490215272244109657e-01
4.703799594291624420e-01
4.837061800599757322e-01
4.877313022128582642e-01
4.821085770646578728e-01
4.674293134317013543e-01
4.451494802989775512e-01
4.174400281203626828e-01
3.869782326896071822e-01
3.566989944527297340e-01
3.295253891060069273e-01
3.080981206167990871e-01
2.945244546631586857e-01
2.901683390995100642e-01
2.955035449908246514e-01
3.100492309496485355e-01
3.324011410164378622e-01
3.603615198629415706e-01
3.911579932051022501e-01
