4.534218588577891285e-01
4.695772709104507614e-01
4.752014717734590610e-01
4.725513345997306436e-01
4.635534947750832857e-01
4.494123640131897357e-01
4.306952508119499257e-01
4.076262447495023755e-01
3.804462838894354104e-01
3.498123219650953186e-01
3.172426127972468590e-01
2.855501665579713300e-01
2.590478041023736577e-01
2.431337332295026299e-01
2.429031008610145204e-01
2.609563157246390652e-01
2.954756421904014552e-01
3.400679049254897723e-01
3.859455806616459705e-01
4.252454440220188592e-01
4.534218588577655917e-01
4.695772709104761300e-01
4.752014717734873162e-01
4.725513345997706671e-01
4.635534947751292489e-01
4.494123640132168251e-01
4.306952508119632483e-01
4.076262447495346830e-01
3.804462838894236976e-01
3.498123219650806637e-01
3.172426127972486354e-01
2.855501665579551762e-01
2.590478041023515088e-01
2.431337332295102904e-01
2.429031008610277598e-01
2.609563157246572174e-01
2.954756421904147778e-01
3.400679049254954900e-01
3.859455806616660656e-01
4.252454440220256315e-01
4.534218588577677567e-01
4.695772709104238940e-01
4.752014717734334703e-01
4.725513345997357506e-01
4.635534947750882817e-01
4.494123640131963415e-01
4.306952508119789580e-01
4.076262447495203056e-01
3.804462838894372978e-01
3.498123219650747240e-01
3.172426127972389764e-01
2.855501665579484039e-01
2.590478041023542288e-01
2.431337332295099851e-01
2.429031008610288978e-01
2.609563157246389542e-01
2.954756421904145003e-01
3.400679049254940467e-01
3.859455806616216011e-01
4.252454440219861631e-01
4.534218588577154097e-01
4.695772709104486520e-01
4.752014717734701077e-01
4.725513345997245374e-01
4.635534947750767354e-01
4.494123640132062225e-01
4.306952508119890055e-01
4.076262447495343499e-01
3.804462838894620003e-01
3.498123219650827176e-01
3.172426127972392540e-01
2.855501665579521231e-01
2.590478041023443478e-01
2.431337332295006592e-01
2.429031008610014475e-01
2.609563157246300724e-01
2.954756421903864116e-01
3.400679049254763386e-01
3.859455806616185480e-01
4.252454440220118093e-01
4.534218588577598186e-01
4.695772709104328313e-01
4.752014717734170390e-01
4.725513345996990022e-01
4.635534947750838408e-01
4.494123640131654773e-01
4.306952508119206158e-01
4.076262447494920504e-01
3.804462838894217547e-01
3.498123219650689508e-01
3.172426127972674537e-01
2.855501665579726067e-01
2.590478041023731026e-01
2.431337332295148979e-01
2.429031008610257059e-01
2.609563157246295173e-01
2.954756421903796948e-01
3.400679049254471953e-01
3.859455806615637030e-01
4.252454440219457510e-01
