3.909065873793199364e-01
3.962486269315741438e-01
3.998534999119968680e-01
4.015224574613336372e-01
4.011951582729715859e-01
3.989257174036515141e-01
3.948739527293574358e-01
3.893106696202405237e-01
3.826307550491804821e-01
3.753638306383030865e-01
3.681685772846455817e-01
3.617952012859478872e-01
3.570046790514060375e-01
3.544471599006400742e-01
3.545241621855255709e-01
3.572797572706076785e-01
3.623682460389404669e-01
3.691201300368053273e-01
3.766850427784375621e-01
3.841971101326680516e-01
3.909065873793075574e-01
3.962486269316040088e-01
3.998534999120402778e-01
4.015224574613204811e-01
4.011951582729234578e-01
3.989257174036138776e-01
3.948739527293679274e-01
3.893106696202696115e-01
3.826307550492061282e-01
3.753638306382803824e-01
3.681685772846403637e-01
3.617952012859397271e-01
3.570046790514163626e-01
3.544471599006233098e-01
3.545241621855449443e-01
3.572797572706858937e-01
3.623682460390202920e-01
3.691201300368399107e-01
3.766850427784055877e-01
3.841971101327111282e-01
3.909065873793342027e-01
3.962486269316202181e-01
3.998534999119958133e-01
4.015224574613289188e-01
4.011951582729692545e-01
3.989257174036272557e-01
3.948739527293580465e-01
3.893106696202580097e-01
3.826307550491652720e-01
3.753638306383029200e-01
3.681685772846562399e-01
3.617952012859738664e-01
3.570046790514549429e-01
3.544471599006636109e-01
3.545241621855486636e-01
3.572797572706665203e-01
3.623682460389995308e-01
3.691201300368332494e-01
3.766850427784012023e-01
3.841971101326800420e-01
3.909065873793531321e-01
3.962486269316287668e-01
3.998534999119769395e-01
4.015224574612890618e-01
4.011951582729812449e-01
3.989257174036203724e-01
3.948739527293849694e-01
3.893106696202691119e-01
3.826307550491728215e-01
3.753638306383052514e-01
3.681685772846236548e-01
3.617952012859649291e-01
3.570046790514580515e-01
3.544471599006370210e-01
3.545241621855101943e-01
3.572797572706526426e-01
3.623682460389580640e-01
3.691201300368393001e-01
3.766850427784085298e-01
3.841971101326855376e-01
3.909065873793122203e-01
3.962486269316030096e-01
3.998534999120248457e-01
4.015224574613215913e-01
4.011951582729623156e-01
3.989257174036371922e-01
3.948739527294002349e-01
3.893106696202560668e-01
3.826307550491959142e-01
3.753638306382955370e-01
3.681685772846711169e-01
3.617952012859755317e-01
3.570046790514702639e-01
3.544471599006778773e-01
3.545241621855561021e-01
3.572797572706318814e-01
3.623682460389611726e-01
3.691201300368064375e-01
3.766850427783439703e-01
3.841971101326175364e-01
