3.804264805759974277e-01
3.808646764617799052e-01
3.811753386797062104e-01
3.813290073192999730e-01
3.813113432801186198e-01
3.811242678579785381e-01
3.807857039732610027e-01
3.803279691641034410e-01
3.797949224098197130e-01
3.792380290180359936e-01
3.787115950419980281e-01
3.782675338861754000e-01
3.779501429792060385e-01
3.777914523141471803e-01
3.778077192922461025e-01
3.779975563308242692e-01
3.783419856594111286e-01
3.788064492525134996e-01
3.793445179171193726e-01
3.799028082035701970e-01
3.804264805759773882e-01
3.808646764617593661e-01
3.811753386797075427e-01
3.813290073193650875e-01
3.813113432801504832e-01
3.811242678579873644e-01
3.807857039732533422e-01
3.803279691640980564e-01
3.797949224098201570e-01
3.792380290180605296e-01
3.787115950419585042e-01
3.782675338861684611e-01
3.779501429792095357e-01
3.777914523142038572e-01
3.778077192922624783e-01
3.779975563308080044e-01
3.783419856593874808e-01
3.788064492525219928e-01
3.793445179171188730e-01
3.799028082035805776e-01
3.804264805759947632e-01
3.808646764617573677e-01
3.811753386796617460e-01
3.813290073192970864e-01
3.813113432800855906e-01
3.811242678579531140e-01
3.807857039732805426e-01
3.803279691641318072e-01
3.797949224097922349e-01
3.792380290180518698e-01
3.787115950419489563e-01
3.782675338861382075e-01
3.779501429792126443e-01
3.777914523141638892e-01
3.778077192922822958e-01
3.779975563308067277e-01
3.783419856594413822e-01
3.788064492525801685e-01
3.793445179171772708e-01
3.799028082036260967e-01
3.804264805760421142e-01
3.808646764618121572e-01
3.811753386797402943e-01
3.813290073193235097e-01
3.813113432801105152e-01
3.811242678579938037e-01
3.807857039732762683e-01
3.803279691641043292e-01
3.797949224098260967e-01
3.792380290180989988e-01
3.787115950420011923e-01
3.782675338861717362e-01
3.779501429791980449e-01
3.777914523141318592e-01
3.778077192922872918e-01
3.779975563308050068e-01
3.783419856594542607e-01
3.788064492525595184e-01
3.793445179171394122e-01
3.799028082035611487e-01
3.804264805760237400e-01
3.808646764617528158e-01
3.811753386796226661e-01
3.813290073192750484e-01
3.813113432801043534e-01
3.811242678579713772e-01
3.807857039732616133e-01
3.803279691641105464e-01
3.797949224098040033e-01
3.792380290180680791e-01
3.787115950419349120e-01
3.782675338861417602e-01
3.779501429791612410e-01
3.777914523141360226e-01
3.778077192922884020e-01
3.779975563307995667e-01
3.783419856594188446e-01
3.788064492525272109e-01
3.793445179171307524e-01
3.799028082035628695e-01
