4.652665012768547603e-01
5.115393733115207731e-01
5.427597913121150475e-01
5.565853253915227228e-01
5.528389011077066151e-01
5.330607701862210002e-01
4.999325425284354973e-01
4.567720209253670061e-01
4.072073704920082249e-01
3.550419165683476597e-01
3.042453979878348980e-01
2.589623953898612663e-01
2.234148965004681964e-01
2.015982689259039340e-01
1.967367808950931940e-01
2.105747963781435528e-01
2.427027131725685849e-01
2.901900359661662709e-01
3.477560486084693703e-01
4.085360411170474992e-01
4.652665018423352561e-01
5.115393738830056325e-01
5.427597918685856948e-01
5.565853259142126142e-01
5.528389015823419461e-01
5.330607706038766880e-01
4.999325428853856335e-01
4.567720212222677323e-01
4.072073707328490166e-01
3.550419167594810466e-01
3.042453981370399907e-01
2.589623955057134830e-01
2.234148965918128227e-01
2.015982690013798373e-01
1.967367809626714148e-01
2.105747964446198495e-01
2.427027132430806255e-01
2.901900360438147697e-01
3.477560486942107287e-01
4.085360412098250626e-01
4.652665019395811341e-01
5.115393739812842400e-01
5.427597919642824786e-01
5.565853260041047079e-01
5.528389016639779774e-01
5.330607706757201081e-01
4.999325429467765813e-01
4.567720212733171192e-01
4.072073707742669413e-01
3.550419167923379860e-01
3.042453981626886406e-01
2.589623955256302179e-01
2.234148966075115150e-01
2.015982690143531542e-01
1.967367809742921747e-01
2.105747964560525931e-01
2.427027132552065369e-01
2.901900360571702531e-01
3.477560487089599861e-01
4.085360412257907914e-01
4.652665019563121951e-01
5.115393739981982657e-01
5.427597919807338744e-01
5.565853260195648966e-01
5.528389016780000942e-01
5.330607706880424734e-01
4.999325429573028834e-01
4.567720212820786663e-01
4.072073707813648191e-01
3.550419167979760315e-01
3.042453981670865670e-01
2.589623955290424329e-01
2.234148966102043610e-01
2.015982690165833424e-01
1.967367809762923525e-01
2.105747964580304832e-01
2.427027132573091051e-01
2.901900360594951156e-01
3.477560487115216592e-01
4.085360412285702347e-01
4.652665019592209794e-01
5.115393740011393575e-01
5.427597919835991380e-01
5.565853260222428656e-01
5.528389016804132750e-01
5.330607706901602239e-01
4.999325429591067738e-01
4.567720212835661986e-01
4.072073707825767386e-01
3.550419167989316560e-01
3.042453981678282515e-01
2.589623955296183055e-01
2.234148966106547229e-01
2.015982690169551006e-01
1.967367809766289444e-01
2.105747964583621346e-01
2.427027132576661528e-01
2.901900360598904660e-01
3.477560487119570887e-01
4.085360412290327536e-01
