3.954511570498409623e-01
4.009367474879549920e-01
4.042095231465800964e-01
4.050328311037791340e-01
4.034148313300096600e-01
3.995744848714697373e-01
3.938986758193727677e-01
3.869014716123004294e-01
3.791895592399788795e-01
3.714313197104821551e-01
3.643228402537076471e-01
3.585434742996714830e-01
3.546966686443976946e-01
3.532382403987782138e-01
3.544025259737145772e-01
3.581439029261754836e-01
3.641134099061110185e-01
3.716848356522705066e-01
3.800320642808630023e-01
3.882439475815186447e-01
3.954511570498413509e-01
4.009367474879353410e-01
4.042095231465638872e-01
4.050328311037942886e-01
4.034148313300045530e-01
3.995744848714510855e-01
3.938986758193708804e-01
3.869014716123196362e-01
3.791895592399791570e-01
3.714313197104983089e-01
3.643228402537173616e-01
3.585434742996736479e-01
3.546966686444086858e-01
3.532382403988096886e-01
3.544025259737373368e-01
3.581439029261754836e-01
3.641134099060961971e-01
3.716848356522536867e-01
3.800320642808129312e-01
3.882439475814983831e-01
3.954511570498124295e-01
4.009367474879184656e-01
4.042095231465622218e-01
4.050328311037688089e-01
4.034148313299663058e-01
3.995744848714420372e-01
3.938986758193430138e-01
3.869014716123024278e-01
3.791895592399613379e-01
3.714313197104677222e-01
3.643228402536960453e-01
3.585434742996616575e-01
3.546966686444071315e-01
3.532382403988055808e-01
3.544025259737423328e-01
3.581439029261944684e-01
3.641134099061236196e-01
3.716848356522576280e-01
3.800320642808329152e-01
3.882439475815117613e-01
3.954511570498377981e-01
4.009367474879447779e-01
4.042095231465758776e-01
4.050328311037934004e-01
4.034148313300035538e-01
3.995744848714668507e-01
3.938986758193561144e-01
3.869014716122941011e-01
3.791895592399845416e-01
3.714313197104940345e-01
3.643228402537337929e-01
3.585434742996916335e-01
3.546966686444208428e-01
3.532382403987995301e-01
3.544025259737264566e-01
3.581439029261711537e-01
3.641134099061071328e-01
3.716848356522692853e-01
3.800320642808418525e-01
3.882439475814948859e-01
3.954511570498300266e-01
4.009367474879378390e-01
4.042095231465709926e-01
4.050328311037832418e-01
4.034148313299980582e-01
3.995744848714746222e-01
3.938986758193777082e-01
3.869014716123381770e-01
3.791895592399968651e-01
3.714313197105171827e-01
3.643228402537202482e-01
3.585434742996843616e-01
3.546966686444187333e-01
3.532382403988023611e-01
3.544025259737265676e-01
3.581439029261839768e-01
3.641134099061076879e-01
3.716848356522692853e-01
3.800320642808520111e-01
3.882439475815261942e-01
