4.783628203995682338e-01
5.099456863417023422e-01
5.252514631385249988e-01
5.251287638745076869e-01
5.119808459507356746e-01
4.886816513712035626e-01
4.578731634195921107e-01
4.217249149453681234e-01
3.820627912195747600e-01
3.407192316949003708e-01
2.999601732371409146e-01
2.628427989875503079e-01
2.333293205691659433e-01
2.159595337029942552e-01
2.149525785304358116e-01
2.328430201540751254e-01
2.691152674030368730e-01
3.195483117084188529e-01
3.768213172827375446e-01
4.323158283698410598e-01
4.783628203995636818e-01
5.099456863417012320e-01
5.252514631385424293e-01
5.251287638745193442e-01
5.119808459507202425e-01
4.886816513711715881e-01
4.578731634195757905e-01
4.217249149453559665e-01
3.820627912195633802e-01
3.407192316948788879e-01
2.999601732371247054e-01
2.628427989875465887e-01
2.333293205691727712e-01
2.159595337029953099e-01
2.149525785304307324e-01
2.328430201540648004e-01
2.691152674030191094e-01
3.195483117084029767e-01
3.768213172827116209e-01
4.323158283698145810e-01
4.783628203995278771e-01
5.099456863416598207e-01
5.252514631384788135e-01
5.251287638744850383e-01
5.119808459506905995e-01
4.886816513711648158e-01
4.578731634195840616e-01
4.217249149453642376e-01
3.820627912195736497e-01
3.407192316949003708e-01
2.999601732371126039e-01
2.628427989875403159e-01
2.333293205691703009e-01
2.159595337029973083e-01
2.149525785304303716e-01
2.328430201540587774e-01
2.691152674030253822e-01
3.195483117084195190e-01
3.768213172827390434e-01
4.323158283698540494e-01
4.783628203995837214e-01
5.099456863417094477e-01
5.252514631385191146e-01
5.251287638745115727e-01
5.119808459507494414e-01
4.886816513712083920e-01
4.578731634196192002e-01
4.217249149453996537e-01
3.820627912196005171e-01
3.407192316949274047e-01
2.999601732371391383e-01
2.628427989875470883e-01
2.333293205691734651e-01
2.159595337029955875e-01
2.149525785304255421e-01
2.328430201540582223e-01
2.691152674030128367e-01
3.195483117084040314e-01
3.768213172827212798e-01
4.323158283698131377e-01
4.783628203995322070e-01
5.099456863416751418e-01
5.252514631384976873e-01
5.251287638745049113e-01
5.119808459507320109e-01
4.886816513711969567e-01
4.578731634196091527e-01
4.217249149453902168e-01
3.820627912195532216e-01
3.407192316948962629e-01
2.999601732371093288e-01
2.628427989875378734e-01
2.333293205691719940e-01
2.159595337030020268e-01
2.149525785304245706e-01
2.328430201540492572e-01
2.691152674030010683e-01
3.195483117083845470e-01
3.768213172827128421e-01
4.323158283698054216e-01
