3.807452206830377883e-01
3.818008713753958672e-01
3.826372095186226230e-01
3.831723720577288606e-01
3.833539834274345415e-01
3.831642792583002666e-01
3.826218408951028715e-01
3.817797726152874493e-01
3.807205014682847888e-01
3.795477095068133799e-01
3.783761878478474894e-01
3.773206045032463929e-01
3.764842837884118665e-01
3.759490941640851736e-01
3.757674336161570539e-01
3.759570973917330527e-01
3.764995316885142995e-01
3.773416459137159951e-01
3.784010076112815923e-01
3.795739122859178027e-01
3.807455379021880137e-01
3.818011888502211293e-01
3.826375270651994898e-01
3.831726894254219307e-01
3.833543003238006897e-01
3.831645953779789227e-01
3.826221559498480529e-01
3.817800863622071716e-01
3.807208137335363340e-01
3.795480202024600347e-01
3.783764969802600464e-01
3.773209121722622128e-01
3.764845901773657411e-01
3.759493995217275675e-01
3.757677382322459625e-01
3.759574015687135451e-01
3.764998357120648009e-01
3.773419500250406733e-01
3.784013119838537942e-01
3.795742170089329570e-01
3.807458429723113436e-01
3.818014941724149902e-01
3.826378324625051564e-01
3.831729946567111189e-01
3.833546051077231787e-01
3.831648994207457193e-01
3.826224589741145654e-01
3.817803881342386463e-01
3.807211140860016219e-01
3.795483190506521720e-01
3.783767943301829528e-01
3.773212081198276113e-01
3.764848848988118224e-01
3.759496932562285121e-01
3.757680312584398274e-01
3.759576941774602776e-01
3.765001281781092390e-01
3.773422425803606983e-01
3.784016047952825645e-01
3.795745101622320927e-01
3.807461364642322765e-01
3.818017879114834479e-01
3.826381262784302462e-01
3.831732883174567839e-01
3.833548983425455470e-01
3.831651919469196144e-01
3.826227505247281613e-01
3.817806784843253420e-01
3.807214030744789368e-01
3.795486065959300936e-01
3.783770804379506525e-01
3.773214928822858361e-01
3.764851684854598757e-01
3.759499758971336925e-01
3.757683132216520505e-01
3.759579757428028191e-01
3.765004096099134889e-01
3.773425241018137366e-01
3.784018865668921650e-01
3.795747922664997609e-01
3.807464188980038688e-01
3.818020705867038456e-01
3.826384090311924502e-01
3.831735709244253330e-01
3.833551805431267279e-01
3.831654734689801667e-01
3.826230311113420490e-01
3.817809579189280766e-01
3.807216812019798002e-01
3.795488833377411719e-01
3.783773557994826175e-01
3.773217669522136442e-01
3.764854414268596350e-01
3.759502479313818757e-01
3.757685846066946000e-01
3.759582467479252177e-01
3.765006804894996395e-01
3.773427950706549350e-01
3.784021577794587365e-01
3.795750638021805901e-01
