3.932422235111578401e-01
4.021560356531090341e-01
4.088115063763382295e-01
4.125682124579905796e-01
4.130824500986031711e-01
4.103316340016754937e-01
4.046059481040250039e-01
3.964720652830200365e-01
3.867154019736333548e-01
3.762673527219728142e-01
3.661230575478925386e-01
3.572544167140844773e-01
3.505229768324278905e-01
3.465981802294759717e-01
3.458879351293531190e-01
3.484896947634886777e-01
3.541702114326226725e-01
3.623800681061435935e-01
3.723048302462390047e-01
3.829488946717884423e-01
3.932422497998716016e-01
4.021560610631288446e-01
4.088115307868213089e-01
4.125682357350085039e-01
4.130824721168214197e-01
4.103316546619645844e-01
4.046059673457229056e-01
3.964720830905733018e-01
3.867154183778001575e-01
3.762673677964100127e-01
3.661230714021800892e-01
3.572544294841819568e-01
3.505229886696985542e-01
3.465981912892144856e-01
3.458879455597712038e-01
3.484897046960666045e-01
3.541702209745305474e-01
3.623800773354189375e-01
3.723048392100172244e-01
3.829489033876702919e-01
3.932422582600312300e-01
4.021560692405167781e-01
4.088115386425399955e-01
4.125682432259573096e-01
4.130824792026654424e-01
4.103316613107911848e-01
4.046059735380224676e-01
3.964720888213403294e-01
3.867154236569245729e-01
3.762673726476031266e-01
3.661230758607093572e-01
3.572544335938038218e-01
3.505229924791192220e-01
3.465981948484107567e-01
3.458879489164456422e-01
3.484897078925254799e-01
3.541702240452629380e-01
3.623800803055412523e-01
3.723048420946976078e-01
3.829489061925705484e-01
3.932422609826339843e-01
4.021560718721170491e-01
4.088115411706287339e-01
4.125682456366605022e-01
4.130824814830009184e-01
4.103316634504912686e-01
4.046059755308086814e-01
3.964720906655990751e-01
3.867154253558428012e-01
3.762673742088080142e-01
3.661230772955414436e-01
3.572544349163480071e-01
3.505229937050557965e-01
3.465981959938173596e-01
3.458879499966697746e-01
3.484897089211865806e-01
3.541702250334646251e-01
3.623800812613585665e-01
3.723048430230148642e-01
3.829489070952181162e-01
3.932422618587939067e-01
4.021560727189934514e-01
4.088115419841863440e-01
4.125682464124455495e-01
4.130824822168331911e-01
4.103316641390708508e-01
4.046059761721094161e-01
3.964720912591040425e-01
3.867154259025794572e-01
3.762673747112246225e-01
3.661230777572876960e-01
3.572544353419569996e-01
3.505229940995727156e-01
3.465981963624216733e-01
3.458879503443038073e-01
3.484897092522301065e-01
3.541702253514825705e-01
3.623800815689548482e-01
3.723048433217621134e-01
3.829489073857018644e-01
