4.154129524843620525e-01
4.290559556526179485e-01
4.372767405257415585e-01
4.405131700032878794e-01
4.390962199040221448e-01
4.332020808317468274e-01
4.229060886137618880e-01
4.082876652560536446e-01
3.895871932976495700e-01
3.674356270558423732e-01
3.431593485910346408e-01
3.190875740948092565e-01
2.986482240647915787e-01
2.859097514598206158e-01
2.843480380186564349e-01
2.952017078302930364e-01
3.164891087457956664e-01
3.436449264227144362e-01
3.714819157530277471e-01
3.960673712031091975e-01
4.154129524843776511e-01
4.290559556526124529e-01
4.372767405257607098e-01
4.405131700032742237e-01
4.390962199039943892e-01
4.332020808317663674e-01
4.229060886137317454e-01
4.082876652560675224e-01
3.895871932977071350e-01
3.674356270558425397e-01
3.431593485910366947e-01
3.190875740947847206e-01
2.986482240647720388e-01
2.859097514598434864e-01
2.843480380186695355e-01
2.952017078303161846e-01
3.164891087458304164e-01
3.436449264227456890e-01
3.714819157530282467e-01
3.960673712030999827e-01
4.154129524843575560e-01
4.290559556526045148e-01
4.372767405257553808e-01
4.405131700032708930e-01
4.390962199040099323e-01
4.332020808317462723e-01
4.229060886137689379e-01
4.082876652560463726e-01
3.895871932976584517e-01
3.674356270558185589e-01
3.431593485910410801e-01
3.190875740947753947e-01
2.986482240647751474e-01
2.859097514598193945e-01
2.843480380186466094e-01
2.952017078303268427e-01
3.164891087458247543e-01
3.436449264227144917e-01
3.714819157530092064e-01
3.960673712030748916e-01
4.154129524843549470e-01
4.290559556526573060e-01
4.372767405257607654e-01
4.405131700032691722e-01
4.390962199040054359e-01
4.332020808317558203e-01
4.229060886137847586e-01
4.082876652560711306e-01
3.895871932976299190e-01
3.674356270557897486e-01
3.431593485910238162e-01
3.190875740948077577e-01
2.986482240647931330e-01
2.859097514597917500e-01
2.843480380186717560e-01
2.952017078303503794e-01
3.164891087458119312e-01
3.436449264227313116e-01
3.714819157530565019e-01
3.960673712031196891e-01
4.154129524843307997e-01
4.290559556526019613e-01
4.372767405257517725e-01
4.405131700032504094e-01
4.390962199039498137e-01
4.332020808317503802e-01
4.229060886138302777e-01
4.082876652560677999e-01
3.895871932976441299e-01
3.674356270557779247e-01
3.431593485909931185e-01
3.190875740947904382e-01
2.986482240647768127e-01
2.859097514598400447e-01
2.843480380186643175e-01
2.952017078303471598e-01
3.164891087458342467e-01
3.436449264227221523e-01
3.714819157529751226e-01
3.960673712030765015e-01
