4.013773030828536870e-01
4.107992554233679261e-01
4.168547631438503931e-01
4.194749945912759626e-01
4.187193074328050546e-01
4.147096797334646201e-01
4.076280901852505911e-01
3.977596685085881267e-01
3.855687102943146094e-01
3.717936550110490512e-01
3.575337891724907902e-01
3.442755718917254737e-01
3.337845132927486080e-01
3.278028437883620527e-01
3.275795789698927596e-01
3.334029116833800432e-01
3.443957835792951228e-01
3.587412739984626175e-01
3.742443134901231594e-01
3.889262980127484726e-01
4.013773030828142740e-01
4.107992554233668714e-01
4.168547631438164203e-01
4.194749945912472078e-01
4.187193074327790199e-01
4.147096797334688389e-01
4.076280901852063487e-01
3.977596685086255413e-01
3.855687102943549105e-01
3.717936550110819693e-01
3.575337891725137718e-01
3.442755718917432928e-01
3.337845132927538816e-01
3.278028437883777069e-01
3.275795789699019189e-01
3.334029116833738815e-01
3.443957835792585964e-01
3.587412739984220389e-01
3.742443134900673152e-01
3.889262980127741742e-01
4.013773030828562405e-01
4.107992554233508842e-01
4.168547631438435652e-01
4.194749945912280564e-01
4.187193074328000586e-01
4.147096797334185458e-01
4.076280901852311622e-01
3.977596685086355333e-01
3.855687102943439748e-01
3.717936550110940708e-01
3.575337891725179351e-01
3.442755718917076546e-01
3.337845132927062530e-01
3.278028437883872548e-01
3.275795789699064708e-01
3.334029116833623352e-01
3.443957835792769151e-01
3.587412739984270904e-01
3.742443134900981239e-01
3.889262980127326519e-01
4.013773030827864075e-01
4.107992554233502736e-01
4.168547631438659362e-01
4.194749945913154310e-01
4.187193074328011133e-01
4.147096797334382523e-01
4.076280901852061267e-01
3.977596685086083883e-01
3.855687102943542999e-01
3.717936550110749194e-01
3.575337891724996164e-01
3.442755718917242524e-01
3.337845132927290126e-01
3.278028437883595547e-01
3.275795789699043059e-01
3.334029116833776563e-01
3.443957835792420541e-01
3.587412739984435772e-01
3.742443134901210500e-01
3.889262980126981795e-01
4.013773030828335919e-01
4.107992554233768079e-01
4.168547631438492274e-01
4.194749945912767397e-01
4.187193074327996700e-01
4.147096797334452467e-01
4.076280901852537553e-01
3.977596685086537409e-01
3.855687102943845534e-01
3.717936550110650940e-01
3.575337891725197115e-01
3.442755718917527852e-01
3.337845132927380609e-01
3.278028437883243051e-01
3.275795789698686677e-01
3.334029116833783224e-01
3.443957835792117450e-01
3.587412739984031096e-01
3.742443134901112800e-01
3.889262980127392022e-01
