4.757716148601703332e-01
5.020243486907325359e-01
5.129241081193526286e-01
5.101903518992266795e-01
4.965565275406211287e-01
4.747130805072947712e-01
4.467870645644245742e-01
4.143075584675386946e-01
3.784865748266992291e-01
3.406564149570934230e-01
3.027448633222554752e-01
2.676685097611893882e-01
2.394674707270956493e-01
2.229451087249459951e-01
2.226338174384354385e-01
2.412001052391428979e-01
2.778772529778613665e-01
3.278300481084945872e-01
3.830859450235086783e-01
4.347997130448303382e-01
4.757716148602006423e-01
5.020243486907389752e-01
5.129241081193397500e-01
5.101903518992170206e-01
4.965565275406296220e-01
4.747130805073193072e-01
4.467870645644498873e-01
4.143075584675602885e-01
3.784865748267200458e-01
3.406564149571212896e-01
3.027448633222675212e-01
2.676685097612059860e-01
2.394674707270959269e-01
2.229451087249327002e-01
2.226338174384213386e-01
2.412001052391255507e-01
2.778772529778362199e-01
3.278300481084742146e-01
3.830859450235042374e-01
4.347997130448163494e-01
4.757716148601801587e-01
5.020243486907318697e-01
5.129241081193460783e-01
5.101903518992262354e-01
4.965565275406498835e-01
4.747130805073146442e-01
4.467870645644505534e-01
4.143075584675830481e-01
3.784865748267355334e-01
3.406564149571429945e-01
3.027448633222785679e-01
2.676685097612009345e-01
2.394674707271084724e-01
2.229451087249506303e-01
2.226338174384258906e-01
2.412001052391199718e-01
2.778772529778283928e-01
3.278300481084606144e-01
3.830859450234807007e-01
4.347997130447886494e-01
4.757716148601667805e-01
5.020243486907238761e-01
5.129241081193404161e-01
5.101903518992330078e-01
4.965565275406209622e-01
4.747130805073144222e-01
4.467870645644515526e-01
4.143075584676055856e-01
3.784865748267587926e-01
3.406564149571576494e-01
3.027448633222891150e-01
2.676685097612261366e-01
2.394674707271205460e-01
2.229451087249590679e-01
2.226338174384332735e-01
2.412001052391175571e-01
2.778772529778303357e-01
3.278300481084553963e-01
3.830859450234673780e-01
4.347997130447724401e-01
4.757716148601755513e-01
5.020243486907446373e-01
5.129241081193673946e-01
5.101903518992682018e-01
4.965565275406635393e-01
4.747130805073417892e-01
4.467870645644790306e-01
4.143075584676045309e-01
3.784865748267596253e-01
3.406564149571455480e-01
3.027448633222972751e-01
2.676685097612294117e-01
2.394674707271220171e-01
2.229451087249538499e-01
2.226338174384338564e-01
2.412001052391212763e-01
2.778772529778319456e-01
3.278300481084583384e-01
3.830859450234680996e-01
4.347997130447708858e-01
