3.813291692957314627e-01
3.820142924069644397e-01
3.824586242882179188e-01
3.826194727384076288e-01
3.824820728885297005e-01
3.820606583700820180e-01
3.813967700637175828e-01
3.805550805658646785e-01
3.796171835839788344e-01
3.786739101293323251e-01
3.778168088183709861e-01
3.771294837265788402e-01
3.766795240440153347e-01
3.765117715945554555e-01
3.766436283309178013e-01
3.770629779029612272e-01
3.777290681788645910e-01
3.785763854902373104e-01
3.795211864899735166e-01
3.804700030574115766e-01
3.813291692957311296e-01
3.820142924069561685e-01
3.824586242882118681e-01
3.826194727384054084e-01
3.824820728885232057e-01
3.820606583700980052e-01
3.813967700637241887e-01
3.805550805658711178e-01
3.796171835839856623e-01
3.786739101293519205e-01
3.778168088183734841e-01
3.771294837265845579e-01
3.766795240440286574e-01
3.765117715945650034e-01
3.766436283309163580e-01
3.770629779029571194e-01
3.777290681788647020e-01
3.785763854902464698e-01
3.795211864899790122e-01
3.804700030574016956e-01
3.813291692957327395e-01
3.820142924069651613e-01
3.824586242882166975e-01
3.826194727384046312e-01
3.824820728885186538e-01
3.820606583700750791e-01
3.813967700637062586e-01
3.805550805658547420e-01
3.796171835839715625e-01
3.786739101293154497e-01
3.778168088183366802e-01
3.771294837265510846e-01
3.766795240440009573e-01
3.765117715945413002e-01
3.766436283308939315e-01
3.770629779029476270e-01
3.777290681788472715e-01
3.785763854902298164e-01
3.795211864899576959e-01
3.804700030573996417e-01
3.813291692957261336e-01
3.820142924069617196e-01
3.824586242882042075e-01
3.826194727384034655e-01
3.824820728885163779e-01
3.820606583700792980e-01
3.813967700637094227e-01
3.805550805658652891e-01
3.796171835839896591e-01
3.786739101293536969e-01
3.778168088183792017e-01
3.771294837265884992e-01
3.766795240440350412e-01
3.765117715945754395e-01
3.766436283309316790e-01
3.770629779029660011e-01
3.777290681788820215e-01
3.785763854902538528e-01
3.795211864899808440e-01
3.804700030574099112e-01
3.813291692957316847e-01
3.820142924069594992e-01
3.824586242882230813e-01
3.826194727384095717e-01
3.824820728885188204e-01
3.820606583700883463e-01
3.813967700637236891e-01
3.805550805658668989e-01
3.796171835839936559e-01
3.786739101293501997e-01
3.778168088183875839e-01
3.771294837265937727e-01
3.766795240440323211e-01
3.765117715945719423e-01
3.766436283309186339e-01
3.770629779029665007e-01
3.777290681788726956e-01
3.785763854902500780e-01
3.795211864899924459e-01
3.804700030574293956e-01
