2.635019361636167012e+00
2.792273846795147119e+00
2.860206564870557688e+00
2.846986589636388398e+00
2.767689646622631727e+00
2.638156903712407075e+00
2.471746827002567759e+00
2.278839331810921021e+00
2.068131122436887903e+00
1.848761210038889491e+00
1.632571021137144029e+00
1.435917502204655971e+00
1.280283325645270143e+00
1.190637291768205541e+00
1.190600111699851027e+00
1.294625216602540485e+00
1.499689932579370444e+00
1.781024181996920586e+00
2.095791047794926421e+00
2.394506886861981432e+00
2.635019361636195434e+00
2.792273846795162218e+00
2.860206564870544366e+00
2.846986589636376852e+00
2.767689646622625066e+00
2.638156903712380430e+00
2.471746827002538005e+00
2.278839331810881053e+00
2.068131122436830616e+00
1.848761210038828651e+00
1.632571021137070977e+00
1.435917502204637541e+00
1.280283325645250603e+00
1.190637291768199768e+00
1.190600111699875896e+00
1.294625216602613538e+00
1.499689932579487683e+00
1.781024181997031164e+00
2.095791047795041884e+00
2.394506886862088013e+00
2.635019361636249613e+00
2.792273846795203518e+00
2.860206564870527046e+00
2.846986589636343545e+00
2.767689646622556676e+00
2.638156903712307155e+00
2.471746827002445190e+00
2.278839331810789126e+00
2.068131122436742242e+00
1.848761210038713410e+00
1.632571021136984379e+00
1.435917502204537399e+00
1.280283325645193093e+00
1.190637291768162243e+00
1.190600111699891439e+00
1.294625216602679485e+00
1.499689932579597818e+00
1.781024181997166389e+00
2.095791047795197315e+00
2.394506886862240336e+00
2.635019361636319779e+00
2.792273846795207959e+00
2.860206564870523938e+00
2.846986589636297360e+00
2.767689646622502941e+00
2.638156903712206791e+00
2.471746827002352820e+00
2.278839331810680324e+00
2.068131122436633440e+00
1.848761210038587732e+00
1.632571021136862921e+00
1.435917502204431928e+00
1.280283325645107828e+00
1.190637291768143591e+00
1.190600111699910091e+00
1.294625216602744544e+00
1.499689932579711948e+00
1.781024181997309386e+00
2.095791047795339868e+00
2.394506886862350914e+00
2.635019361636417479e+00
2.792273846795298553e+00
2.860206564870577228e+00
2.846986589636300469e+00
2.767689646622462085e+00
2.638156903712187251e+00
2.471746827002337721e+00
2.278839331810608826e+00
2.068131122436545954e+00
1.848761210038482039e+00
1.632571021136752343e+00
1.435917502204322904e+00
1.280283325645034997e+00
1.190637291768110728e+00
1.190600111699927854e+00
1.294625216602810713e+00
1.499689932579824081e+00
1.781024181997450828e+00
2.095791047795500628e+00
2.394506886862514783e+00
