2.123462167329565276e+00
2.158764495289292817e+00
2.184893352045000903e+00
2.200055961830797102e+00
2.203244281900071488e+00
2.194213638009622880e+00
2.173493313542357086e+00
2.142428187962150954e+00
2.103237859044173153e+00
2.059059935245824313e+00
2.013915414699393835e+00
1.972503569964808801e+00
1.939728225210043178e+00
1.919924533270646716e+00
1.915926107527917699e+00
1.928316069219271567e+00
1.955246204005247623e+00
1.992949115165514540e+00
2.036674858311696479e+00
2.081606277671863126e+00
2.123462167329621231e+00
2.158764495289322571e+00
2.184893352045020887e+00
2.200055961830807316e+00
2.203244281900061274e+00
2.194213638009633982e+00
2.173493313542376182e+00
2.142428187962146513e+00
2.103237859044191804e+00
2.059059935245814543e+00
2.013915414699400497e+00
1.972503569964795034e+00
1.939728225210045176e+00
1.919924533270558564e+00
1.915926107527887723e+00
1.928316069219257134e+00
1.955246204005230304e+00
1.992949115165508989e+00
2.036674858311677383e+00
2.081606277671926630e+00
2.123462167329623895e+00
2.158764495289379415e+00
2.184893352045004900e+00
2.200055961830775342e+00
2.203244281900079482e+00
2.194213638009633982e+00
2.173493313542376182e+00
2.142428187962143404e+00
2.103237859044204239e+00
2.059059935245852291e+00
2.013915414699424922e+00
1.972503569964805914e+00
1.939728225210060053e+00
1.919924533270557676e+00
1.915926107527876843e+00
1.928316069219238038e+00
1.955246204005200106e+00
1.992949115165515650e+00
2.036674858311712466e+00
2.081606277671909311e+00
2.123462167329631445e+00
2.158764495289363428e+00
2.184893352044987136e+00
2.200055961830766904e+00
2.203244281900080370e+00
2.194213638009637535e+00
2.173493313542386840e+00
2.142428187962161612e+00
2.103237859044210012e+00
2.059059935245840744e+00
2.013915414699448458e+00
1.972503569964839887e+00
1.939728225210054058e+00
1.919924533270535472e+00
1.915926107527878397e+00
1.928316069219231377e+00
1.955246204005206989e+00
1.992949115165526974e+00
2.036674858311747993e+00
2.081606277671888439e+00
2.123462167329615458e+00
2.158764495289387852e+00
2.184893352044970705e+00
2.200055961830789109e+00
2.203244281900083923e+00
2.194213638009624656e+00
2.173493313542398386e+00
2.142428187962164277e+00
2.103237859044232660e+00
2.059059935245856288e+00
2.013915414699463113e+00
1.972503569964869641e+00
1.939728225210032075e+00
1.919924533270572109e+00
1.915926107527883948e+00
1.928316069219231155e+00
1.955246204005227861e+00
1.992949115165499219e+00
2.036674858311729341e+00
2.081606277671866678e+00
