2.170557323028547536e+00
2.243304429371345776e+00
2.298698745582546721e+00
2.331385820613506077e+00
2.338339018921442136e+00
2.319089112402762609e+00
2.275689657477089511e+00
2.212452166218823013e+00
2.135500698037318124e+00
2.052197756403706386e+00
1.970487911507892154e+00
1.898199366927994403e+00
1.842342293467507108e+00
1.808448254258041121e+00
1.800005246749703636e+00
1.818051901716249974e+00
1.860994629777846798e+00
1.924696752363330710e+00
2.002857107048763297e+00
2.087651786086535122e+00
2.170566764271910198e+00
2.243313857225344155e+00
2.298708077209993927e+00
2.331394960613914158e+00
2.338347870759506453e+00
2.319097588810786981e+00
2.275697688860159218e+00
2.212459706494765754e+00
2.135507727723423343e+00
2.052204283054484879e+00
1.970493967792351198e+00
1.898205006729470234e+00
1.842347586433348727e+00
1.808453279261452273e+00
1.800010084777631691e+00
1.818056628763881299e+00
1.860999310386590944e+00
1.924701434443060855e+00
2.002861818538935079e+00
2.087656533818960103e+00
2.170571535120113804e+00
2.243318621313448169e+00
2.298712792677357619e+00
2.331399579251720144e+00
2.338352343785859766e+00
2.319101872127248942e+00
2.275701747298993993e+00
2.212463516769854088e+00
2.135511279989961597e+00
2.052207581130073955e+00
1.970497028185392629e+00
1.898207856668358451e+00
1.842350261112336796e+00
1.808455818536865323e+00
1.800012529573956188e+00
1.818059017483194761e+00
1.861001675643118469e+00
1.924703800446650126e+00
2.002864199407774937e+00
2.087658933004877149e+00
2.170573945989361597e+00
2.243321028768292980e+00
2.298715175563814661e+00
2.331401913207959087e+00
2.338354604160545858e+00
2.319104036635878163e+00
2.275703798170121583e+00
2.212465442236254187e+00
2.135513075076786560e+00
2.052209247766525468e+00
1.970498574713747120e+00
1.898209296848058614e+00
1.842351612728234667e+00
1.808457101729726402e+00
1.800013765024346846e+00
1.818060224597031205e+00
1.861002870901505846e+00
1.924704996083649311e+00
2.002865402557718166e+00
2.087660145411972756e+00
2.170575164301165483e+00
2.243322245355154454e+00
2.298716379735636473e+00
2.331403092653611786e+00
2.338355746422638770e+00
2.319105130453096741e+00
2.275704834561815382e+00
2.212466415255982533e+00
2.135513982210544448e+00
2.052210089989245922e+00
1.970499356241137479e+00
1.898210024633331106e+00
1.842352295758816538e+00
1.808457750183590340e+00
1.800014389352244670e+00
1.818060834605597087e+00
1.861003474919328271e+00
1.924705600293109775e+00
2.002866010564094079e+00
2.087660758096634428e+00
