2.132688915553289100e+00
2.184588111462138382e+00
2.225140575641345819e+00
2.250386874037378249e+00
2.257888014759202200e+00
2.246951957313205295e+00
2.218685363451447845e+00
2.175871629927518480e+00
2.122692318296307779e+00
2.064321548448088350e+00
2.006431633038506135e+00
1.954653745743090587e+00
1.914040379518985091e+00
1.888577009777436144e+00
1.880788364910014554e+00
1.891479179701514912e+00
1.919639400583327937e+00
1.962529243556292435e+00
2.015941088952748927e+00
2.074615018163227020e+00
2.132765924873136765e+00
2.184665902666006243e+00
2.225218709326668876e+00
2.250464792294757821e+00
2.257965100712205686e+00
2.247027598174531349e+00
2.218759010749361327e+00
2.175942851268954037e+00
2.122760836219055314e+00
2.064387263368657521e+00
2.006494628850279849e+00
1.954714278140353700e+00
1.914098848546679221e+00
1.888633919390650728e+00
1.880844273424612911e+00
1.891534645855662777e+00
1.919694930408702538e+00
1.962585243269750146e+00
2.015997828546814752e+00
2.074672609290653558e+00
2.132824315078365895e+00
2.184724886203286420e+00
2.225277952973571338e+00
2.250523872984508067e+00
2.258023550681554692e+00
2.247084952775679323e+00
2.218814854113766000e+00
2.175996855551972420e+00
2.122812791054399906e+00
2.064437093264519962e+00
2.006542397432178326e+00
1.954760179298240086e+00
1.914143185622928733e+00
1.888677074518501531e+00
1.880886669958607760e+00
1.891576707471804397e+00
1.919737040816010598e+00
1.962627710485085553e+00
2.016040857281805376e+00
2.074716284178523829e+00
2.132868596298636898e+00
2.184769617686679766e+00
2.225322881980209111e+00
2.250568678645628928e+00
2.258067878240259230e+00
2.247128449846763409e+00
2.218857205312892766e+00
2.176037812255544157e+00
2.122852193734403592e+00
2.064474884679071476e+00
2.006578625842077912e+00
1.954794991753337596e+00
1.914176812179795739e+00
1.888709804988516039e+00
1.880918825416369566e+00
1.891608609236486993e+00
1.919768979894897809e+00
1.962659920476745201e+00
2.016073493431236763e+00
2.074749410654048720e+00
2.132902182872912000e+00
2.184803545960426252e+00
2.225356960233250359e+00
2.250602663486827026e+00
2.258101500579856147e+00
2.247161442399326248e+00
2.218889328862550414e+00
2.176068878227170433e+00
2.122882081132706933e+00
2.064503550092174677e+00
2.006606105880574198e+00
1.954821397958167672e+00
1.914202319052111356e+00
1.888734632353977760e+00
1.880943216814711993e+00
1.891632808393442833e+00
1.919793207543773805e+00
1.962684353803488824e+00
2.016098250185689000e+00
2.074774539497903802e+00
