2.149862692149710153e+00
2.196329122758798214e+00
2.230040885670330653e+00
2.247799905563895084e+00
2.248060231374285678e+00
2.231005148353882195e+00
2.198450039881388651e+00
2.153610300121386434e+00
2.100776682001993301e+00
2.044932793479075528e+00
1.991337950186522932e+00
1.945090174197407595e+00
1.910683436881403630e+00
1.891581276912281062e+00
1.889842650793920331e+00
1.905848909753303344e+00
1.938185299455048805e+00
1.983720001751084316e+00
2.037896818347411987e+00
2.095219056651546286e+00
2.149862697611928386e+00
2.196329127934628200e+00
2.230040890542113186e+00
2.247799910113965183e+00
2.248060235589230960e+00
2.231005152227406807e+00
2.198450043415754784e+00
2.153610303327614162e+00
2.100776684899023916e+00
2.044932796092274074e+00
1.991337952545772838e+00
1.945090176335084520e+00
1.910683438830341307e+00
1.891581278703910796e+00
1.889842652456658945e+00
1.905848911311289529e+00
1.938185300927271149e+00
1.983720003151048905e+00
2.037896819683264749e+00
2.095219057926745787e+00
2.149862698826201068e+00
2.196329129085227372e+00
2.230040891625118871e+00
2.247799911125460959e+00
2.248060236526220113e+00
2.231005153088493120e+00
2.198450044201449405e+00
2.153610304040372014e+00
2.100776685543048306e+00
2.044932796673197828e+00
1.991337953070243083e+00
1.945090176810291727e+00
1.910683439263590966e+00
1.891581279102198643e+00
1.889842652826299041e+00
1.905848911657640032e+00
1.938185301254560455e+00
1.983720003462271064e+00
2.037896819980240526e+00
2.095219058210229690e+00
2.149862699096138474e+00
2.196329129341006769e+00
2.230040891865876951e+00
2.247799911350316648e+00
2.248060236734517936e+00
2.231005153279919995e+00
2.198450044376116352e+00
2.153610304198819048e+00
2.100776685686211565e+00
2.044932796802334529e+00
1.991337953186832932e+00
1.945090176915935887e+00
1.910683439359909919e+00
1.891581279190740261e+00
1.889842652908473974e+00
1.905848911734639328e+00
1.938185301327314036e+00
1.983720003531463050e+00
2.037896820046268154e+00
2.095219058273260604e+00
2.149862699156164680e+00
2.196329129397883495e+00
2.230040891919408796e+00
2.247799911400312656e+00
2.248060236780835108e+00
2.231005153322484169e+00
2.198450044414948401e+00
2.153610304234048201e+00
2.100776685718053649e+00
2.044932796831057331e+00
1.991337953212759970e+00
1.945090176939425319e+00
1.910683439381327675e+00
1.891581279210431621e+00
1.889842652926747135e+00
1.905848911751762742e+00
1.938185301343501754e+00
1.983720003546850075e+00
2.037896820060952408e+00
2.095219058287274283e+00
