2.335450978866151495e+00
2.436656370436800945e+00
2.497148054601268985e+00
2.513617644694586151e+00
2.487629950324774963e+00
2.424256701732676156e+00
2.330716880168127947e+00
2.215400626937586104e+00
2.087383122891752762e+00
1.956317982126251520e+00
1.832472190799591782e+00
1.726616765713985258e+00
1.649508081301995110e+00
1.610795266670901116e+00
1.617390031936793759e+00
1.671622326173228812e+00
1.769780789438220703e+00
1.901726823763927099e+00
2.052026843157829905e+00
2.202496415236580685e+00
2.335450978866166150e+00
2.436656370436815600e+00
2.497148054601264100e+00
2.513617644694586151e+00
2.487629950324752315e+00
2.424256701732653951e+00
2.330716880168091087e+00
2.215400626937553685e+00
2.087383122891716347e+00
1.956317982126216659e+00
1.832472190799575351e+00
1.726616765713972379e+00
1.649508081301992446e+00
1.610795266670906001e+00
1.617390031936809303e+00
1.671622326173258788e+00
1.769780789438270885e+00
1.901726823763964624e+00
2.052026843157870761e+00
2.202496415236617988e+00
2.335450978866203897e+00
2.436656370436836916e+00
2.497148054601276534e+00
2.513617644694573272e+00
2.487629950324728778e+00
2.424256701732622865e+00
2.330716880168055560e+00
2.215400626937528816e+00
2.087383122891686149e+00
1.956317982126188237e+00
1.832472190799538936e+00
1.726616765713943735e+00
1.649508081301968021e+00
1.610795266670893122e+00
1.617390031936809081e+00
1.671622326173279660e+00
1.769780789438295088e+00
1.901726823764013030e+00
2.052026843157912062e+00
2.202496415236652627e+00
2.335450978866242089e+00
2.436656370436868002e+00
2.497148054601299627e+00
2.513617644694609687e+00
2.487629950324754091e+00
2.424256701732626418e+00
2.330716880168044014e+00
2.215400626937495954e+00
2.087383122891665721e+00
1.956317982126156929e+00
1.832472190799516287e+00
1.726616765713919088e+00
1.649508081301958251e+00
1.610795266670892456e+00
1.617390031936821293e+00
1.671622326173292317e+00
1.769780789438327950e+00
1.901726823764065433e+00
2.052026843157957359e+00
2.202496415236703697e+00
2.335450978866281169e+00
2.436656370436908858e+00
2.497148054601315614e+00
2.513617644694594588e+00
2.487629950324732775e+00
2.424256701732598440e+00
2.330716880168004490e+00
2.215400626937450212e+00
2.087383122891621312e+00
1.956317982126119182e+00
1.832472190799484535e+00
1.726616765713894441e+00
1.649508081301937379e+00
1.610795266670881354e+00
1.617390031936824402e+00
1.671622326173311857e+00
1.769780789438361257e+00
1.901726823764098961e+00
2.052026843157993774e+00
2.202496415236723237e+00
