2.164302769888067246e+00
2.167246140076279470e+00
2.169009095554619737e+00
2.169425696284833283e+00
2.168461437858782315e+00
2.166214244164320846e+00
2.162903552272602781e+00
2.158849048750933086e+00
2.154441046049670128e+00
2.150104766109512511e+00
2.146261092334325937e+00
2.143286738347182308e+00
2.141477210425037914e+00
2.141016237487634477e+00
2.141955272467079840e+00
2.144206026091795447e+00
2.147547701740536219e+00
2.151648778125419437e+00
2.156101153335018950e+00
2.160462656488438604e+00
2.164302769888081901e+00
2.167246140076289240e+00
2.169009095554641053e+00
2.169425696284830618e+00
2.168461437858771657e+00
2.166214244164315517e+00
2.162903552272589902e+00
2.158849048750942412e+00
2.154441046049673680e+00
2.150104766109523613e+00
2.146261092334345477e+00
2.143286738347195630e+00
2.141477210425037470e+00
2.141016237487630036e+00
2.141955272467074956e+00
2.144206026091781681e+00
2.147547701740525561e+00
2.151648778125400785e+00
2.156101153334998077e+00
2.160462656488425282e+00
2.164302769888060585e+00
2.167246140076275918e+00
2.169009095554621958e+00
2.169425696284831062e+00
2.168461437858773433e+00
2.166214244164316849e+00
2.162903552272591678e+00
2.158849048750930422e+00
2.154441046049670572e+00
2.150104766109525389e+00
2.146261092334336595e+00
2.143286738347184084e+00
2.141477210425032585e+00
2.141016237487623819e+00
2.141955272467068294e+00
2.144206026091795891e+00
2.147547701740538439e+00
2.151648778125412775e+00
2.156101153335014065e+00
2.160462656488425726e+00
2.164302769888065470e+00
2.167246140076268812e+00
2.169009095554604638e+00
2.169425696284809302e+00
2.168461437858757002e+00
2.166214244164311964e+00
2.162903552272589458e+00
2.158849048750928645e+00
2.154441046049672348e+00
2.150104766109513843e+00
2.146261092334333931e+00
2.143286738347183196e+00
2.141477210425039246e+00
2.141016237487631368e+00
2.141955272467076288e+00
2.144206026091787454e+00
2.147547701740533554e+00
2.151648778125415884e+00
2.156101153335015397e+00
2.160462656488432387e+00
2.164302769888065026e+00
2.167246140076271477e+00
2.169009095554615740e+00
2.169425696284829730e+00
2.168461437858777874e+00
2.166214244164318181e+00
2.162903552272595675e+00
2.158849048750932198e+00
2.154441046049679009e+00
2.150104766109512067e+00
2.146261092334334375e+00
2.143286738347185860e+00
2.141477210425042799e+00
2.141016237487626483e+00
2.141955272467067406e+00
2.144206026091791895e+00
2.147547701740531778e+00
2.151648778125403005e+00
2.156101153335003850e+00
2.160462656488412403e+00
