2.302603396623278620e+00
2.493734620640621902e+00
2.642304775132092942e+00
2.733907269673850227e+00
2.760009959314714045e+00
2.718622812170348624e+00
2.614277406999514053e+00
2.457402312308000436e+00
2.263222905482022096e+00
2.050321809449239030e+00
1.838981039024283781e+00
1.649407928931850842e+00
1.499939816211693033e+00
1.405334467300173751e+00
1.375280175766666391e+00
1.413286672022854962e+00
1.516125214003302135e+00
1.673955438748874203e+00
1.871200573594265393e+00
2.088120864706716429e+00
2.302913074954526795e+00
2.494065276249774588e+00
2.642650117198525272e+00
2.734259414986584424e+00
2.760360292679614247e+00
2.718962866339851736e+00
2.614599669458217868e+00
2.457700889107543141e+00
2.263493998307799515e+00
2.050563985104727927e+00
1.839195287434062465e+00
1.649597516794190089e+00
1.500109951225659044e+00
1.405491795996855142e+00
1.375432149089844458e+00
1.413440827372873132e+00
1.516288438039478992e+00
1.674133287032401274e+00
1.871396725611498502e+00
2.088336781984839519e+00
2.303147905506142568e+00
2.494316014459247999e+00
2.642911991835819485e+00
2.734526447546031136e+00
2.760625950004183427e+00
2.719220727930021120e+00
2.614844039176391188e+00
2.457927298376794134e+00
2.263699567648029376e+00
2.050747628301737624e+00
1.839357755444029907e+00
1.649741286809878416e+00
1.500238972196073384e+00
1.405611108002934539e+00
1.375547402395807195e+00
1.413557738034617151e+00
1.516412228803954543e+00
1.674268171244990278e+00
1.871545493749777078e+00
2.088500542239885682e+00
2.303326011258345130e+00
2.494506185581928381e+00
2.643110609092793162e+00
2.734728976195893502e+00
2.760827434884099318e+00
2.719416299604756837e+00
2.615029377830520030e+00
2.458099015347555483e+00
2.263855479493807721e+00
2.050886911542771252e+00
1.839480979813549189e+00
1.649850331142867388e+00
1.500336831503735535e+00
1.405701604895150503e+00
1.375634822389989687e+00
1.413646416688071339e+00
1.516506127618587607e+00
1.674370486133997415e+00
1.871658341320469710e+00
2.088624762938333213e+00
2.303461114324779402e+00
2.494650441089598658e+00
2.643261271331876827e+00
2.734882605083006624e+00
2.760980271574314138e+00
2.719564650453570209e+00
2.615169966250856071e+00
2.458229271154003470e+00
2.263973746716179125e+00
2.050992565738952056e+00
1.839574453263456810e+00
1.649933049060987367e+00
1.500411065745102190e+00
1.405770255116614464e+00
1.375701139461034117e+00
1.413713689521559180e+00
1.516577361441232563e+00
1.674448105422307487e+00
1.871743951752317114e+00
2.088719002005915648e+00
