2.531334752910237462e+00
2.788062063386443690e+00
2.963597314078172840e+00
3.044220191192423375e+00
3.027992955220375482e+00
2.922572336939096793e+00
2.742241547594832518e+00
2.505211432570685570e+00
2.231780456553727809e+00
1.943436573928362554e+00
1.662591560367927990e+00
1.412410288650855605e+00
1.216134197231503844e+00
1.095411717590303091e+00
1.067471803403830188e+00
1.141506496186103004e+00
1.315233083667210146e+00
1.572992398108402856e+00
1.886573954901566319e+00
2.219128145784465822e+00
2.531334790499999432e+00
2.788062101788732150e+00
2.963597351834096560e+00
3.044220226972676357e+00
3.027992987986891205e+00
2.922572366016963130e+00
2.742241572668265626e+00
2.505211453630867613e+00
2.231780473827226441e+00
1.943436587807511717e+00
1.662591571354120168e+00
1.412410297312944873e+00
1.216134204174631250e+00
1.095411723427601958e+00
1.067471808723966742e+00
1.141506501513130489e+00
1.315233089415755785e+00
1.572992404543346545e+00
1.886573962114501013e+00
2.219128153696960926e+00
2.531334798895454874e+00
2.788062110365639334e+00
2.963597360266656988e+00
3.044220234963967542e+00
3.027992995305083035e+00
2.922572372511318850e+00
2.742241578268237223e+00
2.505211458334516639e+00
2.231780477685135100e+00
1.943436590907322126e+00
1.662591573807811862e+00
1.412410299247556233e+00
1.216134205725327710e+00
1.095411724731325309e+00
1.067471809912192482e+00
1.141506502702904546e+00
1.315233090699683860e+00
1.572992405980580433e+00
1.886573963725498793e+00
2.219128155464205499e+00
2.531334800770545179e+00
2.788062112281265215e+00
2.963597362150016234e+00
3.044220236748773623e+00
3.027992996939550263e+00
2.922572373961762171e+00
2.742241579518931882e+00
2.505211459385008776e+00
2.231780478546740998e+00
1.943436591599609464e+00
1.662591574355791746e+00
1.412410299679625059e+00
1.216134206071647794e+00
1.095411725022497729e+00
1.067471810177572200e+00
1.141506502968639314e+00
1.315233090986456022e+00
1.572992406301595869e+00
1.886573964085326072e+00
2.219128155858905327e+00
2.531334801189344841e+00
2.788062112709109641e+00
2.963597362570647320e+00
3.044220237147380992e+00
3.027992997304566725e+00
2.922572374285701713e+00
2.742241579798256890e+00
2.505211459619611780e+00
2.231780478739183948e+00
1.943436591754211573e+00
1.662591574478162526e+00
1.412410299776107436e+00
1.216134206148985486e+00
1.095411725087522381e+00
1.067471810236846563e+00
1.141506503028001163e+00
1.315233091050529213e+00
1.572992406373314056e+00
1.886573964165731310e+00
2.219128155947087677e+00
