2.225271315840145814e+00
2.312845285331536438e+00
2.375197460884396428e+00
2.410497867370758662e+00
2.417578997626735671e+00
2.395893879240273083e+00
2.345531030054143429e+00
2.267374421434775744e+00
2.163497648435374732e+00
2.037914971635217842e+00
1.897854695645837309e+00
1.755630195316667752e+00
1.630496393223032969e+00
1.547899269498083097e+00
1.531584534347113724e+00
1.588922040023124094e+00
1.702997917708788167e+00
1.843679850469851722e+00
1.985661555680048540e+00
2.115014305692914931e+00
2.225271315840108510e+00
2.312845285331512457e+00
2.375197460884388434e+00
2.410497867370752445e+00
2.417578997626737003e+00
2.395893879240284186e+00
2.345531030054166077e+00
2.267374421434779297e+00
2.163497648435401821e+00
2.037914971635229833e+00
1.897854695645878165e+00
1.755630195316731923e+00
1.630496393223052731e+00
1.547899269498111074e+00
1.531584534347117943e+00
1.588922040023118765e+00
1.702997917708731324e+00
1.843679850470041792e+00
1.985661555680094281e+00
2.115014305692876295e+00
2.225271315840088082e+00
2.312845285331501355e+00
2.375197460884395984e+00
2.410497867370725356e+00
2.417578997626734338e+00
2.395893879240286850e+00
2.345531030054182065e+00
2.267374421434820153e+00
2.163497648435423582e+00
2.037914971635275130e+00
1.897854695645910361e+00
1.755630195316789210e+00
1.630496393223073825e+00
1.547899269498119734e+00
1.531584534347102844e+00
1.588922040023122761e+00
1.702997917708759301e+00
1.843679850470034465e+00
1.985661555680129364e+00
2.115014305692882068e+00
2.225271315840096964e+00
2.312845285331537770e+00
2.375197460884370670e+00
2.410497867370733349e+00
2.417578997626735671e+00
2.395893879240281965e+00
2.345531030054203825e+00
2.267374421434857901e+00
2.163497648435427578e+00
2.037914971635290673e+00
1.897854695645905476e+00
1.755630195316766784e+00
1.630496393223074048e+00
1.547899269498087538e+00
1.531584534347100179e+00
1.588922040023110327e+00
1.702997917708736875e+00
1.843679850469988724e+00
1.985661555680133361e+00
2.115014305692897167e+00
2.225271315840069875e+00
2.312845285331515566e+00
2.375197460884395539e+00
2.410497867370729352e+00
2.417578997626740112e+00
2.395893879240283297e+00
2.345531030054234911e+00
2.267374421434843690e+00
2.163497648435448895e+00
2.037914971635307548e+00
1.897854695645917245e+00
1.755630195316826736e+00
1.630496393223062279e+00
1.547899269498055785e+00
1.531584534347088189e+00
1.588922040023071691e+00
1.702997917708770403e+00
1.843679850469984283e+00
1.985661555680089174e+00
2.115014305692906049e+00
