2.138459541057223134e+00
2.190148691657736624e+00
2.228863215857482594e+00
2.252286769572436675e+00
2.259109873635487542e+00
2.248931279848531251e+00
2.222237443547846691e+00
2.180465893139162059e+00
2.126147260306762821e+00
2.063098840154367064e+00
1.996595106611626091e+00
1.933354786870981723e+00
1.881080378711432077e+00
1.847283347771027540e+00
1.837446026839934188e+00
1.853233407727694182e+00
1.891867808652243799e+00
1.947153497620765839e+00
2.011427985969879373e+00
2.077278128552052738e+00
2.138459541057170732e+00
2.190148691657748170e+00
2.228863215857461721e+00
2.252286769572472203e+00
2.259109873635494203e+00
2.248931279848531251e+00
2.222237443547858238e+00
2.180465893139157618e+00
2.126147260306754383e+00
2.063098840154394598e+00
1.996595106611624981e+00
1.933354786870968844e+00
1.881080378711421863e+00
1.847283347771012441e+00
1.837446026839917979e+00
1.853233407727703952e+00
1.891867808652250904e+00
1.947153497620726759e+00
2.011427985969888255e+00
2.077278128552070946e+00
2.138459541057225799e+00
2.190148691657738400e+00
2.228863215857485702e+00
2.252286769572445113e+00
2.259109873635486654e+00
2.248931279848533471e+00
2.222237443547854241e+00
2.180465893139162503e+00
2.126147260306747278e+00
2.063098840154370617e+00
1.996595106611626980e+00
1.933354786870981279e+00
1.881080378711403212e+00
1.847283347771028428e+00
1.837446026839934188e+00
1.853233407727693960e+00
1.891867808652243577e+00
1.947153497620765839e+00
2.011427985969878929e+00
2.077278128552050962e+00
2.138459541057214253e+00
2.190148691657730406e+00
2.228863215857481261e+00
2.252286769572439784e+00
2.259109873635487542e+00
2.248931279848541021e+00
2.222237443547853353e+00
2.180465893139158950e+00
2.126147260306779696e+00
2.063098840154375058e+00
1.996595106611632309e+00
1.933354786870980169e+00
1.881080378711429857e+00
1.847283347771031536e+00
1.837446026839935964e+00
1.853233407727692184e+00
1.891867808652256455e+00
1.947153497620762508e+00
2.011427985969877597e+00
2.077278128552063841e+00
2.138459541057223134e+00
2.190148691657736624e+00
2.228863215857484814e+00
2.252286769572437120e+00
2.259109873635487542e+00
2.248931279848533471e+00
2.222237443547854241e+00
2.180465893139162503e+00
2.126147260306763709e+00
2.063098840154367952e+00
1.996595106611626980e+00
1.933354786870981723e+00
1.881080378711432077e+00
1.847283347771027540e+00
1.837446026839934188e+00
1.853233407727693960e+00
1.891867808652243133e+00
1.947153497620760287e+00
2.011427985969873156e+00
2.077278128552056735e+00
