2.552878777660414933e+00
2.800709058277859320e+00
2.964302913670381123e+00
3.032214705998371063e+00
3.004987169685153336e+00
2.892232340042979910e+00
2.709200882766690910e+00
2.473981290419466017e+00
2.205863237014326295e+00
1.924825302522317871e+00
1.651715224587652742e+00
1.408487130626977724e+00
1.217810761189267899e+00
1.101482094320180405e+00
1.077406956040906305e+00
1.155535573806354854e+00
1.333867598781177444e+00
1.596158212357517980e+00
1.912783283646374066e+00
2.245191097874958963e+00
2.552878780098517097e+00
2.800709060723994170e+00
2.964302916029391888e+00
3.032214708189614250e+00
3.004987171651557265e+00
2.892232341753454783e+00
2.709200884213463389e+00
2.473981291612921574e+00
2.205863237977095270e+00
1.924825303284501077e+00
1.651715225183078006e+00
1.408487131091079370e+00
1.217810761557500232e+00
1.101482094626873520e+00
1.077406956317923381e+00
1.155535574081168582e+00
1.333867599074726629e+00
1.596158212682387445e+00
1.912783284005765028e+00
2.245191098263385143e+00
2.552878780503877731e+00
2.800709061130645772e+00
2.964302916421571066e+00
3.032214708553885529e+00
3.004987171978442007e+00
2.892232342037781567e+00
2.709200884453959457e+00
2.473981291811275351e+00
2.205863238137121929e+00
1.924825303411155542e+00
1.651715225282045063e+00
1.408487131168196349e+00
1.217810761618697502e+00
1.101482094677847412e+00
1.077406956363972768e+00
1.155535574126851150e+00
1.333867599123548020e+00
1.596158212736395798e+00
1.912783284065540101e+00
2.245191098327958823e+00
2.552878780571270045e+00
2.800709061198267236e+00
2.964302916486756700e+00
3.032214708614432652e+00
3.004987172032764331e+00
2.892232342085023333e+00
2.709200884493917716e+00
2.473981291844230768e+00
2.205863238163686013e+00
1.924825303432197376e+00
1.651715225298463929e+00
1.408487131181010543e+00
1.217810761628847827e+00
1.101482094686322633e+00
1.077406956371630642e+00
1.155535574134468169e+00
1.333867599131678405e+00
1.596158212745425908e+00
1.912783284075506129e+00
2.245191098338761737e+00
2.552878780582509055e+00
2.800709061209553763e+00
2.964302916497656426e+00
3.032214708624545452e+00
3.004987172041827748e+00
2.892232342092894370e+00
2.709200884500553741e+00
2.473981291849712605e+00
2.205863238168097595e+00
1.924825303435666379e+00
1.651715225301183754e+00
1.408487131183121521e+00
1.217810761630543581e+00
1.101482094687731506e+00
1.077406956372918945e+00
1.155535574135753363e+00
1.333867599133068849e+00
1.596158212746959348e+00
1.912783284077212320e+00
2.245191098340582059e+00
