2.361773186349605425e+00
2.570350548726795026e+00
2.727001808221909851e+00
2.816974869005716808e+00
2.832888163033800755e+00
2.774894805927680785e+00
2.650018565293992712e+00
2.470970649678812858e+00
2.254737049394796689e+00
2.021124708925779778e+00
1.791327206400457728e+00
1.586469604427813485e+00
1.426054559257744714e+00
1.326272980885184971e+00
1.298253186268122361e+00
1.346466559305556698e+00
1.467626271132167259e+00
1.650442826984856781e+00
1.876492388446247217e+00
2.122219252271360546e+00
2.361802966355961875e+00
2.570381849253139617e+00
2.727033855401404860e+00
2.817006796614521136e+00
2.832919116741223320e+00
2.774924030953007659e+00
2.650045469516883578e+00
2.470994840503810241e+00
2.254758347260485518e+00
2.021143142509944646e+00
1.791342994506023967e+00
1.586483128062294190e+00
1.426066325595843454e+00
1.326283579596326812e+00
1.298263238745113179e+00
1.346476662790757173e+00
1.467636942140671419e+00
1.650454450762003367e+00
1.876505182247836023e+00
2.122233249121237453e+00
2.361818022553647811e+00
2.570397674198890314e+00
2.727050057832529628e+00
2.817022938578301439e+00
2.832934766303326857e+00
2.774938806514980705e+00
2.650059071721841963e+00
2.471007070871982236e+00
2.254769115016702852e+00
2.021152462157919327e+00
1.791350976669829231e+00
1.586489965370952104e+00
1.426072274465060019e+00
1.326288938150110175e+00
1.298268321147865834e+00
1.346481770998782856e+00
1.467642337297251354e+00
1.650460327642675695e+00
1.876511650694041800e+00
2.122240325827446927e+00
2.361825634862904533e+00
2.570405675182561911e+00
2.727058249667857925e+00
2.817031099837484120e+00
2.832942678603009856e+00
2.774946276922825028e+00
2.650065948887350586e+00
2.471013254447732788e+00
2.254774559109665066e+00
2.021157174102442333e+00
1.791355012397101154e+00
1.586493422272610143e+00
1.426075282182476256e+00
1.326291647412284558e+00
1.298270890794193555e+00
1.346484353696880465e+00
1.467645065080299682e+00
1.650463298988684935e+00
1.876514921138382919e+00
2.122243903810247190e+00
2.361829483647929884e+00
2.570409720481653171e+00
2.727062391460895796e+00
2.817035226169974038e+00
2.832946679060181161e+00
2.774950053958400886e+00
2.650069425979159732e+00
2.471016380860868722e+00
2.254777311641203763e+00
2.021159556461078921e+00
1.791357052861782817e+00
1.586495170084443185e+00
1.426076802888007533e+00
1.326293017220001591e+00
1.298272190013325833e+00
1.346485659516384548e+00
1.467646444256436311e+00
1.650464801312216290e+00
1.876516574688135375e+00
2.122245712853368271e+00
