2.263081955143961377e+00
2.328758517501301029e+00
2.376300168899246223e+00
2.403574034223347144e+00
2.409331887261056071e+00
2.393138216808988972e+00
2.355402722936422943e+00
2.297531964803920079e+00
2.222227734047458103e+00
2.133946417046281407e+00
2.039469936693613317e+00
1.948361144025729352e+00
1.872733641992685438e+00
1.825445509395035470e+00
1.816267746976800712e+00
1.847494567477961480e+00
1.912380987865367921e+00
1.998260476087837301e+00
2.091813592206118066e+00
2.182499534852058165e+00
2.263081955143905866e+00
2.328758517501273495e+00
2.376300168899213805e+00
2.403574034223319611e+00
2.409331887261065397e+00
2.393138216809002738e+00
2.355402722936459803e+00
2.297531964803983140e+00
2.222227734047506509e+00
2.133946417046352018e+00
2.039469936693609320e+00
1.948361144025789526e+00
1.872733641992715636e+00
1.825445509395051680e+00
1.816267746976801378e+00
1.847494567477944827e+00
1.912380987865333504e+00
1.998260476087768245e+00
2.091813592206045236e+00
2.182499534851997325e+00
2.263081955143848578e+00
2.328758517501212211e+00
2.376300168899179610e+00
2.403574034223310729e+00
2.409331887261056959e+00
2.393138216809019614e+00
2.355402722936501547e+00
2.297531964804040872e+00
2.222227734047554470e+00
2.133946417046419075e+00
2.039469936693655061e+00
1.948361144025835268e+00
1.872733641991954689e+00
1.825445509394944876e+00
1.816267746976783837e+00
1.847494567477913074e+00
1.912380987865288651e+00
1.998260476087722726e+00
2.091813592206011929e+00
2.182499534852053724e+00
2.263081955143849910e+00
2.328758517501152703e+00
2.376300168899154741e+00
2.403574034223279199e+00
2.409331887261068506e+00
2.393138216809044483e+00
2.355402722936519755e+00
2.297531964804058635e+00
2.222227734047550918e+00
2.133946417046490573e+00
2.039469936693742547e+00
1.948361144025901437e+00
1.872733641991987774e+00
1.825445509394971966e+00
1.816267746976782504e+00
1.847494567477899308e+00
1.912380987865253790e+00
1.998260476087667881e+00
2.091813592205929329e+00
2.182499534852569312e+00
2.263081955144393920e+00
2.328758517501214431e+00
2.376300168899122767e+00
2.403574034223265432e+00
2.409331887261064509e+00
2.393138216808595065e+00
2.355402722936492665e+00
2.297531964804113702e+00
2.222227734047600656e+00
2.133946417046535426e+00
2.039469936693806051e+00
1.948361144025959169e+00
1.872733641992036846e+00
1.825445509394973742e+00
1.816267746976773623e+00
1.847494567477863114e+00
1.912380987865188731e+00
1.998260476087586168e+00
2.091813592205854277e+00
2.182499534852517797e+00
