2.248944849560235770e+00
2.317341844477653012e+00
2.367963093045148959e+00
2.398368205036993217e+00
2.407196253787140527e+00
2.393999214354399552e+00
2.359207490830720566e+00
2.304234148207365163e+00
2.231729945343559507e+00
2.145993133638660399e+00
2.053488001387298922e+00
1.963274730488917541e+00
1.886843133691042729e+00
1.836525061749439969e+00
1.822025266271204424e+00
1.846372222358817039e+00
1.904345646860392760e+00
1.984978032635543954e+00
2.075936817897937825e+00
2.166593933301589558e+00
2.248944849560243764e+00
2.317341844477645907e+00
2.367963093045146294e+00
2.398368205036999878e+00
2.407196253787140527e+00
2.393999214354399996e+00
2.359207490830729004e+00
2.304234148207362498e+00
2.231729945343548849e+00
2.145993133638660399e+00
2.053488001387295370e+00
1.963274730488929976e+00
1.886843133691041619e+00
1.836525061749450183e+00
1.822025266271211530e+00
1.846372222358812376e+00
1.904345646860378993e+00
1.984978032635547063e+00
2.075936817897943598e+00
2.166593933301592223e+00
2.248944849560240211e+00
2.317341844477653012e+00
2.367963093045156064e+00
2.398368205037001211e+00
2.407196253787140527e+00
2.393999214354399108e+00
2.359207490830724563e+00
2.304234148207368715e+00
2.231729945343543076e+00
2.145993133638656403e+00
2.053488001387300699e+00
1.963274730488917985e+00
1.886843133691052055e+00
1.836525061749439525e+00
1.822025266271204424e+00
1.846372222358817927e+00
1.904345646860393204e+00
1.984978032635545508e+00
2.075936817897936937e+00
2.166593933301572683e+00
2.248944849560228221e+00
2.317341844477649460e+00
2.367963093045148071e+00
2.398368205036999878e+00
2.407196253787140527e+00
2.393999214354409766e+00
2.359207490830718790e+00
2.304234148207360278e+00
2.231729945343579047e+00
2.145993133638669281e+00
2.053488001387306916e+00
1.963274730488934416e+00
1.886843133691042507e+00
1.836525061749447296e+00
1.822025266271203536e+00
1.846372222358814152e+00
1.904345646860385211e+00
1.984978032635538181e+00
2.075936817897924502e+00
2.166593933301573571e+00
2.248944849560235326e+00
2.317341844477649904e+00
2.367963093045156064e+00
2.398368205036998990e+00
2.407196253787140527e+00
2.393999214354399108e+00
2.359207490830727671e+00
2.304234148207371824e+00
2.231729945343558175e+00
2.145993133638661288e+00
2.053488001387299811e+00
1.963274730488919095e+00
1.886843133691045393e+00
1.836525061749439969e+00
1.822025266271204424e+00
1.846372222358816151e+00
1.904345646860392538e+00
1.984978032635526635e+00
2.075936817897916953e+00
2.166593933301593111e+00
