4.293530728887599845e-02
4.293546111522871661e-02
4.293583583556555283e-02
4.293639413130263122e-02
4.293708075840997618e-02
4.293782795503009453e-02
4.293856205757510397e-02
4.293921068413086850e-02
4.293970979242589525e-02
4.294000993188495235e-02
4.294008108421696474e-02
4.293991561871736418e-02
4.293952906657482610e-02
4.293895862795623491e-02
4.293825954754236507e-02
4.293749970681909334e-02
4.293675296244604117e-02
4.293609188926372083e-02
4.293558064878837122e-02
4.293526869175583183e-02
4.293518591761025932e-02
4.293533976472042879e-02
4.293571450964944747e-02
4.293627283359977703e-02
4.293695949227455816e-02
4.293770672351464313e-02
4.293844086341521565e-02
4.293908952975414306e-02
4.293958867998091955e-02
4.293988886329116322e-02
4.293996006122748760e-02
4.293979464299152449e-02
4.293940813975218040e-02
4.293883775172413486e-02
4.293813872369330042e-02
4.293737893728968857e-02
4.293663224933593620e-02
4.293597123483230971e-02
4.293546005542928784e-02
4.293514816195288797e-02
4.293506545387883178e-02
4.293521936954088070e-02
4.293559418539850264e-02
4.293615258248759115e-02
4.293683931629309336e-02
4.293758662440221724e-02
4.293832084264155580e-02
4.293896958852678331e-02
4.293946881927256792e-02
4.293976908388512370e-02
4.293984036377747338e-02
4.293967502808974240e-02
4.293928860799827579e-02
4.293871830379057675e-02
4.293801936037873468e-02
4.293725965955643570e-02
4.293651305832740794e-02
4.293585213186926902e-02
4.293534104198493823e-02
4.293502923961060869e-02
4.293494662427543851e-02
4.293510063430159424e-02
4.293547554607073102e-02
4.293603404047976330e-02
4.293672087282394967e-02
4.293746828046640651e-02
4.293820259899418929e-02
4.293885144568898582e-02
4.293935077755661744e-02
4.293965114343841621e-02
4.293972252463924139e-02
4.293955729025509399e-02
4.293917097148603618e-02
4.293860076870518322e-02
4.293790192696138319e-02
4.293714232822078841e-02
4.293639582967687801e-02
4.293573500669243398e-02
4.293522402123221837e-02
4.293491232435206473e-02
4.293482981564571144e-02
4.293498393343735814e-02
4.293535895404600178e-02
4.293591755824594652e-02
4.293660450116042193e-02
4.293735201994672984e-02
4.293808644997111623e-02
4.293873540829843544e-02
4.293923485174287735e-02
4.293953532899523473e-02
4.293960682126454764e-02
4.293944169761441249e-02
4.293905548927660909e-02
4.293848539671554776e-02
4.293778666512183817e-02
4.293702717663764462e-02
4.293628078864865361e-02
4.293562007670606584e-02
4.293510920293930333e-02
4.293479761852858623e-02
