4.293563445691792740e-02
4.293581862622906226e-02
4.293612137455929401e-02
4.293651300642649382e-02
4.293695516713822574e-02
4.293740459138068594e-02
4.293781731788728212e-02
4.293815296544022803e-02
4.293837866203157466e-02
4.293847225158829717e-02
4.293842446858486817e-02
4.293823986548821886e-02
4.293793639447115312e-02
4.293754367392003252e-02
4.293710010033590513e-02
4.293664908406072400e-02
4.293623477949730372e-02
4.293589773561707484e-02
4.293567090299819922e-02
4.293557639735699066e-02
4.293562334060907482e-02
4.293580698852711430e-02
4.293610922251159950e-02
4.293650034688040185e-02
4.293694200671213657e-02
4.293739093645011079e-02
4.293780317458702200e-02
4.293813833968235932e-02
4.293836355953710437e-02
4.293845667792955262e-02
4.293840842923461049e-02
4.293822336587033855e-02
4.293791944000854843e-02
4.293752627007517420e-02
4.293708225263957040e-02
4.293663079812735234e-02
4.293621606102497601e-02
4.293587859037269194e-02
4.293565133678971940e-02
4.293555641599541839e-02
4.293560294986442649e-02
4.293578619408303793e-02
4.293608802992240903e-02
4.293647876153568188e-02
4.293692003381156114e-02
4.293736858099136966e-02
4.293778044136715988e-02
4.293811523331270141e-02
4.293834008447041523e-02
4.293843283849616693e-02
4.293838422968443425e-02
4.293819881041657099e-02
4.293789453286882274e-02
4.293750101550637688e-02
4.293705665496305030e-02
4.293660486174217389e-02
4.293618979040809275e-02
4.293585199006642178e-02
4.293562441137758340e-02
4.293552917006956959e-02
4.293557538798755541e-02
4.293575832074865428e-02
4.293605984951780891e-02
4.293645027831090311e-02
4.293689125185735228e-02
4.293733950422806006e-02
4.293775107354577680e-02
4.293808557802774456e-02
4.293831014518309508e-02
4.293840261856569224e-02
4.293835373240448283e-02
4.293816803905334267e-02
4.293786349069699665e-02
4.293746970583950384e-02
4.293702508117587524e-02
4.293657302728219605e-02
4.293615769879598199e-02
4.293581964488511066e-02
4.293559181625133253e-02
4.293549632863542104e-02
4.293554230386193576e-02
4.293572499749233329e-02
4.293602629060343928e-02
4.293641648709529968e-02
4.293685723156193124e-02
4.293730525792897185e-02
4.293771660417438490e-02
4.293805088838190120e-02
4.293827523794693790e-02
4.293836749633756639e-02
4.293831839772890152e-02
4.293813249445446040e-02
4.293782773871045177e-02
4.293743374903963989e-02
4.293698892219518365e-02
4.293653666882202985e-02
4.293612114362707621e-02
4.293578289583774299e-02
4.293555487619728911e-02
4.293545920046233644e-02
