4.294431440855668580e-02
4.294533564780166068e-02
4.294793034042655028e-02
4.295183634868433159e-02
4.295666496390206784e-02
4.296193901079952554e-02
4.296713891413490860e-02
4.297175246337023996e-02
4.297532381797359441e-02
4.297749738464912844e-02
4.297805255437779637e-02
4.297692592943345991e-02
4.297421862838593509e-02
4.297018753708069932e-02
4.296522092132758902e-02
4.295980049392911226e-02
4.295445361736544704e-02
4.294970056724212171e-02
4.294600244890720009e-02
4.294371531155233984e-02
4.294305523894517002e-02
4.294407785216051987e-02
4.294667397546193810e-02
4.295058146263789484e-02
4.295541159277176113e-02
4.296068717573738038e-02
4.296588862024915828e-02
4.297050370003285130e-02
4.297407656059691605e-02
4.297625159776671810e-02
4.297680819574376671e-02
4.297568295476041078e-02
4.297297699627074252e-02
4.296894721363846842e-02
4.296398188407134916e-02
4.295856273450138901e-02
4.295321714283589082e-02
4.294846539983788319e-02
4.294476862420698593e-02
4.294248287533748015e-02
4.294182424304317930e-02
4.294284834970876069e-02
4.294544601607318268e-02
4.294935508793901180e-02
4.295418683274094401e-02
4.295946404617413672e-02
4.296466712160171286e-02
4.296928381768106570e-02
4.297285826655686258e-02
4.297503485365889581e-02
4.297559295675128233e-02
4.297446917420723322e-02
4.297176463038576699e-02
4.296773622603981824e-02
4.296277224952556317e-02
4.295735444156984634e-02
4.295201019513540663e-02
4.294725981578197127e-02
4.294356443525815248e-02
4.294128012295710117e-02
4.294062297466140488e-02
4.294164861413179296e-02
4.294424785879126516e-02
4.294815854679498446e-02
4.295299193437100704e-02
4.295827080354646527e-02
4.296347553287184484e-02
4.296809386645808471e-02
4.297166992355125337e-02
4.297384807955750147e-02
4.297440770605399224e-02
4.297328539966820821e-02
4.297058228763658838e-02
4.296655527794365076e-02
4.296159266982656211e-02
4.295617621746493364e-02
4.295083332849949226e-02
4.294608432291885380e-02
4.294239034520370979e-02
4.294010747451678517e-02
4.293945181249492898e-02
4.294047898428920290e-02
4.294307980415165010e-02
4.294699210285509577e-02
4.295182712578288209e-02
4.295710764172117058e-02
4.296231401486300810e-02
4.296693397521744034e-02
4.297051162952682246e-02
4.297269134348548347e-02
4.297325248268660247e-02
4.297213164209052333e-02
4.296942995176008390e-02
4.296540432674027243e-02
4.296044307687785224e-02
4.295502796946333579e-02
4.294968642644102913e-02
4.294493878186117497e-02
4.294124619261661946e-02
4.293896474740131058e-02
