4.242005182963797666e-02
4.251352026027724329e-02
4.264509453586542986e-02
4.280162118901566226e-02
4.296771544795573161e-02
4.312728826104970242e-02
4.326505498752454548e-02
4.336790400362044995e-02
4.342603894198245051e-02
4.343383483027338232e-02
4.339036240539780043e-02
4.329953978421084704e-02
4.316987520305842763e-02
4.301377939849081872e-02
4.284645961976258494e-02
4.268446048089045292e-02
4.254398133969218565e-02
4.243915828429623699e-02
4.238053049561518043e-02
4.237390033957842694e-02
4.241974135058695916e-02
4.251322069521085850e-02
4.264480578702770086e-02
4.280134306567708741e-02
4.296744766073162108e-02
4.312703042720317931e-02
4.326480664546752952e-02
4.336766463421941331e-02
4.342580799414860054e-02
4.343361174828493793e-02
4.339014665565201628e-02
4.329933087926304131e-02
4.316967272111620069e-02
4.301358299681627695e-02
4.284626904089230276e-02
4.268427555114252814e-02
4.254380196018499316e-02
4.243898441555783718e-02
4.238036213757991749e-02
4.237373750937872136e-02
4.241958406070916315e-02
4.251306893439963513e-02
4.264465950576003944e-02
4.280120216732499067e-02
4.296731199869239376e-02
4.312689980758670910e-02
4.326468083442478602e-02
4.336754336875519450e-02
4.342569099507843228e-02
4.343349873408213629e-02
4.339003735599413630e-02
4.329922504720809529e-02
4.316957014298242190e-02
4.301348349896891993e-02
4.284617249290032653e-02
4.268418186501445055e-02
4.254371108582969546e-02
4.243889633297683039e-02
4.238027684674430112e-02
4.237365501896844799e-02
4.241950437705158117e-02
4.251299205178789287e-02
4.264458539910593454e-02
4.280113078767842222e-02
4.296724327178282066e-02
4.312683363518688556e-02
4.326461709806841277e-02
4.336748193520913175e-02
4.342563172290468676e-02
4.343344148065882149e-02
4.338998198437270248e-02
4.329917143228809856e-02
4.316951817650745149e-02
4.301343309298102241e-02
4.284612358131730664e-02
4.268413440326545433e-02
4.254366504853327596e-02
4.243885171000532502e-02
4.238023363807965488e-02
4.237361322900836530e-02
4.241946400900353104e-02
4.251295310275860634e-02
4.264454785638851358e-02
4.280109462647374574e-02
4.296720845446656140e-02
4.312680011199392094e-02
4.326458480898476289e-02
4.336745081273877395e-02
4.342560169539201598e-02
4.343341247585316006e-02
4.338995393289395847e-02
4.329914427076068939e-02
4.316949185009266721e-02
4.301340755711421937e-02
4.284609880252431696e-02
4.268411035896158001e-02
4.254364172586617282e-02
4.243882910383980911e-02
4.238021174840723992e-02
4.237359205805864282e-02
