4.286976826098305021e-02
4.287730698937329554e-02
4.289280266779634671e-02
4.291469162669880183e-02
4.294079812340975688e-02
4.296854978003215864e-02
4.299522575560402876e-02
4.301821476180373721e-02
4.303526080846836049e-02
4.304467633477171429e-02
4.304550477244327433e-02
4.303761765168749587e-02
4.302173547661933967e-02
4.299936720643533772e-02
4.297267044582948198e-02
4.294424296791703177e-02
4.291686488138125866e-02
4.289321801664142120e-02
4.287561327239593906e-02
4.286575654196344426e-02
4.286457916917450067e-02
4.287215048567926540e-02
4.288767951704233056e-02
4.290960239690411182e-02
4.293574311580583558e-02
4.296352898630253353e-02
4.299023884545352669e-02
4.301326110115056417e-02
4.303033950594226803e-02
4.303978631190617105e-02
4.304064485103123450e-02
4.303278665029409977e-02
4.301693230728401152e-02
4.299459096234223981e-02
4.296792047126931496e-02
4.293951890336390048e-02
4.291216667890555142e-02
4.288854592397522286e-02
4.287096778740952241e-02
4.286113834260391747e-02
4.285998902656455029e-02
4.286758916971111777e-02
4.288314770426276956e-02
4.290510058976847868e-02
4.293127158077554573e-02
4.295908771602083981e-02
4.298582754774989134e-02
4.300887921513259909e-02
4.302598624312543169e-02
4.303546071830510050e-02
4.303634588443360637e-02
4.302851326563100764e-02
4.301268354217355205e-02
4.299036601463808449e-02
4.296371876094558229e-02
4.293534011239361764e-02
4.290801076489159788e-02
4.288441310605427270e-02
4.286685850598537240e-02
4.285705319737243002e-02
4.285592869964163082e-02
4.286355434212489601e-02
4.287913897446864880e-02
4.290111840222674000e-02
4.292731617119141529e-02
4.295515907788639148e-02
4.298192542261824317e-02
4.300500310685238803e-02
4.302213545422298169e-02
4.303163440490868907e-02
4.303254312462766878e-02
4.302473313497387486e-02
4.300892518936533931e-02
4.298662873011856178e-02
4.296000203163983372e-02
4.293164365698213386e-02
4.290433454587044143e-02
4.288075731726751633e-02
4.286322353700379451e-02
4.285343957867199238e-02
4.285233703460410853e-02
4.285998523317136044e-02
4.287559295097866097e-02
4.289759585735811870e-02
4.292381731344410006e-02
4.295168390150382737e-02
4.297847369898421394e-02
4.300157439708334611e-02
4.301872914135106835e-02
4.302824974246551720e-02
4.302917929710980971e-02
4.302138932464302096e-02
4.300560064318258158e-02
4.298332282042476721e-02
4.295671430458114504e-02
4.292837386371079617e-02
4.290108265321249809e-02
4.287752349669078644e-02
4.286000813311295621e-02
4.285024306071285455e-02
