4.273380812274666513e-02
4.276642253235493629e-02
4.281474222401420587e-02
4.287398868604674895e-02
4.293834800564078069e-02
4.300154422339443061e-02
4.305744336360434188e-02
4.310063299522016306e-02
4.312692848991710876e-02
4.313376528040598068e-02
4.312044526917303833e-02
4.308821507091788183e-02
4.304016477234812871e-02
4.298094929406765657e-02
4.291635053064304234e-02
4.285271622519359891e-02
4.279632852026073880e-02
4.275276779879393085e-02
4.272634226729637302e-02
4.271964848748724397e-02
4.273331273992442281e-02
4.276594020383463202e-02
4.281427279212340897e-02
4.287353194082971219e-02
4.293790367770571048e-02
4.300111198364641590e-02
4.305702282937676900e-02
4.310022374178602150e-02
4.312653006592975097e-02
4.313337722567699151e-02
4.312006713302742739e-02
4.308784642947202648e-02
4.303980524316757678e-02
4.298059854692450055e-02
4.291600829348189011e-02
4.285238228483792544e-02
4.279600271794150451e-02
4.275245002108463838e-02
4.272603243352989660e-02
4.271934653508844409e-02
4.273301860924514500e-02
4.276565382407027105e-02
4.281399406965848836e-02
4.287326075100336004e-02
4.293763986056969156e-02
4.300085534380001379e-02
4.305677313961759484e-02
4.309998074992945488e-02
4.312629350399371786e-02
4.313314682042782705e-02
4.311984261687787368e-02
4.308762755074677792e-02
4.303959177479516063e-02
4.298039029283369505e-02
4.291580509214192735e-02
4.285218400967973074e-02
4.279580927469604779e-02
4.275226134240421583e-02
4.272584847152212373e-02
4.271916725259986697e-02
4.273284397086016956e-02
4.276548378775018450e-02
4.281382857981679002e-02
4.287309973362451315e-02
4.293748322067997281e-02
4.300070296538455183e-02
4.305662488777456387e-02
4.309983647493087489e-02
4.312615304672524214e-02
4.313301001865418177e-02
4.311970931172371541e-02
4.308749759278082681e-02
4.303946502919472894e-02
4.298026664318441853e-02
4.291568444253562181e-02
4.285206628496415759e-02
4.279569441889938264e-02
4.275214931554113806e-02
4.272573924515482569e-02
4.271906080466635752e-02
4.273274028033453853e-02
4.276538282966974719e-02
4.281373032117837679e-02
4.287300413048306807e-02
4.293739021664865624e-02
4.300061249157964560e-02
4.305653686409841724e-02
4.309975081247999912e-02
4.312606965102908085e-02
4.313292879338819635e-02
4.311963016255728615e-02
4.308742043098645613e-02
4.303938977472475391e-02
4.298019322691784549e-02
4.291561280752512891e-02
4.285199638659098476e-02
4.279562622393152244e-02
4.275208280023588131e-02
4.272567439262758837e-02
4.271899760182006067e-02
