4.273320428958326395e-02
4.275775414772500782e-02
4.279901034226842038e-02
4.285285693920471567e-02
4.291398719253206734e-02
4.297642912693233619e-02
4.303411825985865163e-02
4.308146600034806067e-02
4.311387759924525942e-02
4.312817984616707651e-02
4.312292494264360898e-02
4.309854344386437885e-02
4.305732722267754942e-02
4.300323472200289626e-02
4.294152626761452846e-02
4.287825625953175374e-02
4.281966901689313043e-02
4.277156173094039809e-02
4.273868686785602805e-02
4.272426425072561873e-02
4.272965939192995694e-02
4.275426197155866859e-02
4.279557149969382551e-02
4.284947168752396840e-02
4.291065535336815312e-02
4.297315005123811260e-02
4.303089083948716254e-02
4.307828872271245169e-02
4.311074863831219905e-02
4.312509718048099239e-02
4.311988648934080015e-02
4.309554719653520966e-02
4.305437138059325236e-02
4.300031779869403076e-02
4.293864716839634194e-02
4.287541432026119315e-02
4.281686400004659776e-02
4.276879377969337870e-02
4.273595642355126900e-02
4.272157194323819573e-02
4.272700591535897457e-02
4.275164795881477436e-02
4.279299740895978199e-02
4.284693771139936463e-02
4.290816135832938721e-02
4.297069555145512781e-02
4.302847500547193893e-02
4.307591042224223621e-02
4.310840650453952316e-02
4.312278970027555447e-02
4.311761210360649799e-02
4.309330440341133800e-02
4.305215883216711309e-02
4.299813438229338480e-02
4.293649206461570833e-02
4.287328703196552349e-02
4.281476434944134213e-02
4.276672187395320901e-02
4.273391259303228884e-02
4.271955665942415992e-02
4.272501969780600345e-02
4.274969128127836804e-02
4.279107061440794862e-02
4.284504094399697871e-02
4.290629451813206263e-02
4.296885827479784981e-02
4.302666667145605556e-02
4.307413018336342381e-02
4.310665333766483531e-02
4.312106247277630588e-02
4.311590964844842777e-02
4.309162559639505286e-02
4.305050266433904649e-02
4.299650002077771982e-02
4.293487889606068669e-02
4.287169468424979063e-02
4.281319268947799545e-02
4.276517098196584710e-02
4.273238271630599994e-02
4.271804815088078161e-02
4.272353294635104076e-02
4.274822664153433288e-02
4.278962834309586044e-02
4.284362114902792035e-02
4.290489712469271882e-02
4.296748301067659231e-02
4.302531307188871973e-02
4.307279761396332757e-02
4.310534103258158861e-02
4.311976958419910799e-02
4.311463530281236384e-02
4.309036895219985758e-02
4.304926296634662558e-02
4.299527664555476136e-02
4.293367138449073750e-02
4.287050275778393066e-02
4.281201624849974990e-02
4.276401008652230828e-02
4.273123755149899061e-02
4.271691898088504635e-02
