4.212949740479798866e-02
4.250977484231498182e-02
4.292519822583509143e-02
4.333451193314719757e-02
4.369844472791461348e-02
4.398322972786448265e-02
4.416320122283659555e-02
4.422248370051462540e-02
4.415590492331362971e-02
4.396926895800166296e-02
4.367904529031727684e-02
4.331141828838454971e-02
4.290055832499102551e-02
4.248597814914928383e-02
4.210895950662109366e-02
4.180826674908939833e-02
4.161564236844374903e-02
4.155179607440972339e-02
4.162364352535974366e-02
4.182336709758713994e-02
4.212949740483089289e-02
4.250977484233260661e-02
4.292519822584901779e-02
4.333451193314904332e-02
4.369844472791704904e-02
4.398322972787491875e-02
4.416320122284104338e-02
4.422248370052091898e-02
4.415590492333449496e-02
4.396926895801642199e-02
4.367904529032692190e-02
4.331141828839926017e-02
4.290055832500179467e-02
4.248597814915180265e-02
4.210895950661283638e-02
4.180826674908637297e-02
4.161564236844343678e-02
4.155179607440270817e-02
4.162364352535557338e-02
4.182336709757049353e-02
4.212949740481929106e-02
4.250977484232720816e-02
4.292519822585098149e-02
4.333451193316179700e-02
4.369844472793433382e-02
4.398322972788074048e-02
4.416320122284404098e-02
4.422248370052000305e-02
4.415590492332031880e-02
4.396926895801152313e-02
4.367904529032805294e-02
4.331141828839307761e-02
4.290055832500260652e-02
4.248597814914167881e-02
4.210895950662374432e-02
4.180826674909543517e-02
4.161564236845184672e-02
4.155179607440054323e-02
4.162364352535093820e-02
4.182336709755906518e-02
4.212949740481112398e-02
4.250977484231704268e-02
4.292519822584436179e-02
4.333451193317388456e-02
4.369844472794895407e-02
4.398322972789218271e-02
4.416320122286121475e-02
4.422248370052817013e-02
4.415590492332496786e-02
4.396926895801057944e-02
4.367904529032118344e-02
4.331141828838869917e-02
4.290055832498786831e-02
4.248597814912449117e-02
4.210895950659200582e-02
4.180826674906685386e-02
4.161564236842511116e-02
4.155179607438973244e-02
4.162364352533958617e-02
4.182336709754883725e-02
4.212949740480113198e-02
4.250977484231305975e-02
4.292519822583303751e-02
4.333451193314215300e-02
4.369844472790873624e-02
4.398322972784483864e-02
4.416320122282412636e-02
4.422248370051247435e-02
4.415590492331663425e-02
4.396926895800949003e-02
4.367904529033105748e-02
4.331141828839533275e-02
4.290055832500126037e-02
4.248597814914461396e-02
4.210895950660518278e-02
4.180826674907455603e-02
4.161564236843662973e-02
4.155179607440064732e-02
4.162364352535410233e-02
4.182336709757997206e-02
