4.253330583196011927e-02
4.273521081819463968e-02
4.299290373119920433e-02
4.328059504601242807e-02
4.357029943141340483e-02
4.383449625531828098e-02
4.404850354694016257e-02
4.419245407046416829e-02
4.425283860135148517e-02
4.422360840397518422e-02
4.410681010751042741e-02
4.391268143341548608e-02
4.365909671452489205e-02
4.337025213989352534e-02
4.307454947349884100e-02
4.280177756564549491e-02
4.257987253334184069e-02
4.243169799303152245e-02
4.237235632387399697e-02
4.240747780526928773e-02
4.253274660312242328e-02
4.273467226240921374e-02
4.299238583649037798e-02
4.328009747832059495e-02
4.356982154060638074e-02
4.383403711186014545e-02
4.404806200121424292e-02
4.419202882655770548e-02
4.425242829786012883e-02
4.422321169546154090e-02
4.410642574125269583e-02
4.391230831647589122e-02
4.365873396642504928e-02
4.336989912641298767e-02
4.307420581791458064e-02
4.280144313546575818e-02
4.257954740327643539e-02
4.243138238825417546e-02
4.237205055067810172e-02
4.240718217813306545e-02
4.253246137746739819e-02
4.273439758070878697e-02
4.299212169264164662e-02
4.327984370193996982e-02
4.356957780010127512e-02
4.383380293313438730e-02
4.404783679792652340e-02
4.419181193775144345e-02
4.425221902916963435e-02
4.422300936067014715e-02
4.410622970143036892e-02
4.391211801418672123e-02
4.365854895259606294e-02
4.336971907756680122e-02
4.307403054191277780e-02
4.280127256473125613e-02
4.257938157591756312e-02
4.243122141911616352e-02
4.237189459598244418e-02
4.240703139827666640e-02
4.253231590272004564e-02
4.273425748373847755e-02
4.299198697033538435e-02
4.327971426739195271e-02
4.356945348418937713e-02
4.383368349405426800e-02
4.404772193662435248e-02
4.419170131711774863e-02
4.425211229505286031e-02
4.422290616307623934e-02
4.410612971448459041e-02
4.391202095357709528e-02
4.365845458927900685e-02
4.336962724655948898e-02
4.307394114521701650e-02
4.280118556788289896e-02
4.257929699834763632e-02
4.243113931940297595e-02
4.237181505380177571e-02
4.240695449543859658e-02
4.253224170566843876e-02
4.273418602953158590e-02
4.299191825738409717e-02
4.327964825137636112e-02
4.356939007885232001e-02
4.383362257606571166e-02
4.404766335345896427e-02
4.419164489683757857e-02
4.425205785702574640e-02
4.422285352879464643e-02
4.410607871774082506e-02
4.391197144936506008e-02
4.365840646078116005e-02
4.336958040962685113e-02
4.307389554986727070e-02
4.280114119653458810e-02
4.257925386091425402e-02
4.243109744576294140e-02
4.237177448458959161e-02
4.240691527237740177e-02
