4.289690639406215644e-02
4.290630844210797934e-02
4.291826992271695340e-02
4.293161849507316774e-02
4.294504735425047626e-02
4.295724320811269287e-02
4.296701436582967687e-02
4.297340657786350576e-02
4.297579559769192786e-02
4.297394772722392536e-02
4.296804263298780596e-02
4.295865622263108502e-02
4.294670508162373723e-02
4.293335760001853324e-02
4.291992016483652667e-02
4.290770934275683901e-02
4.289792254083335532e-02
4.289151998311033220e-02
4.288912986684516315e-02
4.289098630801860268e-02
4.289690636554069347e-02
4.290630841549084723e-02
4.291826989789084001e-02
4.293161847191524771e-02
4.294504733264553620e-02
4.295724318795873103e-02
4.296701434702802219e-02
4.297340656032711675e-02
4.297579558133737820e-02
4.297394771195984370e-02
4.296804261874430375e-02
4.295865620933579654e-02
4.294670506920874459e-02
4.293335758843824096e-02
4.291992015402723570e-02
4.290770933266287168e-02
4.289792253141617301e-02
4.289151997431363966e-02
4.288912985863493899e-02
4.289098630036056181e-02
4.289690635840359700e-02
4.290630840883406794e-02
4.291826989168277817e-02
4.293161846612668364e-02
4.294504732725798468e-02
4.295724318293832333e-02
4.296701434233740624e-02
4.297340655595372622e-02
4.297579557725736410e-02
4.297394770815673309e-02
4.296804261519238805e-02
4.295865620602756785e-02
4.294670506612683486e-02
4.293335758555592852e-02
4.291992015134671323e-02
4.290770933016301719e-02
4.289792252908170012e-02
4.289151997213709600e-02
4.288912985660413985e-02
4.289098629846057470e-02
4.289690635662202212e-02
4.290630840717671313e-02
4.291826989013132476e-02
4.293161846468471210e-02
4.294504732590617713e-02
4.295724318167541689e-02
4.296701434116097923e-02
4.297340655485283600e-02
4.297579557622567548e-02
4.297394770719310114e-02
4.296804261429003347e-02
4.295865620518289629e-02
4.294670506533630056e-02
4.293335758482332704e-02
4.291992015065094340e-02
4.290770932950812439e-02
4.289792252846848231e-02
4.289151997156211149e-02
4.288912985607150341e-02
4.289098629797001572e-02
4.289690635616368736e-02
4.290630840674776458e-02
4.291826988973818785e-02
4.293161846431679807e-02
4.294504732555844834e-02
4.295724318134423736e-02
4.296701434085777038e-02
4.297340655457621006e-02
4.297579557596763883e-02
4.297394770695588812e-02
4.296804261407029257e-02
4.295865620497505560e-02
4.294670506513841718e-02
4.293335758463143886e-02
4.291992015047797759e-02
4.290770932935158294e-02
4.289792252833349306e-02
4.289151997144042411e-02
4.288912985596013416e-02
4.289098629786680661e-02
