4.333006919667094919e-02
4.333204281529055846e-02
4.333480575977074339e-02
4.333808701569075161e-02
4.334156482951341538e-02
4.334489820413250233e-02
4.334776027811336474e-02
4.334987032123405887e-02
4.335102121438085682e-02
4.335109972387413135e-02
4.335009758563252574e-02
4.334811231418051608e-02
4.334533765730756022e-02
4.334204463074335656e-02
4.333855498930835187e-02
4.333520973136652937e-02
4.333233571958549496e-02
4.333021368539552443e-02
4.332905074909505772e-02
4.332896014552478636e-02
4.332995013990410121e-02
4.333192321882424480e-02
4.333468563558923875e-02
4.333796637554122866e-02
4.334144368491032323e-02
4.334477656636245846e-02
4.334763815823946403e-02
4.334974773010038390e-02
4.335089816261677303e-02
4.335097622189861000e-02
4.334997364365810596e-02
4.334798794221763479e-02
4.334521286516815342e-02
4.334191942804533487e-02
4.333842938547897983e-02
4.333508373564632504e-02
4.333220934103197003e-02
4.333008693288670221e-02
4.332892363133312996e-02
4.332883267103955494e-02
4.332982231705632264e-02
4.333179505580894708e-02
4.333455714043919771e-02
4.333783755612987537e-02
4.334131454895514407e-02
4.334464712142793719e-02
4.334750841174013491e-02
4.334961768930380155e-02
4.335076783464636430e-02
4.335084561373653278e-02
4.334984276214821214e-02
4.334785679406792658e-02
4.334508145695366993e-02
4.334178776621067097e-02
4.333829747634083268e-02
4.333495158539621417e-02
4.333207695573847162e-02
4.332995431849808593e-02
4.332879079367951691e-02
4.332869961583537405e-02
4.332968904990269071e-02
4.333166158219572961e-02
4.333442346574722936e-02
4.333770368563318737e-02
4.334118048782312216e-02
4.334451287472721598e-02
4.334737398443676282e-02
4.334948308626520447e-02
4.335063306064333710e-02
4.335071067344492546e-02
4.334970766015105309e-02
4.334772153485709489e-02
4.334494604493188685e-02
4.334165220569301952e-02
4.333816177155675603e-02
4.333481574049097285e-02
4.333194097477480883e-02
4.332981820545812879e-02
4.332865455246596997e-02
4.332856325027347605e-02
4.332955256374142888e-02
4.333152497910959522e-02
4.333428674933750141e-02
4.333756685942945913e-02
4.334104355528475144e-02
4.334437583924466431e-02
4.334723684933294158e-02
4.334934585479681413e-02
4.335049573600215783e-02
4.335057325875919798e-02
4.334957015848668604e-02
4.334758394921887914e-02
4.334480837826459876e-02
4.334151446088277404e-02
4.333802395143208225e-02
4.333467784782389642e-02
4.333180301228225367e-02
4.332968017580256931e-02
4.332851645825686743e-02
4.332842509406807652e-02
