4.332408294106235291e-02
4.332416033787116899e-02
4.332426868863530761e-02
4.332439736533822555e-02
4.332453375019424541e-02
4.332466447076779859e-02
4.332477670896330013e-02
4.332485945575250547e-02
4.332490458881727013e-02
4.332490766762120415e-02
4.332486836808251141e-02
4.332479051430020850e-02
4.332468170422695136e-02
4.332455256593054777e-02
4.332441571724703067e-02
4.332428453066126256e-02
4.332417182431710229e-02
4.332408860729018013e-02
4.332404300194526298e-02
4.332403944886431546e-02
4.332407827217348711e-02
4.332415564781760819e-02
4.332426397788704392e-02
4.332439263435589050e-02
4.332452899942942220e-02
4.332465970066301519e-02
4.332477191995250804e-02
4.332485464826093396e-02
4.332489976326178716e-02
4.332490282441024687e-02
4.332486350761673155e-02
4.332478563697220175e-02
4.332467681042141694e-02
4.332454765602464924e-02
4.332441079161041680e-02
4.332427958965641424e-02
4.332416686829918678e-02
4.332408363660743278e-02
4.332403801693883449e-02
4.332403444986868829e-02
4.332407325951657950e-02
4.332415062182080889e-02
4.332425893886535789e-02
4.332438758261809852e-02
4.332452393527810169e-02
4.332465462439483855e-02
4.332476683185824268e-02
4.332484954862559495e-02
4.332489465236476212e-02
4.332489770252534456e-02
4.332485837501226511e-02
4.332478049391124547e-02
4.332467165716187563e-02
4.332454249281922354e-02
4.332440561870689461e-02
4.332427440729752499e-02
4.332416167672286517e-02
4.332407843604699216e-02
4.332403280762299469e-02
4.332402923202144374e-02
4.332406803335760864e-02
4.332414538756534927e-02
4.332425369672439353e-02
4.332438233279859580e-02
4.332451867798272488e-02
4.332464935982231757e-02
4.332476156020330371e-02
4.332484427007904371e-02
4.332488936711372668e-02
4.332489241075319908e-02
4.332485307689875470e-02
4.332477518963249313e-02
4.332466634689054880e-02
4.332453717672449939e-02
4.332440029695462658e-02
4.332426908005026361e-02
4.332415634414001071e-02
4.332407309828460729e-02
4.332402746483410977e-02
4.332402388435618174e-02
4.332406268096299085e-02
4.332414003058545487e-02
4.332424833530042901e-02
4.332437696706895741e-02
4.332451330808311657e-02
4.332464398588566079e-02
4.332475618235988313e-02
4.332483888845669456e-02
4.332488398183746009e-02
4.332488702194577102e-02
4.332484768468033293e-02
4.332476979412103885e-02
4.332466094820142111e-02
4.332453177497096880e-02
4.332439489224761825e-02
4.332426367249846144e-02
4.332415093384997529e-02
4.332406768536074815e-02
4.332402204937873397e-02
4.332401846646953547e-02
