4.264710182264524335e-02
4.282912312221780898e-02
4.307197132073836698e-02
4.335180509260354309e-02
4.364116369954333663e-02
4.391165502485856742e-02
4.413673477766809350e-02
4.429430481929239743e-02
4.436887626947457614e-02
4.435308565253374968e-02
4.424841567249291480e-02
4.406505006269282460e-02
4.382087671821349728e-02
4.353973669145518727e-02
4.324909045138078389e-02
4.297732984922211785e-02
4.275099891417349918e-02
4.259219552696277139e-02
4.251640831356676836e-02
4.253100049901763213e-02
4.263448913221467435e-02
4.281669023626197973e-02
4.305971567599377325e-02
4.333972416234772168e-02
4.362925499307387933e-02
4.389991608697951103e-02
4.412516318818691247e-02
4.428289819251824549e-02
4.435763225372693630e-02
4.434200192965642023e-02
4.423748995737671053e-02
4.405428010280253853e-02
4.381026029312834469e-02
4.352927161240789655e-02
4.323877456080753995e-02
4.296716102031498258e-02
4.274097505044594653e-02
4.258231456181348074e-02
4.250666820985880140e-02
4.252139924865108028e-02
4.262502475571895710e-02
4.280736078238530501e-02
4.305051922130211789e-02
4.333065881082584503e-02
4.362031887573730032e-02
4.389110736148803260e-02
4.411648003846101174e-02
4.427433882836946666e-02
4.434919491048726348e-02
4.433368486781628925e-02
4.422929146222393665e-02
4.404619848407000798e-02
4.380229388464507156e-02
4.352141877175642187e-02
4.323103366898247563e-02
4.295953048139231761e-02
4.273345329125140951e-02
4.257490003160055436e-02
4.249935937998859659e-02
4.251419461227818469e-02
4.261792282747758204e-02
4.280036009808534797e-02
4.304361833762547496e-02
4.332385630503016866e-02
4.361361334536324047e-02
4.388449742406826809e-02
4.410996433124016874e-02
4.426791600801797261e-02
4.434286365282313208e-02
4.432744386753680044e-02
4.422313943263431885e-02
4.404013415681885812e-02
4.379631600946154446e-02
4.351552611619369237e-02
4.322522501816256080e-02
4.295380463775832353e-02
4.272780907431830699e-02
4.256933627770951439e-02
4.249387494207201160e-02
4.250878835962146329e-02
4.261259364548409395e-02
4.279510688804728791e-02
4.303844001649944490e-02
4.331875180521282259e-02
4.360858161446932307e-02
4.387953742471586288e-02
4.410507504083402419e-02
4.426309641854407617e-02
4.433811277063776091e-02
4.432276071315984639e-02
4.421852304054794958e-02
4.403558357527138228e-02
4.379183030026839035e-02
4.351110435454368791e-02
4.322086629243059724e-02
4.294950804931409877e-02
4.272357373734463754e-02
4.256516131901666444e-02
4.248975950091660181e-02
4.250473158752908487e-02
