4.333406003374436904e-02
4.333729780023783812e-02
4.334183047386200999e-02
4.334721344926006220e-02
4.335291888239384966e-02
4.335838735971004471e-02
4.336308265754782593e-02
4.336654423155619775e-02
4.336843229809105027e-02
4.336856109471054488e-02
4.336691706400042784e-02
4.336366018076864143e-02
4.335910829269583322e-02
4.335370600728651741e-02
4.334798117068389134e-02
4.334249319850471543e-02
4.333777831643238071e-02
4.333429707080042881e-02
4.333238924719622076e-02
4.333224060996640481e-02
4.333386471839252574e-02
4.333710159949661495e-02
4.334163340739206199e-02
4.334701553633262677e-02
4.335272014189882339e-02
4.335818781016326229e-02
4.336288231709861662e-02
4.336634311799456021e-02
4.336823042885474405e-02
4.336835848689205714e-02
4.336671373435364851e-02
4.336345614571583684e-02
4.335890356833397435e-02
4.335350060939380940e-02
4.334777511472596989e-02
4.334228649964089880e-02
4.333757098952167874e-02
4.333408913040755900e-02
4.333218070759733281e-02
4.333203148515477748e-02
4.333365502208416653e-02
4.333689134513574182e-02
4.334142260815648101e-02
4.334680420513900567e-02
4.335250829140781942e-02
4.335797545278453902e-02
4.336266946499593017e-02
4.336612978309041522e-02
4.336801662283534808e-02
4.336814422121192114e-02
4.336649902024013181e-02
4.336324099417362271e-02
4.335868799014946928e-02
4.335328461513959092e-02
4.334755871476481115e-02
4.334206970413008453e-02
4.333735380841687718e-02
4.333387157346688806e-02
4.333196278438534998e-02
4.333181320504623374e-02
4.333343639426761457e-02
4.333667237861748428e-02
4.334120331176395668e-02
4.334658458752445320e-02
4.335228836105159411e-02
4.335775521799870025e-02
4.336244893392734306e-02
4.336590896372423398e-02
4.336779552299790952e-02
4.336792284857426960e-02
4.336627738232078783e-02
4.336301909834166385e-02
4.335846584362770817e-02
4.335306222500699691e-02
4.334733608795979937e-02
4.334184684745297222e-02
4.333713072853292297e-02
4.333364827690860260e-02
4.333173927755545191e-02
4.333158949421989786e-02
4.333321248559533073e-02
4.333644827812726391e-02
4.334097902536377528e-02
4.334636012100472058e-02
4.335206372008740261e-02
4.335753040815219089e-02
4.336222396064980111e-02
4.336568383235835794e-02
4.336757023878007322e-02
4.336769741663631245e-02
4.336605180769231849e-02
4.336279338595210725e-02
4.335823999830811654e-02
4.335283625149206205e-02
4.334710999088981637e-02
4.334162063137565746e-02
4.333690439790516269e-02
4.333342183609845133e-02
4.333151273084367983e-02
4.333136284580187819e-02
