4.147572892282687385e-02
4.189163877029693922e-02
4.244796343147090589e-02
4.309023859796657502e-02
4.375558677303793137e-02
4.437887215083867465e-02
4.489907655500017386e-02
4.526527231520460076e-02
4.544160741499120998e-02
4.541081492975090894e-02
4.517590322669374353e-02
4.475986147821620076e-02
4.420340931505994247e-02
4.356101089889110461e-02
4.289554358464069822e-02
4.227214304106624576e-02
4.175182731201905473e-02
4.138552393971797749e-02
4.120908481680150837e-02
4.123977674818353478e-02
4.147459125094785093e-02
4.189053904085476843e-02
4.244690037904880198e-02
4.308921099935363042e-02
4.375459344581553167e-02
4.437791195202032274e-02
4.489814837972381373e-02
4.526437509545611082e-02
4.544074011837075794e-02
4.540997655829605295e-02
4.517509281572185120e-02
4.475907809521797315e-02
4.420265205862784763e-02
4.356027889767992434e-02
4.289483599636447625e-02
4.227145905153124883e-02
4.175116613418487083e-02
4.138488481279108122e-02
4.120846700536422158e-02
4.123917954134281166e-02
4.147401396152080449e-02
4.188998100457652640e-02
4.244636095380957541e-02
4.308868956445838228e-02
4.375408940126813973e-02
4.437742471783818338e-02
4.489767739526141083e-02
4.526391981877072451e-02
4.544030002559672210e-02
4.540955114303378559e-02
4.517468158846279364e-02
4.475868058277965994e-02
4.420226780360567154e-02
4.355990745792604618e-02
4.289447694447975218e-02
4.227111197436666384e-02
4.175083063237535613e-02
4.138456050028624378e-02
4.120815350899015295e-02
4.123887650037288272e-02
4.147372102725518928e-02
4.188969783994866969e-02
4.244608723299043290e-02
4.308842497248802778e-02
4.375383363369255568e-02
4.437717748035427401e-02
4.489743840338337316e-02
4.526368879750013868e-02
4.544007670910303609e-02
4.540933527435748324e-02
4.517447291921276864e-02
4.475847887284623017e-02
4.420207282089199524e-02
4.355971897807288384e-02
4.289429475060751312e-02
4.227093585683416865e-02
4.175066038852789235e-02
4.138439593423472174e-02
4.120799443137459356e-02
4.123872272814330803e-02
4.147357238347507830e-02
4.188955415358072004e-02
4.244594833869905215e-02
4.308829071045132408e-02
4.375370384942112861e-02
4.437705202451345393e-02
4.489731713161232429e-02
4.526357157025840544e-02
4.543996339150303820e-02
4.540922573600460199e-02
4.517436703406780413e-02
4.475837651907298154e-02
4.420197388071423622e-02
4.355962333764268335e-02
4.289420229987699756e-02
4.227084648942353723e-02
4.175057400160479826e-02
4.138431242839391705e-02
4.120791371053112578e-02
4.123864469941835448e-02
