4.333134492729855819e-02
4.333630350205780468e-02
4.334389387685440298e-02
4.335336798898563326e-02
4.336379338902302677e-02
4.337414451545267696e-02
4.338340308377629240e-02
4.339065776328580176e-02
4.339519338445692320e-02
4.339656094471779080e-02
4.339462155994302378e-02
4.338956005939261645e-02
4.338186689332955426e-02
4.337229012432398945e-02
4.336176220166935297e-02
4.335130868674238330e-02
4.334194786390228871e-02
4.333459106371623931e-02
4.332995345556616557e-02
4.332848404187936847e-02
4.333032170663545651e-02
4.333528162042719206e-02
4.334287333284299326e-02
4.335234878116319551e-02
4.336277551594309998e-02
4.337312797565408273e-02
4.338238787578341249e-02
4.338964388561003527e-02
4.339418083559715145e-02
4.339554972316160553e-02
4.339361166416699778e-02
4.338855148786348315e-02
4.338085964450444365e-02
4.337128419665123996e-02
4.336075759358914289e-02
4.335030539668720956e-02
4.334094589029783423e-02
4.333359040498141468e-02
4.332895411011370573e-02
4.332748600811649198e-02
4.332932498296419160e-02
4.333428620524470282e-02
4.334187922454207920e-02
4.335135597813264546e-02
4.336178401656792802e-02
4.337213777831575023e-02
4.338139897886046648e-02
4.338865628747832354e-02
4.339319453462984338e-02
4.339456471772943497e-02
4.339262795263908873e-02
4.338756906860682244e-02
4.337987851588439442e-02
4.337030435703193715e-02
4.335977904133359040e-02
4.334932813015745373e-02
4.333996990785492220e-02
4.333261570498573440e-02
4.332798069092529819e-02
4.332651386809499572e-02
4.332835412046889129e-02
4.333331661863500106e-02
4.334091091217740638e-02
4.335038893837214746e-02
4.336081824777126420e-02
4.337117327884301016e-02
4.338043574707230177e-02
4.338769432173571194e-02
4.339223383329435940e-02
4.339360527916370086e-02
4.339166977520612922e-02
4.338661215067082799e-02
4.337892285581048529e-02
4.336934995318600383e-02
4.335882589208278626e-02
4.334837623386988276e-02
4.333901926289997208e-02
4.333166630973413896e-02
4.332703254374892232e-02
4.332556696736687696e-02
4.332740846456373252e-02
4.333237220592856681e-02
4.333996774104695304e-02
4.334944700719668004e-02
4.335987755493125179e-02
4.337023382272033739e-02
4.337949752605053250e-02
4.338675733419992964e-02
4.339129807763130592e-02
4.339267075376162380e-02
4.339073647845513582e-02
4.338568008096262835e-02
4.337799201153871159e-02
4.336842033274568298e-02
4.335789749387093661e-02
4.334744905628529210e-02
4.333809330434299639e-02
4.333074156860718118e-02
4.332610901845600909e-02
4.332464465631414435e-02
