4.203201581253653007e-02
4.230264057935657906e-02
4.267398876885608594e-02
4.310969069686756278e-02
4.356707778814809806e-02
4.400135926095607997e-02
4.437000654830668134e-02
4.463691627821488733e-02
4.477594431140543424e-02
4.477346490022139636e-02
4.462970446045513850e-02
4.435871939718803725e-02
4.398702015520596087e-02
4.355097618150226974e-02
4.309325582023948442e-02
4.265864962800563348e-02
4.228968595240573114e-02
4.202246795167509374e-02
4.188313955682565481e-02
4.188532631259297978e-02
4.202880160546753480e-02
4.229950883772538167e-02
4.267093737688205241e-02
4.310671759305853556e-02
4.356418096390177186e-02
4.399853675920159524e-02
4.436725646218479813e-02
4.463423674979348499e-02
4.477333353041468289e-02
4.477092110284271176e-02
4.462722592812023992e-02
4.435630445542209505e-02
4.398466717249289309e-02
4.354868356818981934e-02
4.309102202745498239e-02
4.265647314661530354e-02
4.228756531199933527e-02
4.202040171956718251e-02
4.188112633708868104e-02
4.188336474511028529e-02
4.202689036502295361e-02
4.229764663310219691e-02
4.266912294999159611e-02
4.310494971808623982e-02
4.356245844648697768e-02
4.399685843562517462e-02
4.436562119858845216e-02
4.463264344140480816e-02
4.477178110080889256e-02
4.476940850321072668e-02
4.462575213656293921e-02
4.435486847625853130e-02
4.398326803558934295e-02
4.354732032830000571e-02
4.308969376358440240e-02
4.265517896140362530e-02
4.228630433110721482e-02
4.201917309108500753e-02
4.187992923096333503e-02
4.188219835258778084e-02
4.202575389809821982e-02
4.229653932398782373e-02
4.266804405059820143e-02
4.310389849951872659e-02
4.356143419855372512e-02
4.399586046635238501e-02
4.436464883375550866e-02
4.463169602409017972e-02
4.477085799094737001e-02
4.476850907715648753e-02
4.462487578667288790e-02
4.435401461047603494e-02
4.398243607704759028e-02
4.354650971493517070e-02
4.308890394775631572e-02
4.265440940951768095e-02
4.228555452325855751e-02
4.201844252071029046e-02
4.187921740449902092e-02
4.188150478913232888e-02
4.202507812908365392e-02
4.229588089286821784e-02
4.266740251254467348e-02
4.310327342111461985e-02
4.356082515749930273e-02
4.399526705118492198e-02
4.436407064356721885e-02
4.463113266826194275e-02
4.477030908888058464e-02
4.476797425801732483e-02
4.462435468914201231e-02
4.435350688250691564e-02
4.398194137562255052e-02
4.354602770583683446e-02
4.308843430534391866e-02
4.265395181650507433e-02
4.228510867050229438e-02
4.201800810699485994e-02
4.187879413633650155e-02
4.188109238056481054e-02
