4.102501278331452395e-02
4.172104396962542094e-02
4.257396789858797909e-02
4.350029443060476897e-02
4.440934826807812347e-02
4.521214488529171072e-02
4.583010095374867587e-02
4.620272662591085738e-02
4.629354670289395624e-02
4.609367108106061234e-02
4.562266497729680625e-02
4.492663374926033487e-02
4.407370978173168197e-02
4.314738321406431237e-02
4.223832934363743602e-02
4.143553269596596950e-02
4.081757659934297233e-02
4.044495090114411801e-02
4.035413080010310377e-02
4.055400639969942295e-02
4.102501248290298802e-02
4.172104369193273959e-02
4.257396764189195354e-02
4.350029419331863378e-02
4.440934804873676589e-02
4.521214468253222096e-02
4.583010076632496738e-02
4.620272645266610551e-02
4.629354654275043973e-02
4.609367093302665919e-02
4.562266484044964765e-02
4.492663362275711725e-02
4.407370966480152197e-02
4.314738310597576731e-02
4.223832924372179082e-02
4.143553260360687690e-02
4.081757651397192876e-02
4.044495082223289323e-02
4.035413072715411664e-02
4.055400633226293600e-02
4.102501242056592196e-02
4.172104363431104745e-02
4.257396758863292441e-02
4.350029414409251755e-02
4.440934800323015352e-02
4.521214464046673098e-02
4.583010072744226476e-02
4.620272641672230896e-02
4.629354650952224870e-02
4.609367090230766240e-02
4.562266481205931590e-02
4.492663359651328375e-02
4.407370964053286544e-02
4.314738308354132412e-02
4.223832922297902220e-02
4.143553258443161136e-02
4.081757649624483814e-02
4.044495080584297603e-02
4.035413071200541490e-02
4.055400631826261426e-02
4.102501240762475992e-02
4.172104362234541064e-02
4.257396757756848338e-02
4.350029413386048011e-02
4.440934799377882491e-02
4.521214463173485465e-02
4.583010071937799329e-02
4.620272640926655766e-02
4.629354650263434179e-02
4.609367089594240685e-02
4.562266480617463427e-02
4.492663359107751386e-02
4.407370963550672621e-02
4.314738307889721264e-02
4.223832921869787038e-02
4.143553258047399934e-02
4.081757649258548754e-02
4.044495080246183344e-02
4.035413070887651499e-02
4.055400631537380701e-02
4.102501240495768503e-02
4.172104361988625276e-02
4.257396757529811893e-02
4.350029413176400434e-02
4.440934799183698239e-02
4.521214462994160160e-02
4.583010071771793925e-02
4.620272640773730177e-02
4.629354650122304016e-02
4.609367089463835276e-02
4.562266480497521176e-02
4.492663358997338319e-02
4.407370963448819373e-02
4.314738307795015076e-02
4.223832921781887212e-02
4.143553257966554881e-02
4.081757649184155484e-02
4.044495080177457763e-02
4.035413070823913595e-02
4.055400631477595191e-02
