4.333231716863654437e-02
4.333647540455955877e-02
4.334273796997643868e-02
4.335048820404011072e-02
4.335896382630356760e-02
4.336733155404571410e-02
4.337476866979425583e-02
4.338054355464786294e-02
4.338408730423511800e-02
4.338504941704148660e-02
4.338333210394228201e-02
4.337909986048610333e-02
4.337276336492641715e-02
4.336493927817494654e-02
4.335638988073639566e-02
4.334794845538291613e-02
4.334043771963178721e-02
4.333458929242338387e-02
4.333097207816221513e-02
4.332993657839083468e-02
4.333158058225659859e-02
4.333573959422878930e-02
4.334200293606692983e-02
4.334975394686812339e-02
4.335823034613182220e-02
4.336659885108623547e-02
4.337403674421055205e-02
4.337981240655713194e-02
4.338335693371056512e-02
4.338431982411419113e-02
4.338260328860334830e-02
4.337837182268824282e-02
4.337203610458619657e-02
4.336421279517395366e-02
4.335566417492309199e-02
4.334722352657443406e-02
4.333971356761506799e-02
4.333386591695671808e-02
4.333024947897669288e-02
4.332921475519131704e-02
4.333085953472337604e-02
4.333501932201826168e-02
4.334128343881322315e-02
4.334903522418377675e-02
4.335751239760913395e-02
4.336588167629793628e-02
4.337332034271090125e-02
4.337909677788270857e-02
4.338264207738119771e-02
4.338360573963367939e-02
4.338188997546032349e-02
4.337765928035682006e-02
4.337132433252671726e-02
4.336350179283376266e-02
4.335495394173698863e-02
4.334651406196537993e-02
4.333900487099465182e-02
4.333315798772593291e-02
4.332954231652613036e-02
4.332850835890220825e-02
4.333015390396745964e-02
4.333431445615882477e-02
4.334057933720492084e-02
4.334833188617352034e-02
4.335680982253640320e-02
4.336517986349503612e-02
4.337261929150337814e-02
4.337839648758978067e-02
4.338194254731596311e-02
4.338290696910358096e-02
4.338119196376736403e-02
4.337696202679786756e-02
4.337062783639356739e-02
4.336280605341373551e-02
4.335425895831312298e-02
4.334581983381642634e-02
4.333831139739547506e-02
4.333246526794767850e-02
4.332885034983678663e-02
4.332781714456623162e-02
4.332946344124621874e-02
4.333362474431078082e-02
4.333989037548598156e-02
4.334764367383680400e-02
4.335612235883268273e-02
4.336449314767292645e-02
4.337193332280927377e-02
4.337771126526815402e-02
4.338125807060943390e-02
4.338222323725292318e-02
4.338050897601180428e-02
4.337627978237515447e-02
4.336994633454017978e-02
4.336212529336463256e-02
4.335357893930217449e-02
4.334514055507637104e-02
4.333763285815820515e-02
4.333178746744411475e-02
4.332817328729681589e-02
4.332714081921913707e-02
