4.332808109220949444e-02
4.332956306027441196e-02
4.333158965591331346e-02
4.333396281962758473e-02
4.333645056278424140e-02
4.333880967632262882e-02
4.334080953779397699e-02
4.334225468633587375e-02
4.334300395578422754e-02
4.334298429304229983e-02
4.334219790906711223e-02
4.334072206248580639e-02
4.333870149702231944e-02
4.333633427301256114e-02
4.333385237991745076e-02
4.333149902761651573e-02
4.332950483936819086e-02
4.332806527683607384e-02
4.332732150697650442e-02
4.332734658366995534e-02
4.332813829673491657e-02
4.332961938831136894e-02
4.333164511543445563e-02
4.333401741851922173e-02
4.333650430884797983e-02
4.333886257727666974e-02
4.334086160127459397e-02
4.334230591989850917e-02
4.334305436690503999e-02
4.334303388911914245e-02
4.334224669742103159e-02
4.334077005036198610e-02
4.333874869159130144e-02
4.333638068137148774e-02
4.333389800909109163e-02
4.333154388455824624e-02
4.332954893096119947e-02
4.332810860989431967e-02
4.332736408824552216e-02
4.332738841982832628e-02
4.332817939439467109e-02
4.332965975401920078e-02
4.333168475567256844e-02
4.333405633970626586e-02
4.333654251733984331e-02
4.333890007936731792e-02
4.334089840319699932e-02
4.334234202782535905e-02
4.334308978694952769e-02
4.334306862733596638e-02
4.334228075980676997e-02
4.334080344285609621e-02
4.333878142007684814e-02
4.333641275167571250e-02
4.333392942698619660e-02
4.333157465576220613e-02
4.332957906113808072e-02
4.332813810465526577e-02
4.332739295314941980e-02
4.332741666038201350e-02
4.332820701605399200e-02
4.332968676218951209e-02
4.333171115570912113e-02
4.333408213691510719e-02
4.333656771697814297e-02
4.333892468664403419e-02
4.334092242327342026e-02
4.334236546581562988e-02
4.334311264792120588e-02
4.334309091631038252e-02
4.334230248175985345e-02
4.334082460271863890e-02
4.333880202273510118e-02
4.333643280197181646e-02
4.333394892971870888e-02
4.333159361568645479e-02
4.332959748296683761e-02
4.332815599305905180e-02
4.332741031275692822e-02
4.332743349578070668e-02
4.332822333179037894e-02
4.332970256276955784e-02
4.333172644559894759e-02
4.333409692054100704e-02
4.333658199872720412e-02
4.333893847086461165e-02
4.334093571427535818e-02
4.334237826787085135e-02
4.334312496526381009e-02
4.334310275313735250e-02
4.334231384223119488e-02
4.334083549095779642e-02
4.333881244282934697e-02
4.333644275797263884e-02
4.333395842564211065e-02
4.333160265551338347e-02
4.332960607064340747e-02
4.332816413249686999e-02
4.332741800783365682e-02
4.332744075034012515e-02
