4.332248984338617215e-02
4.332305256268440680e-02
4.332395182511320636e-02
4.332509868014031151e-02
4.332637994443828272e-02
4.332766928104336140e-02
4.332883956608709480e-02
4.332977533255401997e-02
4.333038407298719225e-02
4.333060529474935807e-02
4.333041644145337740e-02
4.332983510092710405e-02
4.332891728358249928e-02
4.332775193971493549e-02
4.332645225241721354e-02
4.332514455841827289e-02
4.332395598135313497e-02
4.332300198800426855e-02
4.332237508559692168e-02
4.332213576653711623e-02
4.332230658698141279e-02
4.332286995887291853e-02
4.332376987157081361e-02
4.332491737455169967e-02
4.332619928449599200e-02
4.332748926444821708e-02
4.332866019054801288e-02
4.332959659578816680e-02
4.333020597271964452e-02
4.333042782871324161e-02
4.333023960739050551e-02
4.332965889658688119e-02
4.332874170672232350e-02
4.332757698810028868e-02
4.332627792382155729e-02
4.332497085062315956e-02
4.332378289214781214e-02
4.332282951518547087e-02
4.332220322696971743e-02
4.332196451991481706e-02
4.332213595018442193e-02
4.332269992972932054e-02
4.332360044791656872e-02
4.332474855423087967e-02
4.332603106536009330e-02
4.332732164435621619e-02
4.332849316736681056e-02
4.332943016739227576e-02
4.333004013699088414e-02
4.333026258354091831e-02
4.333007495067166259e-02
4.332949482622609760e-02
4.332857822063136688e-02
4.332741408419879536e-02
4.332611560003591517e-02
4.332480910488745174e-02
4.332362172240373371e-02
4.332266891938228032e-02
4.332204320306356354e-02
4.332180506586876673e-02
4.332197706396937603e-02
4.332254160932267478e-02
4.332344269130385811e-02
4.332459135940445322e-02
4.332587443031914870e-02
4.332716556710741740e-02
4.332833764592366327e-02
4.332927519977524539e-02
4.332988572122791621e-02
4.333010871766706379e-02
4.332992163272857133e-02
4.332934205426265672e-02
4.332842599270333300e-02
4.332726239836855175e-02
4.332596445437311011e-02
4.332465849746872794e-02
4.332347165131233274e-02
4.332251938270775815e-02
4.332189419890316445e-02
4.332165659232595223e-02
4.332182911915451878e-02
4.332239419135354430e-02
4.332329579830404565e-02
4.332444498950414891e-02
4.332572858165580770e-02
4.332702023782481621e-02
4.332819283417223277e-02
4.332913090371220965e-02
4.332974193901673043e-02
4.332996544747769185e-02
4.332977887273770090e-02
4.332919980265320659e-02
4.332828424766513309e-02
4.332712115809765618e-02
4.332582371707225516e-02
4.332451826134632589e-02
4.332333191458368621e-02
4.332238014359494904e-02
4.332175545563388130e-02
4.332151834313442001e-02
