4.257069746216686490e-02
4.271273068221650288e-02
4.291944303909145386e-02
4.317053039713184687e-02
4.344134588577937273e-02
4.370531249265938167e-02
4.393652459259552584e-02
4.411228375677750391e-02
4.421532061939793118e-02
4.423548530996984640e-02
4.417074098003911931e-02
4.402736317095657520e-02
4.381932550721519964e-02
4.356693184795674273e-02
4.329482879118867755e-02
4.302959308064351063e-02
4.279713007670547797e-02
4.262013794718998855e-02
4.251588580065505940e-02
4.249452325402681974e-02
4.255808690583372245e-02
4.270030096838409867e-02
4.290719157437510034e-02
4.315845462533889759e-02
4.342944328737385895e-02
4.369358058423652991e-02
4.392496092636525434e-02
4.410088592005224212e-02
4.420408623408905724e-02
4.422441203209297872e-02
4.415982649922091385e-02
4.401660520995755860e-02
4.380872182145324062e-02
4.355648022503812861e-02
4.328452705044535942e-02
4.301943907267986866e-02
4.278712168295066565e-02
4.261027307945419729e-02
4.250616240069465812e-02
4.248493929311285278e-02
4.254864038433199547e-02
4.269098991533598619e-02
4.289801404708667998e-02
4.314940870897563535e-02
4.342052709456046405e-02
4.368479225466340155e-02
4.391629862640059057e-02
4.409234784236136517e-02
4.419567059725421770e-02
4.421611708024215937e-02
4.415165050166457161e-02
4.400854646082368732e-02
4.380077863933173887e-02
4.354865095263393826e-02
4.327681005422951560e-02
4.301183274254849476e-02
4.277962443188755570e-02
4.260288334320489617e-02
4.249887863743682936e-02
4.247775998313428614e-02
4.254156402971418643e-02
4.268401503963948490e-02
4.289113919504543987e-02
4.314263244619472026e-02
4.341384800721562187e-02
4.367820894920371178e-02
4.390980972926053494e-02
4.408595199967009493e-02
4.418936647455912886e-02
4.420990336222675038e-02
4.414552589187453746e-02
4.400250968139760022e-02
4.379482843073373433e-02
4.354278607338727541e-02
4.327102928066300230e-02
4.300613486853973461e-02
4.277400826861064986e-02
4.259734771888214894e-02
4.249342239709139046e-02
4.247238198835638634e-02
4.253626315841704114e-02
4.267879018583025513e-02
4.288598926859008009e-02
4.313755637259360232e-02
4.340884472737751437e-02
4.367327741922506779e-02
4.390494892020661150e-02
4.408116089736398985e-02
4.418464407936557176e-02
4.420524868884653097e-02
4.414093796913928780e-02
4.399798755206522916e-02
4.379037115128906615e-02
4.353839271384734450e-02
4.326669892437998155e-02
4.300186661201183674e-02
4.276980122129096090e-02
4.259320100299660711e-02
4.248933514745485002e-02
4.246835335218764051e-02
