4.305846023199839251e-02
4.310922848250249573e-02
4.318622717434249941e-02
4.328186895927402245e-02
4.338674205531508482e-02
4.349053153291334434e-02
4.358302900752881320e-02
4.365513190289651430e-02
4.369973447011116924e-02
4.371242334338527186e-02
4.369190954662704324e-02
4.364015466302871571e-02
4.356217881730925501e-02
4.346556926663979609e-02
4.335973770280295708e-02
4.325499896602159888e-02
4.316156135236250829e-02
4.308852735046845434e-02
4.304300262246146813e-02
4.302940044818193838e-02
4.304900971860143449e-02
4.309986876622262653e-02
4.317695738283479356e-02
4.327268822857223418e-02
4.337764952975696475e-02
4.348152636505440288e-02
4.357411035806841443e-02
4.364629894059641330e-02
4.369098637172041250e-02
4.370375929356210692e-02
4.368332873786379827e-02
4.363165629557473613e-02
4.355376209909825325e-02
4.345723341321446054e-02
4.335148193724434884e-02
4.324682251887514844e-02
4.315346346156551799e-02
4.308050726127894692e-02
4.303505958738990805e-02
4.302153372692112121e-02
4.304121857795510653e-02
4.309215248003989140e-02
4.316931523194087600e-02
4.326511950070278945e-02
4.337015351948877995e-02
4.347410237374416120e-02
4.356675769378368784e-02
4.363901691805265742e-02
4.368377431221743407e-02
4.369661652491992759e-02
4.367625459436003804e-02
4.362465011788567437e-02
4.354682323423183371e-02
4.345036121445478711e-02
4.334467576408687628e-02
4.324008173696908264e-02
4.314678744265531413e-02
4.307389538314580768e-02
4.302851123379229648e-02
4.301504828753806992e-02
4.303479544833025555e-02
4.308579106152309046e-02
4.316301493163293701e-02
4.325887973140313952e-02
4.336397369963759102e-02
4.346798192736898991e-02
4.356069605044510934e-02
4.363301351279245954e-02
4.367782858550496583e-02
4.369072792260141752e-02
4.367042256760461649e-02
4.361887412313529555e-02
4.354110273315181523e-02
4.344469567388124093e-02
4.333906465597940627e-02
4.323452453835999187e-02
4.314128363560225388e-02
4.306844445468165777e-02
4.302311267587900084e-02
4.300970159701835577e-02
4.302950012688042114e-02
4.308054661560784676e-02
4.315782087245928489e-02
4.325373557487295628e-02
4.335887896630387373e-02
4.346293614239177955e-02
4.355569874354607574e-02
4.362806421821132513e-02
4.367292684195778901e-02
4.368587327323437963e-02
4.366561455995467134e-02
4.361411230908440045e-02
4.353638666888923897e-02
4.344002491985952952e-02
4.333443877687526147e-02
4.322994310303075044e-02
4.313674621704778611e-02
4.306395063000439949e-02
4.301866202624521351e-02
4.300529370761724257e-02
