4.328961813337049713e-02
4.329678700136507102e-02
4.330662403949760153e-02
4.331816581242489694e-02
4.333028202676286050e-02
4.334178617173906761e-02
4.335155166279432842e-02
4.335862211921577558e-02
4.336230498102244119e-02
4.336223930125561454e-02
4.335843107768722754e-02
4.335125266541711708e-02
4.334140632788200526e-02
4.332985549414201942e-02
4.331773045146138090e-02
4.330621770464652964e-02
4.329644383244556777e-02
4.328936520990928072e-02
4.328567439150241003e-02
4.328573231880670363e-02
4.328953298881620809e-02
4.329670404132608674e-02
4.330654320792491629e-02
4.331808705471057452e-02
4.333020528970103064e-02
4.334171140348337670e-02
4.335147881283491628e-02
4.335855113833443630e-02
4.336223582126438186e-02
4.336217191589671754e-02
4.335836542120180548e-02
4.335118869344651432e-02
4.334134399720974973e-02
4.332979476266018287e-02
4.331767127813533624e-02
4.330616004950417486e-02
4.329638765653506804e-02
4.328931047527902198e-02
4.328562106117361807e-02
4.328568035675076087e-02
4.328948235992700205e-02
4.329665471140033833e-02
4.330649514363623526e-02
4.331804022358526352e-02
4.333015966009821224e-02
4.334166694457782659e-02
4.335143549458980727e-02
4.335850893148586460e-02
4.336219469729957199e-02
4.336213184703151952e-02
4.335832638036442310e-02
4.335115065426428660e-02
4.334130693398299816e-02
4.332975865034693896e-02
4.331763609234053763e-02
4.330612576645594125e-02
4.329635425307040708e-02
4.328927792883133924e-02
4.328558934975426653e-02
4.328564945893675214e-02
4.328945225484410325e-02
4.329662537870827138e-02
4.330646656351810897e-02
4.331801237673475052e-02
4.333013252770252788e-02
4.334164050830638382e-02
4.335140973658090091e-02
4.335848383433828918e-02
4.336217024405863985e-02
4.336210802117824309e-02
4.335830316579986077e-02
4.335112803530487280e-02
4.334128489534698481e-02
4.332973717714636019e-02
4.331761517006837287e-02
4.330610538097582479e-02
4.329633439061074396e-02
4.328925857597347437e-02
4.328557049342519891e-02
4.328563108639665175e-02
4.328943435367958725e-02
4.329660793682648529e-02
4.330644956913702603e-02
4.331799581837007806e-02
4.333011639416785299e-02
4.334162478870477037e-02
4.335139442029183748e-02
4.335846891101290818e-02
4.336215570361025978e-02
4.336209385378615028e-02
4.335828936189393273e-02
4.335111458555808428e-02
4.334127179067266689e-02
4.332972440869081732e-02
4.331760272920803789e-02
4.330609325930339509e-02
4.329632257993872024e-02
4.328924706832274621e-02
4.328555928101949363e-02
4.328562016166077886e-02
