4.332725287741143877e-02
4.332844553696967027e-02
4.333007650238430292e-02
4.333198637915840201e-02
4.333398846727655462e-02
4.333588703673777603e-02
4.333749648700564033e-02
4.333865951491586155e-02
4.333926251263928858e-02
4.333924668844067740e-02
4.333861382165593579e-02
4.333742608855067208e-02
4.333579997610600282e-02
4.333389487949259461e-02
4.333189749939225788e-02
4.333000356646483919e-02
4.332839868189850008e-02
4.332724014950218444e-02
4.332664157774268610e-02
4.332666175898613331e-02
4.332729891452057058e-02
4.332849086869770827e-02
4.333012113514737168e-02
4.333203031930328575e-02
4.333403172108185597e-02
4.333592961041494301e-02
4.333753838670020148e-02
4.333870074670833489e-02
4.333930308254627106e-02
4.333928660241587877e-02
4.333865308559113616e-02
4.333746470827669339e-02
4.333583795739359007e-02
4.333393222805336648e-02
4.333193422087952551e-02
4.333003966647469563e-02
4.332843416597030595e-02
4.332727502311969903e-02
4.332667584633475427e-02
4.332669542792729617e-02
4.332733198913212014e-02
4.332852335424831891e-02
4.333015303685384262e-02
4.333206164233124880e-02
4.333406247054631677e-02
4.333595979138121779e-02
4.333756800418444438e-02
4.333872980567826660e-02
4.333933158792166451e-02
4.333931455906935015e-02
4.333868049834867925e-02
4.333749158191825546e-02
4.333586429665371720e-02
4.333395803762180032e-02
4.333195950540161268e-02
4.333006443055202606e-02
4.332845841416134436e-02
4.332729875994017349e-02
4.332669907625821826e-02
4.332671815538567672e-02
4.332735421851618973e-02
4.332854508990813952e-02
4.333017428309930696e-02
4.333208240343242035e-02
4.333408275073418608e-02
4.333597959484783435e-02
4.333758733508347172e-02
4.333874866812544024e-02
4.333934998599528465e-02
4.333933249681051064e-02
4.333869797976194760e-02
4.333750861097183243e-02
4.333588087727995725e-02
4.333397417371753074e-02
4.333197520082854998e-02
4.333007968913731023e-02
4.332847323969767767e-02
4.332731315618627843e-02
4.332671304693917064e-02
4.332673170419338443e-02
4.332736734910959397e-02
4.332855780591358258e-02
4.333018658811096935e-02
4.333209430101257753e-02
4.333409424441352076e-02
4.333599068812568622e-02
4.333759803142845507e-02
4.333875897097543700e-02
4.333935989875783990e-02
4.333934202286327669e-02
4.333870712245276036e-02
4.333751737361922485e-02
4.333588926317328421e-02
4.333398218611737851e-02
4.333198284296692349e-02
4.333008696421789679e-02
4.332848015089633270e-02
4.332731970665097687e-02
4.332671923979055512e-02
4.332673754252491793e-02
