4.330583523070598989e-02
4.330923044712194081e-02
4.331417177836304616e-02
4.332017386660384078e-02
4.332664754362409998e-02
4.333295750235498234e-02
4.333848448482436472e-02
4.334268589910762054e-02
4.334514893168021910e-02
4.334563095615653200e-02
4.334408328293139906e-02
4.334065592494595193e-02
4.333568291306388875e-02
4.332964959849999742e-02
4.332314514295971392e-02
4.331680484709071050e-02
4.331124796253538883e-02
4.330701707497693759e-02
4.330452499179374137e-02
4.330401433330838962e-02
4.330553378315233487e-02
4.330893332249616257e-02
4.331387891467200491e-02
4.331988520274392823e-02
4.332636301936623052e-02
4.333267705833564187e-02
4.333820806253040753e-02
4.334241344086553482e-02
4.334488038064269327e-02
4.334536625629319823e-02
4.334382237901326235e-02
4.334039876253722307e-02
4.333542943850992452e-02
4.332939975891580975e-02
4.332289888621652929e-02
4.331656212180742815e-02
4.331100871806935898e-02
4.330678126141210976e-02
4.330429255992824383e-02
4.330378523464818025e-02
4.330530796989672665e-02
4.330871074753121081e-02
4.331365953155657395e-02
4.331966896570541709e-02
4.332614988328920003e-02
4.333246697874972714e-02
4.333800099560323332e-02
4.334220934339579057e-02
4.334467921004720586e-02
4.334516797059650289e-02
4.334362693684538914e-02
4.334020612312067949e-02
4.333523956165050151e-02
4.332921260499692645e-02
4.332271441619030272e-02
4.331638029718506283e-02
4.331082950091418027e-02
4.330660461433342989e-02
4.330411844606821964e-02
4.330361361767845474e-02
4.330513881401061582e-02
4.330854401743589738e-02
4.331349519246600194e-02
4.331950698332950878e-02
4.332599022383198245e-02
4.333230960889992989e-02
4.333784588252721781e-02
4.334205645472821028e-02
4.334452851388950062e-02
4.334501943550684439e-02
4.334348053183378208e-02
4.334006181763892102e-02
4.333509732559134159e-02
4.332907240868354853e-02
4.332257623037219507e-02
4.331624409303090617e-02
4.331069525000481174e-02
4.330647228865756870e-02
4.330398801801784575e-02
4.330348506004054465e-02
4.330501209996282658e-02
4.330841912053880888e-02
4.331337208666089650e-02
4.331938564293165428e-02
4.332587062352483837e-02
4.333219172372843736e-02
4.333772968789572494e-02
4.334194192639378995e-02
4.334441562795592756e-02
4.334490816842131999e-02
4.334337086038049514e-02
4.333995371893624438e-02
4.333499077708479613e-02
4.332896738814247251e-02
4.332247271588439419e-02
4.331614206299873315e-02
4.331059468314076705e-02
4.330637316397888820e-02
4.330389031484151857e-02
4.330338875798271647e-02
