4.331365126534567761e-02
4.332360616595266195e-02
4.333943524276987619e-02
4.335957393540913751e-02
4.338203586722562399e-02
4.340460728560328885e-02
4.342506375938427754e-02
4.344138792158992041e-02
4.345196694325662717e-02
4.345575040827116819e-02
4.345235313532105903e-02
4.344209288202562080e-02
4.342595924050664941e-02
4.340551676911858642e-02
4.338275184247849386e-02
4.335987821117936319e-02
4.333912030436107288e-02
4.332249548698981212e-02
4.331161658602214470e-02
4.330753401556864529e-02
4.331063295494451404e-02
4.332059564453963341e-02
4.333643249024503319e-02
4.335657893172419758e-02
4.337904859238424921e-02
4.340162771966053767e-02
4.342209188244709750e-02
4.343842371381624601e-02
4.344901038485535216e-02
4.345280147950284638e-02
4.344941181649704387e-02
4.343915915350751722e-02
4.342303308270684115e-02
4.340259816250070096e-02
4.337984076755616730e-02
4.335697464851652472e-02
4.333622423457147294e-02
4.331960689073745263e-02
4.330873544402097375e-02
4.330466030858239057e-02
4.330776666378689799e-02
4.331773675007329766e-02
4.333358097338214227e-02
4.335373477342642501e-02
4.337621177366203506e-02
4.339879822157372696e-02
4.341926968610398258e-02
4.343560880037426047e-02
4.344620273552043249e-02
4.345000107552931395e-02
4.344661863918779232e-02
4.343637318421319365e-02
4.342025430282687309e-02
4.339982655348226248e-02
4.337707631089395000e-02
4.335421732575331366e-02
4.333347402729811199e-02
4.331686378059172726e-02
4.330599941268833269e-02
4.330193133779520337e-02
4.330504473532478804e-02
4.331502184576309367e-02
4.333087307509762148e-02
4.335103386308802875e-02
4.337351783323677851e-02
4.339611123307494933e-02
4.341658963159170798e-02
4.343293566195477462e-02
4.344353649534618556e-02
4.344734171579887894e-02
4.344396614214540014e-02
4.343372753214971155e-02
4.341761547807805599e-02
4.339719453842948160e-02
4.337445108796456061e-02
4.335159887741985019e-02
4.333086233607766347e-02
4.331425882904713087e-02
4.330340118342767414e-02
4.329933981347089400e-02
4.330245989863450162e-02
4.331244367944858675e-02
4.332830156194554527e-02
4.334846898592913805e-02
4.337095957494675053e-02
4.339355957657310692e-02
4.341404455984177596e-02
4.343039715796433164e-02
4.344100454216655999e-02
4.344481629652503091e-02
4.344144723991595625e-02
4.343121513014708973e-02
4.341510955952795903e-02
4.339469508660079300e-02
4.337195808616912951e-02
4.334911230901281054e-02
4.332838218445747569e-02
4.331178507765466590e-02
4.330093381574621342e-02
4.329687881302707320e-02
