4.332017648891248185e-02
4.332375504795465265e-02
4.332944523896739564e-02
4.333668463828226763e-02
4.334475918893528762e-02
4.335287309750279761e-02
4.336022673186874787e-02
4.336609489475352214e-02
4.336989781103901820e-02
4.337125788016232830e-02
4.337003663825239608e-02
4.336634831190454287e-02
4.336054863684893346e-02
4.335320003602349814e-02
4.334501656566298183e-02
4.333679401846423501e-02
4.332933202581720766e-02
4.332335578427877476e-02
4.331944506824506741e-02
4.331797747755948558e-02
4.331909147537488930e-02
4.332267283438003685e-02
4.332836581813080679e-02
4.333560800297671378e-02
4.334368533197238693e-02
4.335180201171254938e-02
4.335915841010010846e-02
4.336502932987344044e-02
4.336883499593332386e-02
4.337019780773503086e-02
4.336897930142583762e-02
4.336529370361948826e-02
4.335949675006395970e-02
4.335215086371548704e-02
4.334397010082715468e-02
4.333575025411366688e-02
4.332829095498325761e-02
4.332231740001043357e-02
4.331840936360945027e-02
4.331694444564179736e-02
4.331806110927766823e-02
4.332164512722389699e-02
4.332734076305415349e-02
4.333458559313572295e-02
4.334266556054113678e-02
4.335078487188222945e-02
4.335814389507972044e-02
4.336401743288968019e-02
4.336782571023009569e-02
4.336919112657355857e-02
4.336797521808501837e-02
4.336429221139510154e-02
4.335849784226954856e-02
4.335115453368192096e-02
4.334297634190210913e-02
4.333475905966248376e-02
4.332730231838789053e-02
4.332133131467016257e-02
4.331742582294028504e-02
4.331596344307689361e-02
4.331708263826753585e-02
4.332066918123587268e-02
4.332636733557188730e-02
4.333361467766007336e-02
4.334169715058929645e-02
4.334981896098882848e-02
4.335718047679568837e-02
4.336305650078268320e-02
4.336686725788455044e-02
4.336823514759015341e-02
4.336702170608106033e-02
4.336334116000457178e-02
4.335754924514272080e-02
4.335020838448504915e-02
4.334203263431828795e-02
4.333381778739091306e-02
4.332636347514403491e-02
4.332039489418575834e-02
4.331649181896311818e-02
4.331503184937104262e-02
4.331615344861310113e-02
4.331974238942896960e-02
4.332544293542500008e-02
4.333269266300117384e-02
4.334077751526260736e-02
4.334890169885385891e-02
4.335626558172830936e-02
4.336214396667464194e-02
4.336595707864313726e-02
4.336732731713846545e-02
4.336611621835778640e-02
4.336243800896390221e-02
4.335664842475463882e-02
4.334930988873546276e-02
4.334113645720791969e-02
4.333292392293628531e-02
4.332547191737756015e-02
4.331950563715457336e-02
4.331560485673022903e-02
4.331414717601433234e-02
