3.580626490675702378e-01
3.581230093230066136e-01
3.582463355810214245e-01
3.584200316936935748e-01
3.586269402287291519e-01
3.588470032987861602e-01
3.590590794504174843e-01
3.592427936534622890e-01
3.593803187727392379e-01
3.594579913108377767e-01
3.594676519908571177e-01
3.594075822146595156e-01
3.592828969551816187e-01
3.591052721075612686e-01
3.588919436239065286e-01
3.586640170754303303e-01
3.584442507079266260e-01
3.582545875907810484e-01
3.581137749141417581e-01
3.580353969346072862e-01
3.580265649772801928e-01
3.580873812211646801e-01
3.582111626860698395e-01
3.583853122301128846e-01
3.585926711155122959e-01
3.588131799769389008e-01
3.590256958532315190e-01
3.592098423138024299e-01
3.593477910542680065e-01
3.594258777438963381e-01
3.594359426872077989e-01
3.593762673281524767e-01
3.592519671481746446e-01
3.590747189776044568e-01
3.588617600442846056e-01
3.586341974089640727e-01
3.584147908669710891e-01
3.582254849359500781e-01
3.580850280063719859e-01
3.580070051747820115e-01
3.579985281805557751e-01
3.580596991772376225e-01
3.581838347524344823e-01
3.583583369954365105e-01
3.585660461579286973e-01
3.587869017300617247e-01
3.589997595828947063e-01
3.591842422010226854e-01
3.593225203743573570e-01
3.594009291267755146e-01
3.594113084389324864e-01
3.593519397881157484e-01
3.592279390508376635e-01
3.590509837834582885e-01
3.588383122040375017e-01
3.586110325294646906e-01
3.583919057578246470e-01
3.582028775310305280e-01
3.580626971715433204e-01
3.579849504283569295e-01
3.579767493630656161e-01
3.580381961102373500e-01
3.581626069228819320e-01
3.583373832944513060e-01
3.585453646931507921e-01
3.587664897216073512e-01
3.589796133452114457e-01
3.591643572071844814e-01
3.593028913949763425e-01
3.593815504319529119e-01
3.593921740477346027e-01
3.593330437457567528e-01
3.592092757094007549e-01
3.590325480587693852e-01
3.588200997807172166e-01
3.585930399897374055e-01
3.583741306177309349e-01
3.581853181795399133e-01
3.580453527213332543e-01
3.579678204988581136e-01
3.579598338241294364e-01
3.580214948173017220e-01
3.581461194719529617e-01
3.583211088192891358e-01
3.585293017195873011e-01
3.587506360867445676e-01
3.589639661832930706e-01
3.591489129994778762e-01
3.592876460775851766e-01
3.593664995525586159e-01
3.593773129592536808e-01
3.593183678215127186e-01
3.591947805610593014e-01
3.590182297357546459e-01
3.588059549294206896e-01
3.585790659535258440e-01
3.583603254650752357e-01
3.581716806567528111e-01
3.580318821367302062e-01
3.579545165543174257e-01
