3.548101210355590340e-01
3.556796222648774264e-01
3.568375437019761787e-01
3.581678988345226022e-01
3.595414919963410005e-01
3.608281194614347265e-01
3.619077008834747922e-01
3.626798584512693768e-01
3.630717848052421037e-01
3.630443239617960338e-01
3.625960571157726409e-01
3.617649359578333779e-01
3.606267933579800355e-01
3.592900599949460649e-01
3.578863634288351747e-01
3.565574041454370180e-01
3.554394351151733411e-01
3.546475006685161357e-01
3.542619612706336962e-01
3.543195289329886810e-01
3.548101209640510678e-01
3.556796221995786600e-01
3.568375436423797953e-01
3.581678987801661385e-01
3.595414919467895820e-01
3.608281194162710204e-01
3.619077008423005615e-01
3.626798584137124193e-01
3.630717847709713508e-01
3.630443239304902980e-01
3.625960570871482602e-01
3.617649359316308377e-01
3.606267933339685761e-01
3.592900599729367817e-01
3.578863634086520973e-01
3.565574041269239380e-01
3.554394350981944783e-01
3.546475006529467566e-01
3.542619612563734921e-01
3.543195289199410070e-01
3.548101209521212218e-01
3.556796221886788234e-01
3.568375436324359717e-01
3.581678987710991136e-01
3.595414919385248598e-01
3.608281194087333832e-01
3.619077008354284475e-01
3.626798584074529819e-01
3.630717847652535357e-01
3.630443239252687526e-01
3.625960570823735796e-01
3.617649359272641640e-01
3.606267933299772688e-01
3.592900599692797625e-01
3.578863634052945608e-01
3.565574041238444014e-01
3.554394350953744008e-01
3.546475006503650440e-01
3.542619612540065521e-01
3.543195289177697993e-01
3.548101209501343112e-01
3.556796221868585572e-01
3.568375436307731352e-01
3.581678987695770533e-01
3.595414919371418550e-01
3.608281194074708931e-01
3.619077008342766466e-01
3.626798584063924413e-01
3.630717847642881413e-01
3.630443239243856257e-01
3.625960570815675577e-01
3.617649359265211473e-01
3.606267933292922057e-01
3.592900599686480456e-01
3.578863634047181885e-01
3.565574041233205982e-01
3.554394350948934522e-01
3.546475006499260063e-01
3.542619612536098139e-01
3.543195289174092544e-01
3.548101209497995234e-01
3.556796221865536345e-01
3.568375436304917492e-01
3.581678987693258098e-01
3.595414919369124274e-01
3.608281194072701648e-01
3.619077008340930157e-01
3.626798584062307929e-01
3.630717847641361518e-01
3.630443239242546194e-01
3.625960570814581452e-01
3.617649359264176190e-01
3.606267933291965599e-01
3.592900599685637797e-01
3.578863634046454689e-01
3.565574041232670299e-01
3.554394350948438253e-01
3.546475006498649996e-01
3.542619612535547469e-01
3.543195289173592388e-01
