3.456310618447623884e-01
3.482248190669577914e-01
3.515968080302853682e-01
3.553977410929123892e-01
3.592656112593565765e-01
3.628561729109469614e-01
3.658637988076992031e-01
3.680353067959847291e-01
3.691804487873953100e-01
3.691823785861131357e-01
3.680098697057183621e-01
3.657305477691905615e-01
3.625212913022926031e-01
3.586691652326908231e-01
3.545554399113902133e-01
3.506181540960583431e-01
3.472955917041133933e-01
3.449614806747305917e-01
3.438681128353699434e-01
3.441122678378769617e-01
3.456310616057869378e-01
3.482248188490569274e-01
3.515968078320655388e-01
3.553977409129031595e-01
3.592656110960689153e-01
3.628561727628688005e-01
3.658637986733697667e-01
3.680353066739840973e-01
3.691804486763842763e-01
3.691823784848726198e-01
3.680098696131577918e-01
3.657305476843328296e-01
3.625212912242795626e-01
3.586691651608147069e-01
3.545554398450843636e-01
3.506181540348571879e-01
3.472955916476457849e-01
3.449614806227097596e-01
3.438681127875522492e-01
3.441122677940361974e-01
3.456310615657142704e-01
3.482248188125188770e-01
3.515968077988211316e-01
3.553977408827215800e-01
3.592656110686874293e-01
3.628561727380525959e-01
3.658637986508540552e-01
3.680353066535396733e-01
3.691804486577932587e-01
3.691823784679213460e-01
3.680098695976607992e-01
3.657305476701165903e-01
3.625212912112133479e-01
3.586691651487827204e-01
3.545554398339813007e-01
3.506181540246091632e-01
3.472955916381837982e-01
3.449614806139936762e-01
3.438681127795403247e-01
3.441122677866862989e-01
3.456310615589885393e-01
3.482248188063769567e-01
3.515968077932295488e-01
3.553977408776430869e-01
3.592656110640875533e-01
3.628561727338787679e-01
3.658637986470750225e-01
3.680353066501059756e-01
3.691804486546663711e-01
3.691823784650715701e-01
3.680098695950497212e-01
3.657305476677243372e-01
3.625212912090166606e-01
3.586691651467546205e-01
3.545554398321090206e-01
3.506181540228842097e-01
3.472955916365990658e-01
3.449614806125290700e-01
3.438681127781919589e-01
3.441122677854532852e-01
3.456310615578620515e-01
3.482248188053569948e-01
3.515968077923046220e-01
3.553977408768023705e-01
3.592656110633247746e-01
3.628561727331831022e-01
3.658637986464399194e-01
3.680353066495307690e-01
3.691804486541422348e-01
3.691823784645966167e-01
3.680098695946061871e-01
3.657305476673139433e-01
3.625212912086410166e-01
3.586691651463977393e-01
3.545554398317835032e-01
3.506181540225767335e-01
3.472955916363194562e-01
3.449614806122830446e-01
3.438681127779584790e-01
3.441122677852463396e-01
