3.520395041299017591e-01
3.684728944395726513e-01
3.822028942929293627e-01
3.925147395525038219e-01
3.991070857186317378e-01
4.019052273873214842e-01
4.009283542575831638e-01
3.962257656786249971e-01
3.878819806350348176e-01
3.760900868908023664e-01
3.612918287593939182e-01
3.443659228390774096e-01
3.268001918607127965e-01
3.107178164949883081e-01
2.986034648310391670e-01
2.926856958501762862e-01
2.941852410700178666e-01
3.028376359452978894e-01
3.169923008346932081e-01
3.342170612993833334e-01
3.520395041298783889e-01
3.684728944395633810e-01
3.822028942929284190e-01
3.925147395525268590e-01
3.991070857186453935e-01
4.019052273873304215e-01
4.009283542575824422e-01
3.962257656786523641e-01
3.878819806350668475e-01
3.760900868908266803e-01
3.612918287594374389e-01
3.443659228390568705e-01
3.268001918607241207e-01
3.107178164949670474e-01
2.986034648310553763e-01
2.926856958501600214e-01
2.941852410700045994e-01
3.028376359452853439e-01
3.169923008346893223e-01
3.342170612994052603e-01
3.520395041299297922e-01
3.684728944396092332e-01
3.822028942929586171e-01
3.925147395525637184e-01
3.991070857186647669e-01
4.019052273873433556e-01
4.009283542575962089e-01
3.962257656786809523e-01
3.878819806350684574e-01
3.760900868908476635e-01
3.612918287594586442e-01
3.443659228390967830e-01
3.268001918607330025e-01
3.107178164949883636e-01
2.986034648310431083e-01
2.926856958501527495e-01
2.941852410700022680e-01
3.028376359452752409e-01
3.169923008346649529e-01
3.342170612993818901e-01
3.520395041298961525e-01
3.684728944395627148e-01
3.822028942929482920e-01
3.925147395525462324e-01
3.991070857186334031e-01
4.019052273873130465e-01
4.009283542575556303e-01
3.962257656786390414e-01
3.878819806350475297e-01
3.760900868908417238e-01
3.612918287594485967e-01
3.443659228390875682e-01
3.268001918606937006e-01
3.107178164949647714e-01
2.986034648310735284e-01
2.926856958501881656e-01
2.941852410700012688e-01
3.028376359452437105e-01
3.169923008346264282e-01
3.342170612993419221e-01
3.520395041298874372e-01
3.684728944396172823e-01
3.822028942929663331e-01
3.925147395525378502e-01
3.991070857186714282e-01
4.019052273873628955e-01
4.009283542575923232e-01
3.962257656786862814e-01
3.878819806350810029e-01
3.760900868908454431e-01
3.612918287594520383e-01
3.443659228391182658e-01
3.268001918607732481e-01
3.107178164950298305e-01
2.986034648310630923e-01
2.926856958501650730e-01
2.941852410700022125e-01
3.028376359453111011e-01
3.169923008346826054e-01
3.342170612993639045e-01
