3.650690928530918034e-01
3.792457971313436538e-01
3.901313369835464062e-01
3.974470493743439969e-01
4.011455596046535343e-01
4.012601912895102374e-01
3.978310466567487325e-01
3.908974637602431468e-01
3.805514411632756611e-01
3.670548526411198109e-01
3.510201627101485755e-01
3.336234533200476693e-01
3.167490867462414705e-01
3.028859637105233427e-01
2.946123865985378343e-01
2.937402265863942596e-01
3.005473379346533247e-01
3.136233780427767903e-01
3.304538198219990064e-01
3.483328952360473796e-01
3.650690928531296064e-01
3.792457971313574205e-01
3.901313369835260891e-01
3.974470493743220145e-01
4.011455596046671901e-01
4.012601912895316647e-01
3.978310466567561154e-01
3.908974637602330993e-01
3.805514411632654470e-01
3.670548526411624435e-01
3.510201627101683375e-01
3.336234533200018726e-01
3.167490867461808524e-01
3.028859637105191793e-01
2.946123865984867640e-01
2.937402265864471063e-01
3.005473379346397800e-01
3.136233780428163143e-01
3.304538198219485468e-01
3.483328952359868724e-01
3.650690928530778145e-01
3.792457971313518694e-01
3.901313369835529010e-01
3.974470493743409438e-01
4.011455596046423766e-01
4.012601912895454870e-01
3.978310466567699932e-01
3.908974637602791735e-01
3.805514411633120209e-01
3.670548526411552825e-01
3.510201627101828259e-01
3.336234533199609054e-01
3.167490867462262605e-01
3.028859637105840719e-01
2.946123865985376677e-01
2.937402265864506035e-01
3.005473379346847995e-01
3.136233780428476225e-01
3.304538198220257073e-01
3.483328952360215114e-01
3.650690928531380997e-01
3.792457971313183407e-01
3.901313369835261446e-01
3.974470493743269550e-01
4.011455596046544780e-01
4.012601912895304990e-01
3.978310466568095172e-01
3.908974637602803393e-01
3.805514411632934801e-01
3.670548526410844503e-01
3.510201627101379729e-01
3.336234533200521102e-01
3.167490867462321447e-01
3.028859637105337788e-01
2.946123865985050272e-01
2.937402265864098583e-01
3.005473379346579321e-01
3.136233780428016038e-01
3.304538198219603151e-01
3.483328952360054687e-01
3.650690928531482582e-01
3.792457971314113219e-01
3.901313369835900935e-01
3.974470493743593735e-01
4.011455596046644145e-01
4.012601912895515932e-01
3.978310466567254178e-01
3.908974637602977142e-01
3.805514411632834881e-01
3.670548526411184787e-01
3.510201627101460220e-01
3.336234533200339025e-01
3.167490867462071646e-01
3.028859637105920655e-01
2.946123865985498247e-01
2.937402265864620943e-01
3.005473379346922935e-01
3.136233780428743789e-01
3.304538198219741929e-01
3.483328952359788233e-01
