3.588058378115056568e-01
3.591872789841198954e-01
3.595459771601011711e-01
3.598470758111417256e-01
3.600615060256406874e-01
3.601686778152526913e-01
3.601583439822159116e-01
3.600315110795176965e-01
3.598003427288116174e-01
3.594870641041832404e-01
3.591219392832759039e-01
3.587404619570333519e-01
3.583799762465143535e-01
3.580760214431515931e-01
3.578587574053364029e-01
3.577498565557893362e-01
3.577602265472540344e-01
3.578888470130195398e-01
3.581228715288136133e-01
3.584389839561786251e-01
3.588058378114740710e-01
3.591872789841458191e-01
3.595459771601072774e-01
3.598470758111227408e-01
3.600615060256223687e-01
3.601686778153028734e-01
3.601583439822492183e-01
3.600315110795296314e-01
3.598003427287831957e-01
3.594870641041547077e-01
3.591219392832879498e-01
3.587404619570740416e-01
3.583799762465653127e-01
3.580760214431679134e-01
3.578587574053387343e-01
3.577498565557824528e-01
3.577602265472502041e-01
3.578888470130168753e-01
3.581228715288266584e-01
3.584389839562029390e-01
3.588058378114920566e-01
3.591872789841255020e-01
3.595459771600716947e-01
3.598470758111348422e-01
3.600615060256163735e-01
3.601686778152977109e-01
3.601583439822461652e-01
3.600315110795283546e-01
3.598003427288290479e-01
3.594870641042119397e-01
3.591219392833130963e-01
3.587404619570620512e-01
3.583799762465714744e-01
3.580760214431941701e-01
3.578587574053586629e-01
3.577498565558216437e-01
3.577602265472671905e-01
3.578888470130497379e-01
3.581228715288481412e-01
3.584389839562216462e-01
3.588058378114766245e-01
3.591872789841170088e-01
3.595459771601178245e-01
3.598470758111746992e-01
3.600615060256223687e-01
3.601686778153030954e-01
3.601583439822713117e-01
3.600315110795473950e-01
3.598003427288404277e-01
3.594870641041948978e-01
3.591219392832731838e-01
3.587404619570656039e-01
3.583799762465464944e-01
3.580760214431924493e-01
3.578587574053454512e-01
3.577498565557794552e-01
3.577602265472685228e-01
3.578888470130042188e-01
3.581228715287903541e-01
3.584389839561904489e-01
3.588058378115031588e-01
3.591872789841326630e-01
3.595459771600927334e-01
3.598470758111499412e-01
3.600615060256497912e-01
3.601686778152742296e-01
3.601583439822249599e-01
3.600315110794949924e-01
3.598003427287938538e-01
3.594870641042143822e-01
3.591219392833187030e-01
3.587404619570517816e-01
3.583799762465401106e-01
3.580760214431559230e-01
3.578587574053467835e-01
3.577498565557513666e-01
3.577602265472480392e-01
3.578888470130129340e-01
3.581228715288233833e-01
3.584389839562104885e-01
