3.582886515845047359e-01
3.583540660441824621e-01
3.584739039292557106e-01
3.586362489623365901e-01
3.588251801466436630e-01
3.590223331858374833e-01
3.592086414492841051e-01
3.593661076321553183e-01
3.594794680462002345e-01
3.595376229348722918e-01
3.595347169192328884e-01
3.594707667367203485e-01
3.593517549534009925e-01
3.591891445996852061e-01
3.589988236021399159e-01
3.587995559680620117e-01
3.586110880982107396e-01
3.584521173920135473e-01
3.583383604556341084e-01
3.582809497362918205e-01
3.582853405625466836e-01
3.583508361577648071e-01
3.584707535812843848e-01
3.586331765071990030e-01
3.588221838681878717e-01
3.590194112876710086e-01
3.592057920572390151e-01
3.593633288078005306e-01
3.594767578094444360e-01
3.595349792931774036e-01
3.595321379005549378e-01
3.594682504230742870e-01
3.593492995118857114e-01
3.591867483080635748e-01
3.589964848664562447e-01
3.587972733306086237e-01
3.586088602351372168e-01
3.584499431010335080e-01
3.583362386354317364e-01
3.582788793600932276e-01
3.582833206488834632e-01
3.583488657415951906e-01
3.584688316882709835e-01
3.586313021334125994e-01
3.588203559666602871e-01
3.590176287624819440e-01
3.592040537650327270e-01
3.593616335660111405e-01
3.594751044100945592e-01
3.595333665206968399e-01
3.595305645518762083e-01
3.594667153281056460e-01
3.593478015524515512e-01
3.591852864334904027e-01
3.589950581043397926e-01
3.587958807916569182e-01
3.586075011117169642e-01
3.584486166596815848e-01
3.583349442042757516e-01
3.582776163127380231e-01
3.582820883865776573e-01
3.583476636756045552e-01
3.584676592241954896e-01
3.586301586587883339e-01
3.588192408427780533e-01
3.590165413207684897e-01
3.592029933079691761e-01
3.593605993721651348e-01
3.594740957425278660e-01
3.595323826378420407e-01
3.595296047197912293e-01
3.594657788329685411e-01
3.593468877121085980e-01
3.591843946069761540e-01
3.589941876984232838e-01
3.587950312638250594e-01
3.586066719692649341e-01
3.584478074551534776e-01
3.583341545277929918e-01
3.582768457821630670e-01
3.582813366366349173e-01
3.583469303471278899e-01
3.584669439545642433e-01
3.586294610743718247e-01
3.588185605539249701e-01
3.590158779196091499e-01
3.592023463689790197e-01
3.593599684552298279e-01
3.594734803980743076e-01
3.595317824134709461e-01
3.595290191677588676e-01
3.594652075178003114e-01
3.593463302176506668e-01
3.591838505422008665e-01
3.589936567014317959e-01
3.587945130036472308e-01
3.586061661453261440e-01
3.584473137944818588e-01
3.583336727803382860e-01
3.582763757147978678e-01
