3.589950579167456302e-01
3.590193434460569044e-01
3.590520807300979778e-01
3.590899632736147540e-01
3.591292424846657116e-01
3.591660830136617077e-01
3.591969080611491782e-01
3.592187121945388251e-01
3.592293247900945063e-01
3.592276096138287134e-01
3.592135859147745913e-01
3.591884558396510330e-01
3.591545248318563921e-01
3.591150084693192079e-01
3.590737319296568031e-01
3.590347455007465438e-01
3.590018972557862398e-01
3.589784166643426588e-01
3.589665656124038096e-01
3.589674040171231262e-01
3.589806979399332021e-01
3.590049741927878735e-01
3.590377034363070874e-01
3.590755788186068553e-01
3.591148513511479567e-01
3.591516852850534791e-01
3.591825034541888395e-01
3.592043001229792698e-01
3.592149044536988023e-01
3.592131801055894469e-01
3.591991463380465044e-01
3.591740054256366554e-01
3.591400630468525312e-01
3.591005351007989232e-01
3.590592471411974129e-01
3.590202498483683335e-01
3.589873916624763406e-01
3.589639023548198971e-01
3.589520440155617997e-01
3.589528766479012090e-01
3.589661662747036797e-01
3.589904395523408343e-01
3.590231668884061311e-01
3.590610411086569420e-01
3.591003128656221621e-01
3.591371460487548517e-01
3.591679631595956490e-01
3.591897581878847334e-01
3.592003601019078673e-01
3.591986324642747475e-01
3.591845945442126986e-01
3.591594487330059260e-01
3.591255009235252427e-01
3.590859673077418934e-01
3.590446737824302681e-01
3.590056713860511617e-01
3.589728088939231898e-01
3.589493163532677111e-01
3.589374560414400062e-01
3.589382880412735899e-01
3.589515783417127626e-01
3.589758534584810423e-01
3.590085835695597249e-01
3.590464612076951223e-01
3.590857366988403632e-01
3.591225736031559146e-01
3.591533941194511859e-01
3.591751919871464804e-01
3.591857959977188819e-01
3.591840696257472265e-01
3.591700321496056336e-01
3.591448860673574495e-01
3.591109374679372079e-01
3.590714028112093614e-01
3.590301083078554223e-01
3.589911053242078043e-01
3.589582429426130261e-01
3.589347514633197678e-01
3.589228933356801154e-01
3.589237287162180268e-01
3.589370235636986650e-01
3.589613042659722808e-01
3.589940407916383802e-01
3.590319254058980669e-01
3.590712081362715802e-01
3.591080522418244048e-01
3.591388796444253684e-01
3.591606838544094127e-01
3.591712935013879893e-01
3.591695719793389641e-01
3.591555385750491713e-01
3.591303958844962452e-01
3.590964501764344341e-01
3.590569181565028134e-01
3.590156263234814404e-01
3.589766263447510819e-01
3.589437675847315101e-01
3.589202805763289095e-01
3.589084279273030420e-01
3.589092698624234412e-01
