3.504740629266570040e-01
3.521854031305817201e-01
3.544367050880222747e-01
3.569983364960114813e-01
3.596237536583296035e-01
3.620716698310184611e-01
3.641237572195759609e-01
3.655983343172812816e-01
3.663612792949120789e-01
3.663353640646453968e-01
3.655084511985113305e-01
3.639397639266452877e-01
3.617620960599111091e-01
3.591769406875836013e-01
3.564397666934085995e-01
3.538345244344235363e-01
3.516396804720288150e-01
3.500914962870582681e-01
3.493521955599990236e-01
3.494899149188796517e-01
3.504740627788647256e-01
3.521854029957018906e-01
3.544367049651380719e-01
3.569983363841845447e-01
3.596237535566391696e-01
3.620716697385762961e-01
3.641237571355129821e-01
3.655983342407746473e-01
3.663612792251950689e-01
3.663353640010215129e-01
3.655084511403386416e-01
3.639397638733492535e-01
3.617620960110076167e-01
3.591769406426320033e-01
3.564397666520631169e-01
3.538345243963909592e-01
3.516396804370524043e-01
3.500914962549104836e-01
3.493521955304984550e-01
3.494899148918584331e-01
3.504740627541589326e-01
3.521854029731508740e-01
3.544367049445841800e-01
3.569983363654811170e-01
3.596237535396331619e-01
3.620716697231168846e-01
3.641237571214541724e-01
3.655983342279817139e-01
3.663612792135446106e-01
3.663353639903880743e-01
3.655084511306120887e-01
3.639397638644408239e-01
3.617620960028289923e-01
3.591769406351130733e-01
3.564397666451452062e-01
3.538345243900243853e-01
3.516396804311897606e-01
3.500914962495336735e-01
3.493521955255689537e-01
3.494899148873449324e-01
3.504740627500383954e-01
3.521854029693981536e-01
3.544367049411711879e-01
3.569983363623692729e-01
3.596237535367981519e-01
3.620716697205315637e-01
3.641237571191031641e-01
3.655983342258403712e-01
3.663612792115972794e-01
3.663353639886141599e-01
3.655084511289986571e-01
3.639397638629661147e-01
3.617620960014834575e-01
3.591769406338852777e-01
3.564397666440147772e-01
3.538345243889803315e-01
3.516396804302366341e-01
3.500914962486482152e-01
3.493521955247544941e-01
3.494899148865928673e-01
3.504740627493481142e-01
3.521854029687729870e-01
3.544367049406016434e-01
3.569983363618525196e-01
3.596237535363311921e-01
3.620716697201144529e-01
3.641237571187191935e-01
3.655983342254908730e-01
3.663612792112719840e-01
3.663353639883152879e-01
3.655084511287285398e-01
3.639397638627152043e-01
3.617620960012513653e-01
3.591769406336760007e-01
3.564397666438281487e-01
3.538345243888141867e-01
3.516396804300783163e-01
3.500914962485156545e-01
3.493521955246280952e-01
3.494899148864930583e-01
