3.575826003587369573e-01
3.577078719501955995e-01
3.579355697417407889e-01
3.582427805823352185e-01
3.585993642082661581e-01
3.589709089679855580e-01
3.593218981170108739e-01
3.596188534273711546e-01
3.598332701746551066e-01
3.599441809083026023e-01
3.599401818150497756e-01
3.598207372394165438e-01
3.595965693103627125e-01
3.592889695380426240e-01
3.589279596156101926e-01
3.585493813545923003e-01
3.581911842096029419e-01
3.578893520225823188e-01
3.576740105000674741e-01
3.575662443005168112e-01
3.575760262535683243e-01
3.577014594729595598e-01
3.579293163796399835e-01
3.582366835507002634e-01
3.585934203747647153e-01
3.589651148227250843e-01
3.593162497863904847e-01
3.596133467265514860e-01
3.598279006916130784e-01
3.599389441111443544e-01
3.599350731733279574e-01
3.598157523492719334e-01
3.595917040126065944e-01
3.592842200180928480e-01
3.589233224750284501e-01
3.585448536463270996e-01
3.581867634328446126e-01
3.578850360781369311e-01
3.576697976123154876e-01
3.575621329162448347e-01
3.575720149304481010e-01
3.576975467706797196e-01
3.579255007649312925e-01
3.582329633244045186e-01
3.585897936255995622e-01
3.589615794090361134e-01
3.593128033445984748e-01
3.596099867031783415e-01
3.598246243945593670e-01
3.599357487751688178e-01
3.599319560340770718e-01
3.598127107196247287e-01
3.595887353547444487e-01
3.592813220044586697e-01
3.589204930319880305e-01
3.585420909756691366e-01
3.581840660086422212e-01
3.578824026195198682e-01
3.576672270358395855e-01
3.575596242741751474e-01
3.575695673427118360e-01
3.576951593584374867e-01
3.579231725926209640e-01
3.582306933552490413e-01
3.585875806933897514e-01
3.589594222069937834e-01
3.593107004305371999e-01
3.596079365190368304e-01
3.598226252976950978e-01
3.599337990783165742e-01
3.599300540505058210e-01
3.598108548097425086e-01
3.595869239700438813e-01
3.592795537247326365e-01
3.589187665919691961e-01
3.585404052781395734e-01
3.581824201225268234e-01
3.578807957632643699e-01
3.576656585483640738e-01
3.575580935771966451e-01
3.575680738992397800e-01
3.576937026322291602e-01
3.579217520128243901e-01
3.582293082892516467e-01
3.585862304296032477e-01
3.589581059480586589e-01
3.593094172964758637e-01
3.596066855591730227e-01
3.598214055097369579e-01
3.599326094327439662e-01
3.599288935181265137e-01
3.598097223901229880e-01
3.595858187183331167e-01
3.592784747743701934e-01
3.589177131709210822e-01
3.585393767169193224e-01
3.581814158530202130e-01
3.578798153085929745e-01
3.576647015051532263e-01
3.575571595925985946e-01
