3.665907698770813350e-01
3.849297068949061873e-01
3.985351760534205368e-01
4.074365307481604970e-01
4.118461765055813073e-01
4.119472093090845721e-01
4.078063873752708068e-01
3.993707402573999921e-01
3.865356967267390420e-01
3.693037306101845663e-01
3.480699359699486739e-01
3.240438668251133802e-01
2.996905469065732075e-01
2.788336968067211541e-01
2.659173523498364333e-01
2.643260662406770045e-01
2.746594586708073216e-01
2.943423810964269638e-01
3.189363581439040862e-01
3.440539301036958930e-01
3.665907698770680123e-01
3.849297068949418810e-01
3.985351760534294741e-01
4.074365307481371268e-01
4.118461765055806412e-01
4.119472093090838505e-01
4.078063873752563184e-01
3.993707402573652976e-01
3.865356967267501997e-01
3.693037306101585870e-01
3.480699359699577777e-01
3.240438668250850696e-01
2.996905469065054839e-01
2.788336968066701949e-01
2.659173523498209457e-01
2.643260662406932693e-01
2.746594586708545616e-01
2.943423810964156950e-01
3.189363581438998119e-01
3.440539301036555919e-01
3.665907698770510814e-01
3.849297068948747680e-01
3.985351760534093790e-01
4.074365307481118137e-01
4.118461765055806967e-01
4.119472093090389420e-01
4.078063873752466040e-01
3.993707402573928311e-01
3.865356967267450372e-01
3.693037306101267236e-01
3.480699359699596096e-01
3.240438668251076071e-01
2.996905469065210270e-01
2.788336968067132715e-01
2.659173523498269964e-01
2.643260662406631267e-01
2.746594586708368535e-01
2.943423810964164167e-01
3.189363581439158546e-01
3.440539301036509845e-01
3.665907698770871082e-01
3.849297068949145140e-01
3.985351760534430743e-01
4.074365307481754295e-01
4.118461765055714263e-01
4.119472093090702502e-01
4.078063873752488244e-01
3.993707402574174226e-01
3.865356967267236654e-01
3.693037306101485395e-01
3.480699359699473971e-01
3.240438668251184318e-01
2.996905469065125338e-01
2.788336968066738586e-01
2.659173523498256642e-01
2.643260662406623496e-01
2.746594586708303587e-01
2.943423810963925469e-01
3.189363581438873219e-01
3.440539301036504849e-01
3.665907698770626832e-01
3.849297068949281142e-01
3.985351760534228127e-01
4.074365307481160881e-01
4.118461765056062873e-01
4.119472093090492670e-01
4.078063873752334478e-01
3.993707402573981047e-01
3.865356967267297716e-01
3.693037306101172312e-01
3.480699359699748752e-01
3.240438668251174326e-01
2.996905469065033745e-01
2.788336968066438271e-01
2.659173523497880276e-01
2.643260662406313188e-01
2.746594586708475672e-01
2.943423810964002074e-01
3.189363581439206285e-01
3.440539301036429909e-01
