3.571484340297365057e-01
3.574328456949374400e-01
3.578564555762968058e-01
3.583770728705360509e-01
3.589437851885312614e-01
3.595019166111143027e-01
3.599980753596961902e-01
3.603849128738437213e-01
3.606253010896849354e-01
3.606956871903019834e-01
3.605884022172645142e-01
3.603127006061804805e-01
3.598943256886678599e-01
3.593734678517345182e-01
3.588011303395274854e-01
3.582341368732281928e-01
3.577292637628453620e-01
3.573371877764874305e-01
3.570970372560572925e-01
3.570322733907829726e-01
3.571484169839479472e-01
3.574328296094716473e-01
3.578564404023840129e-01
3.583770585605268733e-01
3.589437716957243896e-01
3.595019038897401265e-01
3.599980633650616269e-01
3.603849015625887886e-01
3.606252904200645260e-01
3.606956771225190428e-01
3.605883927137408795e-01
3.603126916318042938e-01
3.598943172109383970e-01
3.593734598408353520e-01
3.588011227682794124e-01
3.582341297169619465e-01
3.577292569991483151e-01
3.573371813849131606e-01
3.570970312177819683e-01
3.570322676882689006e-01
3.571484116006120590e-01
3.574328245294223216e-01
3.578564356102145738e-01
3.583770540411966854e-01
3.589437674344747031e-01
3.595018998721185577e-01
3.599980595769580738e-01
3.603848979903041538e-01
3.606252870504248476e-01
3.606956739429573733e-01
3.605883897123839388e-01
3.603126887975631187e-01
3.598943145335480320e-01
3.593734573108780528e-01
3.588011203771723778e-01
3.582341274569132428e-01
3.577292548630797708e-01
3.573371793663604468e-01
3.570970293108072791e-01
3.570322658873286703e-01
3.571484099004699209e-01
3.574328229250618438e-01
3.578564340967720359e-01
3.583770526139167245e-01
3.589437660887089820e-01
3.595018986032973984e-01
3.599980583806247636e-01
3.603848968621349846e-01
3.606252859862491000e-01
3.606956729388050009e-01
3.605883887645086050e-01
3.603126879024630691e-01
3.598943136879789728e-01
3.593734565118726909e-01
3.588011196220185495e-01
3.582341267431489173e-01
3.577292541884697918e-01
3.573371787288728285e-01
3.570970287085606376e-01
3.570322653185735162e-01
3.571484093635486357e-01
3.574328224183891400e-01
3.578564336188135298e-01
3.583770521631715611e-01
3.589437656637076701e-01
3.595018982025989795e-01
3.599980580028164789e-01
3.603848965058517595e-01
3.606252856501785398e-01
3.606956726216929976e-01
3.605883884651702731e-01
3.603126876197861317e-01
3.598943134209426908e-01
3.593734562595395365e-01
3.588011193835363710e-01
3.582341265177402256e-01
3.577292539754272083e-01
3.573371785275475943e-01
3.570970285183600046e-01
3.570322651389462587e-01
