3.465190038140252282e-01
3.661673594374711405e-01
3.826310493503491394e-01
3.951007416040936415e-01
4.032845441519655738e-01
4.071539311182068022e-01
4.067642011984639594e-01
4.021630249394583800e-01
3.933828006686838075e-01
3.805165995459472983e-01
3.638844918679223217e-01
3.442853269215004897e-01
3.232741376359876684e-01
3.033028535355247191e-01
2.874822586500553334e-01
2.788252095421027699e-01
2.791932840712713637e-01
2.885325124703419508e-01
3.049045706372234266e-01
3.252727828814254152e-01
3.465190038140386064e-01
3.661673594374896812e-01
3.826310493503435328e-01
3.951007416040773212e-01
4.032845441519895546e-01
4.071539311181900933e-01
4.067642011984395345e-01
4.021630249394526069e-01
3.933828006686748147e-01
3.805165995459379169e-01
3.638844918679352003e-01
3.442853269215300216e-01
3.232741376360205865e-01
3.033028535355326571e-01
2.874822586500516697e-01
2.788252095421099863e-01
2.791932840712687547e-01
2.885325124703260191e-01
3.049045706372061071e-01
3.252727828813865019e-01
3.465190038140393836e-01
3.661673594374526552e-01
3.826310493503165544e-01
3.951007416041026898e-01
4.032845441520073182e-01
4.071539311182163501e-01
4.067642011984103356e-01
4.021630249394276269e-01
3.933828006686613810e-01
3.805165995459438566e-01
3.638844918679989271e-01
3.442853269215848666e-01
3.232741376360348529e-01
3.033028535355377642e-01
2.874822586500717647e-01
2.788252095420927223e-01
2.791932840711993102e-01
2.885325124702740052e-01
3.049045706371688591e-01
3.252727828813805622e-01
3.465190038140077977e-01
3.661673594374859064e-01
3.826310493503509158e-01
3.951007416041125153e-01
4.032845441520110930e-01
4.071539311182229559e-01
4.067642011984363704e-01
4.021630249394872458e-01
3.933828006687052903e-01
3.805165995459624528e-01
3.638844918679425833e-01
3.442853269215468415e-01
3.232741376360165897e-01
3.033028535355116184e-01
2.874822586500151989e-01
2.788252095420759025e-01
2.791932840712674779e-01
2.885325124703376765e-01
3.049045706372207065e-01
3.252727828813872235e-01
3.465190038140419926e-01
3.661673594374600382e-01
3.826310493503362609e-01
3.951007416041055764e-01
4.032845441520064300e-01
4.071539311182461596e-01
4.067642011984752837e-01
4.021630249394919643e-01
3.933828006687216661e-01
3.805165995459661166e-01
3.638844918679090545e-01
3.442853269215104262e-01
3.232741376359843932e-01
3.033028535355174471e-01
2.874822586500529464e-01
2.788252095421088206e-01
2.791932840712474939e-01
2.885325124703028155e-01
3.049045706372047748e-01
3.252727828814148126e-01
