3.962442806752587976e-01
4.111647984252608801e-01
4.227789964361971520e-01
4.306497020719717295e-01
4.346118505491964878e-01
4.346349092622019405e-01
4.307509466978147183e-01
4.230476612902470679e-01
4.117235666263502902e-01
3.972031616029675360e-01
3.802997347344350132e-01
3.623804234912675337e-01
3.454321326647080137e-01
3.318840208638235145e-01
3.240948559988979238e-01
3.236187221686259718e-01
3.306087185157156050e-01
3.437362794879305072e-01
3.606862838766926038e-01
3.789116881248870139e-01
3.962442806752448643e-01
4.111647984252563282e-01
4.227789964362159147e-01
4.306497020719363689e-01
4.346118505491850526e-01
4.346349092621626387e-01
4.307509466978233226e-01
4.230476612902277500e-01
4.117235666263551752e-01
3.972031616029735868e-01
3.802997347344148626e-01
3.623804234912509914e-01
3.454321326646704882e-01
3.318840208638131895e-01
3.240948559988701128e-01
3.236187221686033233e-01
3.306087185157160491e-01
3.437362794879486039e-01
3.606862838767042057e-01
3.789116881248689173e-01
3.962442806752589641e-01
4.111647984252560506e-01
4.227789964361911568e-01
4.306497020719787239e-01
4.346118505491799455e-01
4.346349092621440979e-01
4.307509466978172163e-01
4.230476612902300260e-01
4.117235666263426297e-01
3.972031616029431667e-01
3.802997347344092005e-01
3.623804234912708644e-01
3.454321326647240564e-01
3.318840208638585976e-01
3.240948559989184630e-01
3.236187221686381288e-01
3.306087185157173813e-01
3.437362794879534889e-01
3.606862838767087021e-01
3.789116881248961177e-01
3.962442806752941582e-01
4.111647984253034016e-01
4.227789964362244635e-01
4.306497020719515234e-01
4.346118505491823325e-01
4.346349092621543675e-01
4.307509466977832435e-01
4.230476612902203115e-01
4.117235666263620586e-01
3.972031616029928491e-01
3.802997347344314050e-01
3.623804234912543776e-01
3.454321326646915269e-01
3.318840208638385580e-01
3.240948559988853783e-01
3.236187221685838944e-01
3.306087185156768027e-01
3.437362794879210703e-01
3.606862838767179169e-01
3.789116881248978941e-01
3.962442806752809465e-01
4.111647984252795873e-01
4.227789964361980402e-01
4.306497020719710633e-01
4.346118505491762263e-01
4.346349092621275556e-01
4.307509466977800794e-01
4.230476612902028255e-01
4.117235666263458493e-01
3.972031616030047840e-01
3.802997347344290735e-01
3.623804234912755273e-01
3.454321326647359913e-01
3.318840208638438316e-01
3.240948559988848232e-01
3.236187221685971060e-01
3.306087185157259301e-01
3.437362794879117445e-01
3.606862838767039281e-01
3.789116881249099955e-01
