3.589524290399127571e-01
3.589684209047014907e-01
3.589939908018144887e-01
3.590265354531474440e-01
3.590628046600748968e-01
3.590992132054445785e-01
3.591321745687018896e-01
3.591584303028127478e-01
3.591753509225215080e-01
3.591811855879402660e-01
3.591752390877148149e-01
3.591579568272703638e-01
3.591309032351020503e-01
3.590966273656697738e-01
3.590584215772467114e-01
3.590199935649001639e-01
3.589850858980643267e-01
3.589570870650207746e-01
3.589386809373154574e-01
3.589315763386166647e-01
3.589363461331852578e-01
3.589523889792346489e-01
3.589780104783277803e-01
3.590106072028201867e-01
3.590469287742750204e-01
3.590833897824343146e-01
3.591164035178158187e-01
3.591427113652232994e-01
3.591596837065537118e-01
3.591655696158359001e-01
3.591596738498214481e-01
3.591424418388546869e-01
3.591154380904831300e-01
3.590812117842920870e-01
3.590430554368221894e-01
3.590046769179259800e-01
3.589698189698033448e-01
3.589418702331951261e-01
3.589235146959423028e-01
3.589164612502798168e-01
3.589212827752004675e-01
3.589373778895627587e-01
3.589630521066841107e-01
3.589957018714620696e-01
3.590320766516341133e-01
3.590685908713766028e-01
3.591016576589787235e-01
3.591280182547262334e-01
3.591450429263385868e-01
3.591509806739875965e-01
3.591451362274064030e-01
3.591279550391314745e-01
3.591010016858826592e-01
3.590668254564941542e-01
3.590287190056804523e-01
3.589903903560054954e-01
3.589555824008336393e-01
3.589276839146107734e-01
3.589093789876027230e-01
3.589023765730536830e-01
3.589072495641631999e-01
3.589233965468779375e-01
3.589491229589343302e-01
3.589818251353356082e-01
3.590182524107585760e-01
3.590548190658787719e-01
3.590879380881957794e-01
3.591143505924775381e-01
3.591314267472711652e-01
3.591374154886939341e-01
3.591316215233096298e-01
3.591144903235135022e-01
3.590875865270387046e-01
3.590534595189059930e-01
3.590154020754758868e-01
3.589771223538462119e-01
3.589423633807137248e-01
3.589145140486955099e-01
3.588962585389000037e-01
3.588893058591497431e-01
3.588942289161596300e-01
3.589104262679913560e-01
3.589362032869342634e-01
3.589689562122757027e-01
3.590054342624743322e-01
3.590420515926480149e-01
3.590752210669748701e-01
3.591016836902067855e-01
3.591188095439562522e-01
3.591248475082657876e-01
3.591191022696121893e-01
3.591020193182408726e-01
3.590751633460696479e-01
3.590410838234104896e-01
3.590030736344888562e-01
3.589648410557598757e-01
3.589301292323349712e-01
3.589023271619524169e-01
3.588841191067762559e-01
3.588772141236702962e-01
