3.645075091970472192e-01
3.772593531814365519e-01
3.871647517118870230e-01
3.938831851984552213e-01
3.973038167046971658e-01
3.974197307407961732e-01
3.942627938603329718e-01
3.878959377833977040e-01
3.784592886376759169e-01
3.662692670159162778e-01
3.519632537457823562e-01
3.366550750416943405e-01
3.220154442076927914e-01
3.101450698287404051e-01
3.031417810293358661e-01
3.024417901640939488e-01
3.082539516761813037e-01
3.194508139069310859e-01
3.339997138942996657e-01
3.496520818096753858e-01
3.645075091970463310e-01
3.772593531814504297e-01
3.871647517118930737e-01
3.938831851984535004e-01
3.973038167047092117e-01
3.974197307408196544e-01
3.942627938603600057e-01
3.878959377834053091e-01
3.784592886376753063e-01
3.662692670158935182e-01
3.519632537458306509e-01
3.366550750416878457e-01
3.220154442076528789e-01
3.101450698287719354e-01
3.031417810293326465e-01
3.024417901641147099e-01
3.082539516761524379e-01
3.194508139069771602e-01
3.339997138943163746e-01
3.496520818096505723e-01
3.645075091970259029e-01
3.772593531813979717e-01
3.871647517118113058e-01
3.938831851983897736e-01
3.973038167046555325e-01
3.974197307408160462e-01
3.942627938603244786e-01
3.878959377833854361e-01
3.784592886376769161e-01
3.662692670159231056e-01
3.519632537457965116e-01
3.366550750416968940e-01
3.220154442076453849e-01
3.101450698287746555e-01
3.031417810292980075e-01
3.024417901640780171e-01
3.082539516761795828e-01
3.194508139069283659e-01
3.339997138942775723e-01
3.496520818096658378e-01
3.645075091970318426e-01
3.772593531814155132e-01
3.871647517118871340e-01
3.938831851984482824e-01
3.973038167047048819e-01
3.974197307408118274e-01
3.942627938603547322e-01
3.878959377833815503e-01
3.784592886376832443e-01
3.662692670159239383e-01
3.519632537457944577e-01
3.366550750417319215e-01
3.220154442076493817e-01
3.101450698287723795e-01
3.031417810293011716e-01
3.024417901640354955e-01
3.082539516761219067e-01
3.194508139069204278e-01
3.339997138942735755e-01
3.496520818096598981e-01
3.645075091970373382e-01
3.772593531814533718e-01
3.871647517118610993e-01
3.938831851984047616e-01
3.973038167046844538e-01
3.974197307408018354e-01
3.942627938603172622e-01
3.878959377834046984e-01
3.784592886376760834e-01
3.662692670159061747e-01
3.519632537457648702e-01
3.366550750416488769e-01
3.220154442076758050e-01
3.101450698287275820e-01
3.031417810292650894e-01
3.024417901640588657e-01
3.082539516761609866e-01
3.194508139069722197e-01
3.339997138943043842e-01
3.496520818096939265e-01
