1.940351217527660488e+00;3.861893963813857189e-01
1.950004706172076663e+00;3.869723827989289822e-01
1.959658194816492838e+00;3.879737381024893073e-01
1.969311683460909013e+00;3.890952766357496095e-01
1.978965172105325188e+00;3.902270511134007247e-01
1.988618660749741363e+00;3.912581149821612314e-01
1.998272149394157537e+00;3.920873825978520300e-01
2.007925638038573712e+00;3.926335241487259875e-01
2.017579126682989887e+00;3.928429267409922487e-01
2.027232615327406062e+00;3.926949423600084588e-01
2.036886103971822237e+00;3.922039090001204209e-01
2.046539592616238412e+00;3.914177471208740711e-01
2.056193081260654587e+00;3.904132688182266886e-01
2.065846569905070762e+00;3.892886588817450755e-01
2.075500058549486937e+00;3.881538637443125994e-01
2.085153547193903112e+00;3.871198291208646225e-01
2.094807035838319287e+00;3.862876398310844395e-01
2.104460524482735462e+00;3.857386248758449265e-01
2.114114013127151637e+00;3.855263963514616865e-01
2.123767501771567812e+00;3.856716014882762833e-01
2.133420990415983987e+00;3.861599015206001462e-01
2.143074479060400162e+00;3.869433752302848806e-01
2.152727967704816336e+00;3.879452097753088857e-01
2.162381456349232511e+00;3.890672196323610721e-01
2.172034944993648686e+00;3.901994576469430820e-01
2.181688433638064861e+00;3.912309773944204760e-01
2.191341922282481036e+00;3.920606933571396668e-01
2.200995410926897211e+00;3.926072758477868740e-01
2.210648899571313386e+00;3.928171120949471296e-01
2.220302388215729561e+00;3.926695542043331932e-01
2.229955876860145736e+00;3.921789402886596831e-01
2.239609365504561911e+00;3.913931909238825835e-01
2.249262854148978086e+00;3.903891183204463156e-01
2.258916342793394261e+00;3.892649073805172777e-01
2.268569831437810436e+00;3.881305046477107612e-01
2.278223320082226611e+00;3.870968559458721758e-01
2.287876808726642786e+00;3.862650462017915287e-01
2.297530297371058960e+00;3.857164045216797121e-01
2.307183786015475135e+00;3.855045431054529570e-01
2.316837274659891310e+00;3.856501092853356072e-01
2.326490763304307485e+00;3.861387643958400506e-01
2.336144251948723660e+00;3.869225873173683938e-01
2.345797740593139835e+00;3.879247653048170652e-01
2.355451229237556010e+00;3.890471129301953379e-01
2.365104717881972185e+00;3.901796831327465354e-01
2.374758206526388360e+00;3.912115295800321912e-01
2.384411695170804535e+00;3.920415668450665803e-01
2.394065183815220710e+00;3.925884653297107008e-01
2.403718672459636885e+00;3.927986123502519300e-01
2.413372161104053060e+00;3.926513600986521468e-01
2.423025649748469235e+00;3.921610467724511717e-01
2.432679138392885410e+00;3.913755930310315878e-01
2.442332627037301584e+00;3.903718111668835755e-01
2.451986115681717759e+00;3.892478861628634879e-01
2.461639604326133934e+00;3.881137646419476894e-01
2.471293092970550109e+00;3.870803925060265493e-01
2.480946581614966284e+00;3.862488547586450660e-01
2.490600070259382459e+00;3.857004805815060222e-01
2.500253558903798634e+00;3.854888822487655964e-01
2.509907047548214809e+00;3.856347071656683334e-01
2.519560536192630984e+00;3.861236167385315721e-01
2.529214024837047159e+00;3.869076899183821472e-01
2.538867513481463334e+00;3.879101140295712624e-01
2.548521002125879509e+00;3.890327037124144405e-01
2.558174490770295684e+00;3.901655119733379862e-01
2.567827979414711859e+00;3.911975925459716397e-01
2.577481468059128034e+00;3.920278600683109183e-01
2.587134956703544209e+00;3.925749850061186486e-01
2.596788445347960383e+00;3.927853547385335431e-01
2.606441933992376558e+00;3.926383215193282039e-01
2.616095422636792733e+00;3.921482236068302707e-01
2.625748911281208908e+00;3.913629817202103900e-01
2.635402399925625083e+00;3.903594082107543217e-01
2.645055888570041258e+00;3.892356881191453843e-01
2.654709377214457433e+00;3.881017681252301177e-01
2.664362865858873608e+00;3.870685941868293733e-01
2.674016354503289783e+00;3.862372513624979242e-01
2.683669843147705958e+00;3.856890688880357798e-01
2.693323331792122133e+00;3.854776590908013945e-01
2.702976820436538308e+00;3.856236694283649014e-01
2.712630309080954483e+00;3.861127613585079721e-01
2.722283797725370658e+00;3.868970138828661254e-01
2.731937286369786833e+00;3.878996143755678583e-01
2.741590775014203007e+00;3.890223775258803696e-01
2.751244263658619182e+00;3.901553563883727871e-01
2.760897752303035357e+00;3.911876047440226989e-01
2.770551240947451532e+00;3.920180372773933164e-01
2.780204729591867707e+00;3.925653245000428337e-01
2.789858218236283882e+00;3.927758538361499352e-01
2.799511706880700057e+00;3.926289775837817353e-01
2.809165195525116232e+00;3.921390340448334122e-01
2.818818684169532407e+00;3.913539439813161214e-01
2.828472172813948582e+00;3.903505197866533050e-01
2.838125661458364757e+00;3.892269465429720743e-01
2.847779150102780932e+00;3.880931709708724253e-01
2.857432638747197107e+00;3.870601390682578136e-01
2.867086127391613282e+00;3.862289359331039229e-01
2.876739616036029457e+00;3.856808908399771973e-01
2.886393104680445632e+00;3.854696161543675892e-01
2.896046593324861806e+00;3.856157593713401832e-01
2.905700081969277981e+00;3.861049819855601473e-01
2.915353570613694156e+00;3.868893630349288237e-01
2.925007059258110331e+00;3.878920899292466751e-01
2.934660547902526506e+00;3.890149773928613386e-01
2.944314036546942681e+00;3.901480785148431774e-01
2.953967525191358856e+00;3.911804471101033021e-01
2.963621013835775031e+00;3.920109978965728437e-01
2.973274502480191206e+00;3.925584014186334625e-01
2.982927991124607381e+00;3.927690451327387477e-01
2.992581479769023556e+00;3.926222813687007540e-01
3.002234968413439731e+00;3.921324484596343529e-01
3.011888457057855906e+00;3.913474671982553055e-01
3.021541945702272081e+00;3.903441500081840654e-01
3.031195434346688256e+00;3.892206820012426571e-01
3.040848922991104430e+00;3.880870099272393792e-01
3.050502411635520605e+00;3.870540798128013216e-01
3.060155900279936780e+00;3.862229767841554584e-01
3.069809388924352955e+00;3.856750301436530082e-01
3.079462877568769130e+00;3.854638522841050685e-01
3.089116366213185305e+00;3.856100907274528922e-01
3.098769854857601480e+00;3.860994069947876750e-01
3.108423343502017655e+00;3.868838801500044111e-01
3.118076832146433830e+00;3.878866976284655044e-01
3.127730320790850005e+00;3.890096741796614799e-01
3.137383809435266180e+00;3.901428629173849805e-01
3.147037298079682355e+00;3.911753176808647203e-01
3.156690786724098530e+00;3.920059532119467005e-01
3.166344275368514705e+00;3.925534400785337108e-01
3.175997764012930880e+00;3.927641657602071179e-01
3.185651252657347055e+00;3.926174826095315540e-01
3.195304741301763229e+00;3.921277289819937173e-01
3.204958229946179404e+00;3.913428256923104365e-01
3.214611718590595579e+00;3.903395851857446308e-01
3.224265207235011754e+00;3.892161925954025214e-01
3.233918695879427929e+00;3.880825946920215541e-01
3.243572184523844104e+00;3.870497375228140191e-01
3.253225673168260279e+00;3.862187062342513633e-01
3.262879161812676454e+00;3.856708301485964330e-01
3.272532650457092629e+00;3.854597216782411073e-01
3.282186139101508804e+00;3.856060283643848452e-01
3.291839627745924979e+00;3.860954117470590807e-01
3.301493116390341154e+00;3.868799509087856858e-01
3.311146605034757329e+00;3.878828333032460773e-01
3.320800093679173504e+00;3.890058736979461473e-01
3.330453582323589679e+00;3.901391252244006957e-01
3.340107070968005853e+00;3.911716417392628320e-01
3.349760559612422028e+00;3.920023380015157932e-01
3.359414048256838203e+00;3.925498845959187189e-01
3.369067536901254378e+00;3.927606690186306593e-01
3.378721025545670553e+00;3.926140436385166521e-01
3.388374514190086728e+00;3.921243468270970700e-01
3.398028002834502903e+00;3.913394994148607364e-01
3.407681491478919078e+00;3.903363138625758344e-01
3.417334980123335253e+00;3.892129753186008290e-01
3.426988468767751428e+00;3.880794305686720569e-01
3.436641957412167603e+00;3.870466256747553957e-01
3.446295446056583778e+00;3.862156457978295210e-01
3.455948934700999953e+00;3.856678202744265871e-01
3.465602423345416128e+00;3.854567615309719142e-01
3.475255911989832303e+00;3.856031171224658105e-01
3.484909400634248478e+00;3.860925486025122977e-01
3.494562889278664652e+00;3.868771350669827913e-01
3.504216377923080827e+00;3.878800639826855412e-01
3.513869866567497002e+00;3.890031501300391659e-01
3.523523355211913177e+00;3.901364466532546427e-01
3.533176843856329352e+00;3.911690074214753121e-01
3.542830332500745527e+00;3.919997472059668087e-01
3.552483821145161702e+00;3.925473366035648337e-01
3.562137309789577877e+00;3.927581631223089897e-01
3.571790798433994052e+00;3.926115791427491897e-01
3.581444287078410227e+00;3.921219230478961704e-01
3.591097775722826402e+00;3.913371156795367733e-01
3.600751264367242577e+00;3.903339695095526252e-01
3.610404753011658752e+00;3.892106696972335578e-01
3.620058241656074927e+00;3.880771630390634774e-01
3.629711730300491102e+00;3.870443956075833580e-01
3.639365218944907276e+00;3.862134525741691693e-01
3.649018707589323451e+00;3.856656632855749445e-01
3.658672196233739626e+00;3.854546401782839027e-01
3.668325684878155801e+00;3.856010308171878842e-01
3.677979173522571976e+00;3.860904967656173525e-01
3.687632662166988151e+00;3.868751171290097379e-01
3.697286150811404326e+00;3.878780793835813201e-01
3.706939639455820501e+00;3.890011983190039824e-01
3.716593128100236676e+00;3.901345270885896444e-01
3.726246616744652851e+00;3.911671195704293780e-01
3.735900105389069026e+00;3.919978905445918316e-01
3.745553594033485201e+00;3.925455106165672836e-01
3.755207082677901376e+00;3.927563673029110802e-01
3.764860571322317551e+00;3.926098129925426061e-01
3.774514059966733726e+00;3.921201860767075109e-01
3.784167548611149900e+00;3.913354074052933229e-01
3.793821037255566075e+00;3.903322894581460756e-01
3.803474525899982250e+00;3.892090174023848381e-01
3.813128014544398425e+00;3.880755380422011847e-01
3.822781503188814600e+00;3.870427974577107522e-01
3.832434991833230775e+00;3.862118808277382742e-01
3.842088480477646950e+00;3.856641175063684757e-01
3.851741969122063125e+00;3.854531199372923655e-01
3.861395457766479300e+00;3.855995356924872830e-01
