4.038102703286162998e-02
4.129311101992930166e-02
4.241149197606405852e-02
4.362669495749874060e-02
4.481976740759820166e-02
4.587392306180240742e-02
4.668597380076749959e-02
4.717643042237230216e-02
4.729728359857530984e-02
4.703670336284902082e-02
4.642019710967239948e-02
4.550811275295423008e-02
4.438973145169870099e-02
4.317452814802725386e-02
4.198145539706932966e-02
4.092729946196630580e-02
4.011524846073661471e-02
3.962479159426178510e-02
3.950393818943351981e-02
3.976451821169538908e-02
4.038102426557165642e-02
4.129310843621078475e-02
4.241148956373304996e-02
4.362669270519004688e-02
4.481976530470183073e-02
4.587392109840109783e-02
4.668597196760759099e-02
4.717642871081274142e-02
4.729728200054929971e-02
4.703670187082910348e-02
4.642019571661962218e-02
4.550811145230564125e-02
4.438973023732791651e-02
4.317452701422017786e-02
4.198145433846728336e-02
4.092729847358556744e-02
4.011524753792286568e-02
3.962479073266685775e-02
3.950393738499682200e-02
3.976451746062596021e-02
4.038102356432258372e-02
4.129310778148034128e-02
4.241148895242922989e-02
4.362669213443519378e-02
4.481976477180209251e-02
4.587392060084800188e-02
4.668597150305385524e-02
4.717642827707667352e-02
4.729728159558644479e-02
4.703670149272894119e-02
4.642019536360816184e-02
4.550811112271504338e-02
4.438972992959776265e-02
4.317452672690226534e-02
4.198145407021126874e-02
4.092729822312575483e-02
4.011524730407252382e-02
3.962479051432864913e-02
3.950393718113998781e-02
3.976451727029114980e-02
4.038102338661466589e-02
4.129310761556127807e-02
4.241148879751741735e-02
4.362669198979928636e-02
4.481976463676330680e-02
4.587392047477523854e-02
4.668597138534538726e-02
4.717642816717659143e-02
4.729728149297061229e-02
4.703670139692342489e-02
4.642019527415851277e-02
4.550811103920088946e-02
4.438972985162575186e-02
4.317452665410116686e-02
4.198145400223728813e-02
4.092729815966256873e-02
4.011524724481929649e-02
3.962479045900388352e-02
3.950393712948603586e-02
3.976451722205747580e-02
4.038102334157973872e-02
4.129310757350655725e-02
4.241148875825550418e-02
4.362669195314292786e-02
4.481976460253982164e-02
4.587392044281891901e-02
4.668597135551046801e-02
4.717642813932199086e-02
4.729728146696855068e-02
4.703670137264043261e-02
4.642019525148410181e-02
4.550811101802874903e-02
4.438972983185668353e-02
4.317452663564681076e-02
4.198145398501230280e-02
4.092729814357932983e-02
4.011524722981006652e-02
3.962479044498772723e-02
3.950393711639012956e-02
3.976451720983618932e-02
