4.280945358226208308e-02
4.290024973068645719e-02
4.302690221573531038e-02
4.317700656969009065e-02
4.333586286818799649e-02
4.348791465672715434e-02
4.361827172042292283e-02
4.371416763770127195e-02
4.376620944242321648e-02
4.376929706878364412e-02
4.372312257733015906e-02
4.363220029435607022e-02
4.350542491443684656e-02
4.335520082207685449e-02
4.319622786056906416e-02
4.304406240542622830e-02
4.291359459457384090e-02
4.281759077460045582e-02
4.276544383858701948e-02
4.276225378115856152e-02
4.280832847241167888e-02
4.289915351848287706e-02
4.302583415896076707e-02
4.317596594519283043e-02
4.333484897138978331e-02
4.348692680114689402e-02
4.361730923721063302e-02
4.371322987518585362e-02
4.376529576566891983e-02
4.376840685916586621e-02
4.372225523211288600e-02
4.363135522628467516e-02
4.350460155133577256e-02
4.335439860647041094e-02
4.319544624929830268e-02
4.304330086928426224e-02
4.291285261794292732e-02
4.281686785510809001e-02
4.276473948676764308e-02
4.276156752011288364e-02
4.280765983749373893e-02
4.289850205697474245e-02
4.302519942977672124e-02
4.317534751857500519e-02
4.333424642862125642e-02
4.348633973426169197e-02
4.361673724871716756e-02
4.371267257780896837e-02
4.376475278207886399e-02
4.376787782172371355e-02
4.372173978261964522e-02
4.363085301574109315e-02
4.350411223971090147e-02
4.335392186246731644e-02
4.319498175012569108e-02
4.304284830044193683e-02
4.291241167301138026e-02
4.281643823553475670e-02
4.276432090166701339e-02
4.276115968607141493e-02
4.280726247837741971e-02
4.289811490374656477e-02
4.302482222030432762e-02
4.317497999745961712e-02
4.333388834702180115e-02
4.348599084973282791e-02
4.361639732504177247e-02
4.371234138483202913e-02
4.376443009555651409e-02
4.376756342317314474e-02
4.372143345917068463e-02
4.363055455999445553e-02
4.350382144958775399e-02
4.335363854108038179e-02
4.319470570564815093e-02
4.304257934597050667e-02
4.291214962644445546e-02
4.281618291944843530e-02
4.276407214319204175e-02
4.276091731678137442e-02
4.280702633417104996e-02
4.289788482473579079e-02
4.302459805070710935e-02
4.317476158549998083e-02
4.333367554481984407e-02
4.348578351320350754e-02
4.361619531380313275e-02
4.371214456210653632e-02
4.376423832808268299e-02
4.376737658111297391e-02
4.372125141601689718e-02
4.363037719248904350e-02
4.350364863764138307e-02
4.335347016768536371e-02
4.319454165680344793e-02
4.304241951060221172e-02
4.291199389633042205e-02
4.281603118915039419e-02
4.276392430997869726e-02
4.276077328055692683e-02
