4.327664765128719226e-02
4.327923002714952755e-02
4.328291196627251369e-02
4.328733230849889091e-02
4.329205760584428631e-02
4.329662455155487005e-02
4.330058533194739573e-02
4.330355146167640112e-02
4.330523181152794859e-02
4.330546110631422474e-02
4.330421610329680815e-02
4.330161786748198266e-02
4.329791992106554049e-02
4.329348342704324171e-02
4.328874183618701410e-02
4.328415845798792155e-02
4.328018110881763636e-02
4.327719827666170332e-02
4.327550109332667372e-02
4.327525483654643540e-02
4.327648275155969448e-02
4.327906377581582087e-02
4.328274438953028103e-02
4.328716343207551775e-02
4.329188745500520824e-02
4.329645315111194798e-02
4.330041270626695804e-02
4.330337763468723039e-02
4.330505680672917801e-02
4.330528494678305418e-02
4.330403881169612307e-02
4.330143946606756361e-02
4.329774043169350856e-02
4.329330287117719167e-02
4.328856023490513377e-02
4.328397583198982657e-02
4.327999747843119804e-02
4.327701366184956433e-02
4.327531551369301344e-02
4.327506831134332599e-02
4.327629529969324179e-02
4.327887541585256903e-02
4.328255513970327012e-02
4.328697331029015410e-02
4.329169647884522493e-02
4.329626133784508085e-02
4.330022007285083685e-02
4.330318419777458294e-02
4.330486258267359639e-02
4.330508995164412955e-02
4.330384306124494126e-02
4.330124297579172193e-02
4.329754321680227835e-02
4.329310494660640329e-02
4.328836161532211013e-02
4.328377653179829587e-02
4.327979751177588735e-02
4.327681304262089718e-02
4.327511425553164093e-02
4.327486642764465097e-02
4.327609280361185279e-02
4.327867232030640360e-02
4.328235145737791695e-02
4.328676905364318289e-02
4.329149166010987787e-02
4.329605596903478987e-02
4.330001416576275547e-02
4.330297776399378434e-02
4.330465563357649428e-02
4.330488249840260678e-02
4.330363511482974992e-02
4.330103454697622339e-02
4.329733431616586414e-02
4.329289558453814496e-02
4.328815180202395807e-02
4.328356627728868755e-02
4.327958682589269634e-02
4.327660193502499281e-02
4.327490273570992058e-02
4.327465450491307930e-02
4.327588048711870222e-02
4.327845961903505068e-02
4.328213838015008974e-02
4.328655560912147982e-02
4.329127785680100121e-02
4.329584181529202991e-02
4.329979966978885625e-02
4.330276293384375391e-02
4.330444047716010270e-02
4.330466702348703678e-02
4.330341932904212265e-02
4.330081845780608951e-02
4.329711793096790301e-02
4.329267891053412837e-02
4.328793484630563682e-02
4.328334904681965800e-02
4.327936932751117599e-02
4.327638417544563132e-02
4.327468472152626311e-02
4.327443624259959265e-02
