4.312912824524110789e-02
4.319588847839578999e-02
4.326929955550557622e-02
4.334217548884142929e-02
4.340738267431119846e-02
4.345853817827308174e-02
4.349063454356312530e-02
4.350052995434274677e-02
4.348725577882803228e-02
4.345211138583240928e-02
4.339853695338979911e-02
4.333177672023026672e-02
4.325836564312376259e-02
4.318548970978068613e-02
4.312028252430451236e-02
4.306912702035645135e-02
4.303703065507148706e-02
4.302713524428700143e-02
4.304040941979826729e-02
4.307555381279667278e-02
4.312912824523388450e-02
4.319588847839684470e-02
4.326929955551605395e-02
4.334217548886306476e-02
4.340738267434242348e-02
4.345853817829505028e-02
4.349063454359631403e-02
4.350052995435495923e-02
4.348725577883960636e-02
4.345211138583338073e-02
4.339853695339659923e-02
4.333177672023534599e-02
4.325836564313292887e-02
4.318548970978863810e-02
4.312028252431895914e-02
4.306912702034981083e-02
4.303703065505994768e-02
4.302713524429168518e-02
4.304040941979311169e-02
4.307555381278917184e-02
4.312912824522565497e-02
4.319588847839733042e-02
4.326929955551649803e-02
4.334217548886615257e-02
4.340738267432290437e-02
4.345853817828624482e-02
4.349063454359180375e-02
4.350052995435174652e-02
4.348725577883539445e-02
4.345211138583102151e-02
4.339853695337711481e-02
4.333177672021795712e-02
4.325836564312083438e-02
4.318548970975831514e-02
4.312028252428102421e-02
4.306912702031430451e-02
4.303703065502248459e-02
4.302713524425537395e-02
4.304040941977155948e-02
4.307555381277498180e-02
4.312912824521804994e-02
4.319588847838111423e-02
4.326929955548974166e-02
4.334217548884461424e-02
4.340738267431108743e-02
4.345853817826879351e-02
4.349063454356213998e-02
4.350052995432633629e-02
4.348725577881527166e-02
4.345211138581162036e-02
4.339853695338602435e-02
4.333177672022623522e-02
4.325836564311413140e-02
4.318548970976908430e-02
4.312028252429409708e-02
4.306912702034091517e-02
4.303703065505302960e-02
4.302713524427845965e-02
4.304040941979766360e-02
4.307555381280479823e-02
4.312912824524155198e-02
4.319588847840045986e-02
4.326929955551123141e-02
4.334217548885086618e-02
4.340738267432419500e-02
4.345853817827553811e-02
4.349063454357149361e-02
4.350052995434663256e-02
4.348725577883959942e-02
4.345211138583748162e-02
4.339853695338683620e-02
4.333177672022731075e-02
4.325836564311826005e-02
4.318548970976649609e-02
4.312028252428410507e-02
4.306912702032781454e-02
4.303703065503614728e-02
4.302713524426489411e-02
4.304040941976829820e-02
4.307555381277610590e-02
