4.092895712863923313e-02
4.208613450341362749e-02
4.335859317332969171e-02
4.462177601802773397e-02
4.575203389955143085e-02
4.663872930147915791e-02
4.719506629990782159e-02
4.736658675322272249e-02
4.713650104437121235e-02
4.652733156566198763e-02
4.559870806998622683e-02
4.444153069521121491e-02
4.316907202528884324e-02
4.190588918060032808e-02
4.077563129908398643e-02
3.988893589714578858e-02
3.933259889869995113e-02
3.916107844539041399e-02
3.939116415423121048e-02
4.000033363294092092e-02
4.092895712862733293e-02
4.208613450340992213e-02
4.335859317332534796e-02
4.462177601802557597e-02
4.575203389954225069e-02
4.663872930147439783e-02
4.719506629991655766e-02
4.736658675322228534e-02
4.713650104438134314e-02
4.652733156565395933e-02
4.559870806997030901e-02
4.444153069518225890e-02
4.316907202527171111e-02
4.190588918058089918e-02
4.077563129906536937e-02
3.988893589712031590e-02
3.933259889867991160e-02
3.916107844537840277e-02
3.939116415422126011e-02
4.000033363294032418e-02
4.092895712861829849e-02
4.208613450340022155e-02
4.335859317332295404e-02
4.462177601801443211e-02
4.575203389953777511e-02
4.663872930147577173e-02
4.719506629991643276e-02
4.736658675322951567e-02
4.713650104437568100e-02
4.652733156566832284e-02
4.559870806998991138e-02
4.444153069520979243e-02
4.316907202529959853e-02
4.190588918060286078e-02
4.077563129908309825e-02
3.988893589713642107e-02
3.933259889869308162e-02
3.916107844538899152e-02
3.939116415423208478e-02
4.000033363295736610e-02
4.092895712863986457e-02
4.208613450342163498e-02
4.335859317333638774e-02
4.462177601802370941e-02
4.575203389954990429e-02
4.663872930148713764e-02
4.719506629992196306e-02
4.736658675323591333e-02
4.713650104438293215e-02
4.652733156565547201e-02
4.559870806997507603e-02
4.444153069519820448e-02
4.316907202528189047e-02
4.190588918059166140e-02
4.077563129907742223e-02
3.988893589712981524e-02
3.933259889870434345e-02
3.916107844539729738e-02
3.939116415423808693e-02
4.000033363295817102e-02
4.092895712864245972e-02
4.208613450342653384e-02
4.335859317334756630e-02
4.462177601805429605e-02
4.575203389955621869e-02
4.663872930149194629e-02
4.719506629992926972e-02
4.736658675323809214e-02
4.713650104438620730e-02
4.652733156566039863e-02
4.559870806998470721e-02
4.444153069520138249e-02
4.316907202529745441e-02
4.190588918060628165e-02
4.077563129908473583e-02
3.988893589713457533e-02
3.933259889869819559e-02
3.916107844538442573e-02
3.939116415422491690e-02
4.000033363295681793e-02
