3.762870045373394728e-02
4.042150354095256498e-02
4.349253360008755592e-02
4.654117681179738980e-02
4.926901073739104603e-02
5.140901598628502822e-02
5.275171393445929335e-02
5.316567195157142350e-02
5.261036894272343167e-02
5.114016183543069333e-02
4.889896474489190820e-02
4.610616165766707325e-02
4.303513159855077569e-02
3.998648838683632745e-02
3.725865446123729358e-02
3.511864921233282671e-02
3.377595126417239080e-02
3.336199324705553526e-02
3.391729625590414465e-02
3.538750336319941570e-02
3.762870045373485628e-02
4.042150354095293968e-02
4.349253360007295649e-02
4.654117681177820376e-02
4.926901073738152587e-02
5.140901598628071917e-02
5.275171393443098961e-02
5.316567195155869063e-02
5.261036894270507136e-02
5.114016183542270666e-02
4.889896474489165840e-02
4.610616165767543462e-02
4.303513159855278797e-02
3.998648838683167839e-02
3.725865446123124286e-02
3.511864921233183445e-02
3.377595126417393817e-02
3.336199324705416136e-02
3.391729625591012598e-02
3.538750336320845014e-02
3.762870045374413358e-02
4.042150354096506887e-02
4.349253360009414093e-02
4.654117681179667509e-02
4.926901073739530651e-02
5.140901598630709390e-02
5.275171393447020823e-02
5.316567195158072162e-02
5.261036894273380532e-02
5.114016183543882571e-02
4.889896474489859035e-02
4.610616165767258967e-02
4.303513159853658565e-02
3.998648838682612727e-02
3.725865446122995223e-02
3.511864921232654008e-02
3.377595126416644417e-02
3.336199324704646613e-02
3.391729625589016278e-02
3.538750336318269296e-02
3.762870045371826538e-02
4.042150354094596609e-02
4.349253360006512942e-02
4.654117681178383814e-02
4.926901073738208098e-02
5.140901598628405678e-02
5.275171393444800377e-02
5.316567195156570586e-02
5.261036894272033693e-02
5.114016183542570426e-02
4.889896474490352390e-02
4.610616165769240715e-02
4.303513159855786030e-02
3.998648838685611717e-02
3.725865446124904112e-02
3.511864921234128523e-02
3.377595126418280608e-02
3.336199324706183578e-02
3.391729625591170805e-02
3.538750336320280188e-02
3.762870045373613304e-02
4.042150354095333520e-02
4.349253360007994396e-02
4.654117681178154137e-02
4.926901073737296327e-02
5.140901598627770769e-02
5.275171393442940060e-02
5.316567195154820596e-02
5.261036894270310071e-02
5.114016183541212485e-02
4.889896474487794714e-02
4.610616165766438790e-02
4.303513159854985282e-02
3.998648838684226020e-02
3.725865446123966668e-02
3.511864921232391717e-02
3.377595126416055304e-02
3.336199324704415548e-02
3.391729625589176567e-02
3.538750336318591261e-02
