4.196928106064561070e-02
4.222796442691378188e-02
4.258880452582557152e-02
4.301646032671512659e-02
4.346905091300636709e-02
4.390225506526133914e-02
4.427364971843241598e-02
4.454686261482840304e-02
4.469513266224128811e-02
4.470392948451268333e-02
4.457237574470895164e-02
4.431333301397342300e-02
4.395214278061714691e-02
4.352414583823539102e-02
4.307122287242843434e-02
4.263769487758704846e-02
4.226598469949756354e-02
4.199246438221184569e-02
4.184389480979826270e-02
4.183480615561136623e-02
4.196607555899260072e-02
4.222484125628611640e-02
4.258576157160894049e-02
4.301349552860998793e-02
4.346616226362685215e-02
4.389944060878581134e-02
4.427090754926781002e-02
4.454419087632731367e-02
4.469252954544325473e-02
4.470139322691815686e-02
4.456990462908509004e-02
4.431092536719585806e-02
4.394979697253022233e-02
4.352186028055776007e-02
4.306899601767093244e-02
4.263552521800847983e-02
4.226387076608027760e-02
4.199040474366978054e-02
4.184188807160363344e-02
4.183285095905744239e-02
4.196417058027183955e-02
4.222298520558794704e-02
4.258395319225358883e-02
4.301173359619189090e-02
4.346444558518978291e-02
4.389776802201116740e-02
4.426927792169133014e-02
4.454260310457404393e-02
4.469098255447678109e-02
4.469988596931249308e-02
4.456843608431747261e-02
4.430949454095285678e-02
4.394840289604221711e-02
4.352050200993053120e-02
4.306767263325832207e-02
4.263423582378170901e-02
4.226261448902594864e-02
4.198918073319807265e-02
4.184069549896986956e-02
4.183168901680278662e-02
4.196303848167591555e-02
4.222188218413831795e-02
4.258287850112261325e-02
4.301068650773708785e-02
4.346342539045518899e-02
4.389677403024992014e-02
4.426830945990219840e-02
4.454165951703806248e-02
4.469006320231194707e-02
4.469899023005263761e-02
4.456756335148294446e-02
4.430864422364079458e-02
4.394757441852215757e-02
4.351969481126437972e-02
4.306688616691685401e-02
4.263346955726596277e-02
4.226186790351932343e-02
4.198845332320810808e-02
4.183998677198681043e-02
4.183099849296938177e-02
4.196236569345788980e-02
4.222122667600745199e-02
4.258223982925164047e-02
4.301006423969616632e-02
4.346281910492499206e-02
4.389618331673226376e-02
4.426773391843941141e-02
4.454109875794698414e-02
4.468951684591890294e-02
4.469845790643295347e-02
4.456704470021574660e-02
4.430813889356079172e-02
4.394708206748635521e-02
4.351921510591610920e-02
4.306641878245842658e-02
4.263301417724543740e-02
4.226142421960926709e-02
4.198802103500417354e-02
4.183956558679791105e-02
4.183058812562024525e-02
