4.266257638521792073e-02
4.276725166743628598e-02
4.292444274203321974e-02
4.311870656165914251e-02
4.333097194562017529e-02
4.354040638835930677e-02
4.372645527885380551e-02
4.387085391792541061e-02
4.395941538318381275e-02
4.398341923292592437e-02
4.394046511297532848e-02
4.383470770947215517e-02
4.367645004879654180e-02
4.348113495527314992e-02
4.326783338976904203e-02
4.305737764117277544e-02
4.287032210694693285e-02
4.272493127577645100e-02
4.263539186257969682e-02
4.261042410456714058e-02
4.265242815436031537e-02
4.275724912715458265e-02
4.291458380075716811e-02
4.310898915784502211e-02
4.332139404732043841e-02
4.353096599279679402e-02
4.371715041200510687e-02
4.386168263410619717e-02
4.395037576464194684e-02
4.397450938944108545e-02
4.393168318146344065e-02
4.382605185359535888e-02
4.366791845858304655e-02
4.347272584673225748e-02
4.325954500452326712e-02
4.304920824608787083e-02
4.286226999376939462e-02
4.271699476077653324e-02
4.262756928620323182e-02
4.260271383108103771e-02
4.264482857151614958e-02
4.274975864585026791e-02
4.290720085470223211e-02
4.310171220323658070e-02
4.331422156251829580e-02
4.352389647800523204e-02
4.371018238896011432e-02
4.385481464576776456e-02
4.394360637488615301e-02
4.396783718276253000e-02
4.392510676267576131e-02
4.381956984754400986e-02
4.366152950985462827e-02
4.346642861937258240e-02
4.325333818175536305e-02
4.304309053004080204e-02
4.285624010520643762e-02
4.271105143882467786e-02
4.262171128808749099e-02
4.259693993187257249e-02
4.263913756387004150e-02
4.274414933975318603e-02
4.290167207722607456e-02
4.309626279829262968e-02
4.330885039061375258e-02
4.351860241600784968e-02
4.370496432985994384e-02
4.384967149844715140e-02
4.393853706389309888e-02
4.396284064808423514e-02
4.392018195951814113e-02
4.381471574610937975e-02
4.365674509513170487e-02
4.346171289092112811e-02
4.324869015349983720e-02
4.303850923005931445e-02
4.285172457552838959e-02
4.270660073523632749e-02
4.261732447992912232e-02
4.259261610184539998e-02
4.263487580784227488e-02
4.273994876657601777e-02
4.289753180854317255e-02
4.309218196835794268e-02
4.330482814610952386e-02
4.351463791586503843e-02
4.370105674508682758e-02
4.384582001195257844e-02
4.393474087031561809e-02
4.395909895362397346e-02
4.391649398177231711e-02
4.381108071390799746e-02
4.365316224837504505e-02
4.345818148042170787e-02
4.324520944082496654e-02
4.303507848737771202e-02
4.284834308546027482e-02
4.270326779069631706e-02
4.261403938398598823e-02
4.258937816757307759e-02
