4.327589780428344607e-02
4.327832501574737506e-02
4.328180528822012096e-02
4.328599712209606210e-02
4.329048935853854058e-02
4.329484142670765590e-02
4.329862647003712012e-02
4.330147313006043469e-02
4.330310189769315948e-02
4.330335247365592333e-02
4.330219945980852414e-02
4.329975484541815495e-02
4.329625704498873268e-02
4.329204756070514915e-02
4.328753755393454500e-02
4.328316759799952229e-02
4.327936455190179582e-02
4.327649977649775104e-02
4.327485278321611256e-02
4.327458387363627978e-02
4.327571844815499003e-02
4.327814451971899457e-02
4.328162367599622251e-02
4.328581441693270249e-02
4.329030558325188544e-02
4.329465660368227858e-02
4.329844062123419657e-02
4.330128627702550803e-02
4.330291406156425854e-02
4.330316367517114684e-02
4.330200971931352089e-02
4.329956418287352754e-02
4.329606547997758709e-02
4.329185511243987400e-02
4.328734424126391700e-02
4.328297343941566594e-02
4.327916956554684474e-02
4.327630398017044688e-02
4.327465619437821653e-02
4.327438650941902581e-02
4.327552032536536447e-02
4.327794565484576611e-02
4.328142408521603451e-02
4.328561411611577675e-02
4.329010458796810762e-02
4.329445492920649258e-02
4.329823828255214418e-02
4.330108328883899849e-02
4.330271043829665017e-02
4.330295943097264844e-02
4.330180486806634033e-02
4.329935873819681924e-02
4.329585945523244106e-02
4.329164852073426328e-02
4.328713709545747856e-02
4.328276575212417626e-02
4.327896134914722970e-02
4.327609524680477160e-02
4.327444695595864671e-02
4.327417677763176901e-02
4.327531011167519426e-02
4.327773497050001195e-02
4.328121294124871732e-02
4.328540252335182081e-02
4.328989255702693495e-02
4.329424247050629032e-02
4.329802540631330632e-02
4.330087000508821976e-02
4.330249675687029842e-02
4.330274536152046994e-02
4.330159042005485986e-02
4.329914392091309405e-02
4.329564427778706537e-02
4.329143299206499734e-02
4.328692122433236422e-02
4.328254954714484681e-02
4.327874481875187279e-02
4.327587839927138358e-02
4.327422979940789838e-02
4.327395932003028078e-02
4.327509236083802724e-02
4.327751693409372102e-02
4.328099462679432796e-02
4.328518393822732013e-02
4.328967370847010970e-02
4.329402336561735676e-02
4.329780605205727634e-02
4.330065040829781525e-02
4.330227692424837294e-02
4.330252529964217362e-02
4.330137013537038032e-02
4.329892341974977965e-02
4.329542356635197875e-02
4.329121207644696934e-02
4.328670011050431143e-02
4.328232824096595738e-02
4.327852332596973661e-02
4.327565672552418502e-02
4.327400795022640079e-02
4.327373730083977632e-02
