4.326898694640320120e-02
4.327023121998898464e-02
4.327193007027085175e-02
4.327391767345228207e-02
4.327599993513981530e-02
4.327797348970204017e-02
4.327964560716129894e-02
4.328085305899321417e-02
4.328147809611771618e-02
4.328145997504461578e-02
4.328080090391470125e-02
4.327956582639551353e-02
4.327787606458653041e-02
4.327589744321036491e-02
4.327382405757595335e-02
4.327185927422004530e-02
4.327019582401542275e-02
4.326899693637183825e-02
4.326838036124495274e-02
4.326840684299097795e-02
4.326907417432587777e-02
4.327031741242968327e-02
4.327201523604123218e-02
4.327400182126774769e-02
4.327608307362102585e-02
4.327805562737671585e-02
4.327972675246586493e-02
4.328093322027443124e-02
4.328155728163415872e-02
4.328153819296835098e-02
4.328087816233256585e-02
4.327964213331062654e-02
4.327795142791984739e-02
4.327597187080176738e-02
4.327389755718580311e-02
4.327193185353032240e-02
4.327026749063115491e-02
4.326906769782213474e-02
4.326845022498432974e-02
4.326847581640041324e-02
4.326914226471409441e-02
4.327038462703412802e-02
4.327208158202930366e-02
4.327406730573752497e-02
4.327614770360277419e-02
4.327811940983344180e-02
4.327978969429450984e-02
4.328099532830678026e-02
4.328161856263786772e-02
4.328159865364768905e-02
4.328093780932937978e-02
4.327970097320529147e-02
4.327800946723193987e-02
4.327602911599098823e-02
4.327395401465281011e-02
4.327198752961747275e-02
4.327032239162330318e-02
4.326912182994729211e-02
4.326850359441453825e-02
4.326852842925245357e-02
4.326919412705011736e-02
4.327043574486233446e-02
4.327213196130461070e-02
4.327411695236250272e-02
4.327619662342780532e-02
4.327816760865774159e-02
4.327983717786664658e-02
4.328104210232523730e-02
4.328166463275160553e-02
4.328164402545690154e-02
4.328098248838578577e-02
4.327974496501298812e-02
4.327805277724776356e-02
4.327607174962516678e-02
4.327399597726937913e-02
4.327202882653494176e-02
4.327036302811496093e-02
4.326916181124192823e-02
4.326854292569680405e-02
4.326856711566334085e-02
4.326923217368745106e-02
4.327047315678128614e-02
4.327216874351811488e-02
4.327415310984158991e-02
4.327623216110228210e-02
4.327820253141650281e-02
4.327987149055809862e-02
4.328107580975758262e-02
4.328169773969359202e-02
4.328167653663778786e-02
4.328101440849624337e-02
4.327977629870500414e-02
4.327808352913532081e-02
4.327610192428450742e-02
4.327402557923948345e-02
4.327205786031779883e-02
4.327039149817595021e-02
4.326918972201025670e-02
4.326857028156567281e-02
4.326859392099045160e-02
