4.169412309007707734e-02
4.216241217441333428e-02
4.273851598839401716e-02
4.336604147491115308e-02
4.398356206541181868e-02
4.453063054039439750e-02
4.495369602441899592e-02
4.521134591888587712e-02
4.527835965573575455e-02
4.514817746232993589e-02
4.483354247772806250e-02
4.436525336543762493e-02
4.378914952560953450e-02
4.316162401519289815e-02
4.254410340260875167e-02
4.199703490720645832e-02
4.157396940431055260e-02
4.131631949240649471e-02
4.124930573944234069e-02
4.137948791795300479e-02
4.169412288878449752e-02
4.216241198835597032e-02
4.273851581642092862e-02
4.336604131596015488e-02
4.398356191849280700e-02
4.453063040458990485e-02
4.495369589890012979e-02
4.521134580287044374e-02
4.527835954849611377e-02
4.514817736321468516e-02
4.483354238611800269e-02
4.436525328075972135e-02
4.378914944733876963e-02
4.316162394285386061e-02
4.254410333575169706e-02
4.199703484542066656e-02
4.157396934720829912e-02
4.131631943962336267e-02
4.124930569066098673e-02
4.137948787286224034e-02
4.169412284710818234e-02
4.216241194983375712e-02
4.273851578081679092e-02
4.336604128305876493e-02
4.398356188808222322e-02
4.453063037648485878e-02
4.495369587291950936e-02
4.521134577885777689e-02
4.527835952630140243e-02
4.514817734269166438e-02
4.483354236714586633e-02
4.436525326321710816e-02
4.378914943112880570e-02
4.316162392787076252e-02
4.254410332189947214e-02
4.199703483260961573e-02
4.157396933536506439e-02
4.131631942867294849e-02
4.124930568053532948e-02
4.137948786350468394e-02
4.169412283846220257e-02
4.216241194184500163e-02
4.273851577343155267e-02
4.336604127622502997e-02
4.398356188177115350e-02
4.453063037065402990e-02
4.495369586753387298e-02
4.521134577388002257e-02
4.527835952169982636e-02
4.514817733843767833e-02
4.483354236321828584e-02
4.436525325958971117e-02
4.378914942777329539e-02
4.316162392477091575e-02
4.254410331902955256e-02
4.199703482995389286e-02
4.157396933291190172e-02
4.131631942640651839e-02
4.124930567844029006e-02
4.137948786156860070e-02
4.169412283667313368e-02
4.216241194018365696e-02
4.273851577189225620e-02
4.336604127479926074e-02
4.398356188045016851e-02
4.453063036943733649e-02
4.495369586640411697e-02
4.521134577283782846e-02
4.527835952074265452e-02
4.514817733755654289e-02
4.483354236239979473e-02
4.436525325882922921e-02
4.378914942707012870e-02
4.316162392411451720e-02
4.254410331842616716e-02
4.199703482940660842e-02
4.157396933240806169e-02
4.131631942593861490e-02
4.124930567800679654e-02
4.137948786116748406e-02
