4.316678419499652558e-02
4.324180680471405303e-02
4.334343464733873830e-02
4.346165263687085112e-02
4.358482213454017290e-02
4.370082021739535305e-02
4.379822635201977010e-02
4.386744031348149830e-02
4.390162191981763357e-02
4.389736059430001530e-02
4.385500921405868086e-02
4.377864956563339710e-02
4.367569278890850309e-02
4.355615392075626313e-02
4.343167155111850308e-02
4.331436855441316708e-02
4.321566541581737392e-02
4.314516231231697863e-02
4.310969937821886727e-02
4.311268714288399306e-02
4.315377268210290884e-02
4.322887416254008602e-02
4.333058039780125076e-02
4.344887630478454221e-02
4.357212324759952154e-02
4.368819830615814498e-02
4.378568094988925796e-02
4.385497095668936668e-02
4.388922814740653378e-02
4.388504194810712022e-02
4.384276523869748421e-02
4.376647980847919034e-02
4.366359680007884242e-02
4.354413125309663374e-02
4.341972176018504131e-02
4.330249119845515360e-02
4.320386005576225263e-02
4.313342851175370335e-02
4.309803670338162307e-02
4.310109516263667395e-02
4.314225096792154851e-02
4.321742228849966005e-02
4.331919794055814205e-02
4.343756284356062314e-02
4.356087836416809578e-02
4.367702158482706515e-02
4.377457197748684664e-02
4.384392932254772141e-02
4.387825344334787825e-02
4.387413376842719259e-02
4.383192318015167316e-02
4.375570347026625645e-02
4.365288578382827550e-02
4.353348516285174968e-02
4.340914020238940269e-02
4.329197378193868490e-02
4.319340639172597474e-02
4.312303821375466223e-02
4.308770938731941447e-02
4.309083044673896190e-02
4.313204847273136716e-02
4.320728163685916279e-02
4.330911875759535512e-02
4.342754475667715691e-02
4.355092100302279667e-02
4.366712458132418484e-02
4.376473496576208794e-02
4.383415193895408291e-02
4.386853532644254677e-02
4.386447455895867847e-02
4.382232252104617531e-02
4.374616100661433277e-02
4.364340116287149240e-02
4.352405803397074030e-02
4.339977021708965599e-02
4.328266059383804876e-02
4.318414965654160387e-02
4.311383758929091675e-02
4.307856453345510622e-02
4.308174102541464240e-02
4.312301414793660165e-02
4.319830207462028310e-02
4.330019362596312926e-02
4.341867372571424355e-02
4.354210374479213636e-02
4.365836076987644060e-02
4.375602427712360631e-02
4.382549405111500762e-02
4.385992991934562629e-02
4.385592131448592945e-02
4.381382112300805098e-02
4.373771114073769783e-02
4.363500251678861797e-02
4.351571029720691791e-02
4.339147308105257422e-02
4.327441375180574035e-02
4.317595280365141286e-02
4.310569042252823668e-02
4.307046675164170196e-02
4.307369232919834590e-02
