1.005000000000000142e+02;9.316917227671302898e-03
1.010000000000000142e+02;1.072598820302610861e-02
1.015000000000000142e+02;1.196217119803635182e-02
1.020000000000000142e+02;1.290446000815692607e-02
1.025000000000000142e+02;1.346061683934113989e-02
1.030000000000000142e+02;1.357620118598025852e-02
1.035000000000000142e+02;1.323989884690127995e-02
1.040000000000000142e+02;1.248462943820950917e-02
1.045000000000000142e+02;1.138432399189978107e-02
1.050000000000000142e+02;1.004668807133522052e-02
1.055000000000000142e+02;8.602658800277931603e-03
1.060000000000000142e+02;7.193587824922870015e-03
1.065000000000000142e+02;5.957404829912675386e-03
1.070000000000000142e+02;5.015116019791983175e-03
1.075000000000000142e+02;4.458959188607861286e-03
1.080000000000000142e+02;4.343374841969050576e-03
1.085000000000000142e+02;4.679677181047850465e-03
1.090000000000000142e+02;5.434946589739407877e-03
1.095000000000000142e+02;6.535252036049222710e-03
1.100000000000000142e+02;7.872887956613939392e-03
1.105000000000000142e+02;9.316917227671186671e-03
1.110000000000000142e+02;1.072598820302640872e-02
1.115000000000000142e+02;1.196217119803661376e-02
1.120000000000000142e+02;1.290446000815720883e-02
1.125000000000000142e+02;1.346061683934135153e-02
1.130000000000000142e+02;1.357620118598020995e-02
1.135000000000000142e+02;1.323989884690131465e-02
1.140000000000000142e+02;1.248462943820960111e-02
1.145000000000000142e+02;1.138432399189975332e-02
1.150000000000000142e+02;1.004668807133501061e-02
1.155000000000000142e+02;8.602658800277893439e-03
1.160000000000000142e+02;7.193587824922918587e-03
1.165000000000000142e+02;5.957404829912716152e-03
1.170000000000000142e+02;5.015116019792069911e-03
1.175000000000000142e+02;4.458959188607855215e-03
1.180000000000000142e+02;4.343374841968989861e-03
1.185000000000000142e+02;4.679677181047942405e-03
1.190000000000000142e+02;5.434946589739384458e-03
1.195000000000000142e+02;6.535252036049310313e-03
1.200000000000000142e+02;7.872887956613798879e-03
1.205000000000000142e+02;9.316917227670987178e-03
1.210000000000000142e+02;1.072598820302615892e-02
1.215000000000000142e+02;1.196217119803655651e-02
1.220000000000000142e+02;1.290446000815715678e-02
1.225000000000000142e+02;1.346061683934127520e-02
1.230000000000000142e+02;1.357620118598014750e-02
1.235000000000000142e+02;1.323989884690124005e-02
1.240000000000000142e+02;1.248462943820960978e-02
1.245000000000000142e+02;1.138432399189975158e-02
1.250000000000000142e+02;1.004668807133482673e-02
1.255000000000000142e+02;8.602658800277853540e-03
1.260000000000000142e+02;7.193587824922837055e-03
1.265000000000000142e+02;5.957404829912575639e-03
1.270000000000000142e+02;5.015116019791840928e-03
1.275000000000000142e+02;4.458959188607883838e-03
1.280000000000000284e+02;4.343374841968974248e-03
1.285000000000000284e+02;4.679677181047847863e-03
1.290000000000000284e+02;5.434946589739284711e-03
1.295000000000000284e+02;6.535252036049203628e-03
1.300000000000000284e+02;7.872887956613981025e-03
1.305000000000000284e+02;9.316917227671051363e-03
1.310000000000000284e+02;1.072598820302611902e-02
1.315000000000000284e+02;1.196217119803637610e-02
1.320000000000000284e+02;1.290446000815700760e-02
1.325000000000000284e+02;1.346061683934107918e-02
1.330000000000000284e+02;1.357620118598001913e-02
1.335000000000000284e+02;1.323989884690110648e-02
1.340000000000000284e+02;1.248462943820967917e-02
1.345000000000000284e+02;1.138432399189991291e-02
1.350000000000000284e+02;1.004668807133524133e-02
1.355000000000000284e+02;8.602658800278007931e-03
1.360000000000000284e+02;7.193587824922856137e-03
1.365000000000000284e+02;5.957404829912637222e-03
1.370000000000000284e+02;5.015116019792044758e-03
1.375000000000000284e+02;4.458959188607803173e-03
1.380000000000000284e+02;4.343374841969034963e-03
1.385000000000000284e+02;4.679677181047736841e-03
1.390000000000000284e+02;5.434946589739229200e-03
1.395000000000000284e+02;6.535252036049276486e-03
1.400000000000000284e+02;7.872887956614033067e-03
1.405000000000000284e+02;9.316917227671299429e-03
1.410000000000000284e+02;1.072598820302627862e-02
1.415000000000000284e+02;1.196217119803647151e-02
1.420000000000000284e+02;1.290446000815699719e-02
1.425000000000000284e+02;1.346061683934123530e-02
1.430000000000000284e+02;1.357620118597985606e-02
1.435000000000000284e+02;1.323989884690097811e-02
1.440000000000000284e+02;1.248462943820958723e-02
1.445000000000000284e+02;1.138432399189968219e-02
1.450000000000000284e+02;1.004668807133495684e-02
1.455000000000000284e+02;8.602658800277791090e-03
1.460000000000000284e+02;7.193587824922935067e-03
1.465000000000000284e+02;5.957404829912645895e-03
1.470000000000000284e+02;5.015116019791856540e-03
1.475000000000000284e+02;4.458959188607778019e-03
1.480000000000000284e+02;4.343374841968859756e-03
1.485000000000000284e+02;4.679677181047894700e-03
1.490000000000000284e+02;5.434946589739246547e-03
1.495000000000000284e+02;6.535252036049321589e-03
1.500000000000000284e+02;7.872887956614059088e-03
1.505000000000000284e+02;9.316917227671256060e-03
1.510000000000000284e+02;1.072598820302637229e-02
1.515000000000000284e+02;1.196217119803656172e-02
1.520000000000000284e+02;1.290446000815710127e-02
1.525000000000000284e+02;1.346061683934116418e-02
1.530000000000000284e+02;1.357620118597969820e-02
1.535000000000000284e+02;1.323989884690112903e-02
1.540000000000000284e+02;1.248462943820975550e-02
1.545000000000000284e+02;1.138432399189968740e-02
1.550000000000000284e+02;1.004668807133514766e-02
1.555000000000000284e+02;8.602658800277796294e-03
1.560000000000000284e+02;7.193587824922948078e-03
1.565000000000000284e+02;5.957404829912481097e-03
1.570000000000000284e+02;5.015116019791773273e-03
1.575000000000000284e+02;4.458959188607764142e-03
1.580000000000000284e+02;4.343374841968939554e-03
1.585000000000000284e+02;4.679677181047848730e-03
1.590000000000000284e+02;5.434946589739414816e-03
1.595000000000000284e+02;6.535252036049318120e-03
1.600000000000000284e+02;7.872887956614140620e-03
1.605000000000000284e+02;9.316917227671434737e-03
1.610000000000000284e+02;1.072598820302646597e-02
1.615000000000000284e+02;1.196217119803677335e-02
1.620000000000000284e+02;1.290446000815730077e-02
1.625000000000000284e+02;1.346061683934157184e-02
1.630000000000000284e+02;1.357620118598005209e-02
1.635000000000000284e+02;1.323989884690123311e-02
1.640000000000000284e+02;1.248462943820972948e-02
1.645000000000000284e+02;1.138432399189995281e-02
1.650000000000000284e+02;1.004668807133520143e-02
1.655000000000000284e+02;8.602658800278023543e-03
1.660000000000000284e+02;7.193587824923079049e-03
1.665000000000000284e+02;5.957404829912669314e-03
1.670000000000000284e+02;5.015116019792014400e-03
1.675000000000000284e+02;4.458959188607804908e-03
1.680000000000000284e+02;4.343374841968899655e-03
1.685000000000000284e+02;4.679677181047900772e-03
1.690000000000000284e+02;5.434946589739401805e-03
1.695000000000000284e+02;6.535252036049345008e-03
1.700000000000000284e+02;7.872887956614112864e-03
1.705000000000000284e+02;9.316917227671290755e-03
1.710000000000000284e+02;1.072598820302616586e-02
1.715000000000000284e+02;1.196217119803662764e-02
1.720000000000000284e+02;1.290446000815715331e-02
1.725000000000000284e+02;1.346061683934119541e-02
1.730000000000000284e+02;1.357620118597990810e-02
1.735000000000000284e+02;1.323989884690115679e-02
1.740000000000000284e+02;1.248462943820975203e-02
1.745000000000000284e+02;1.138432399189997363e-02
1.750000000000000284e+02;1.004668807133533154e-02
1.755000000000000284e+02;8.602658800278096402e-03
1.760000000000000284e+02;7.193587824923119815e-03
1.765000000000000284e+02;5.957404829912663242e-03
1.770000000000000284e+02;5.015116019792017002e-03
1.775000000000000284e+02;4.458959188607771948e-03
1.780000000000000284e+02;4.343374841968935217e-03
1.785000000000000284e+02;4.679677181047881690e-03
1.790000000000000284e+02;5.434946589739290783e-03
1.795000000000000284e+02;6.535252036049214036e-03
1.800000000000000284e+02;7.872887956613849186e-03
1.805000000000000284e+02;9.316917227671190141e-03
1.810000000000000284e+02;1.072598820302632198e-02
1.815000000000000284e+02;1.196217119803643682e-02
1.820000000000000284e+02;1.290446000815710821e-02
1.825000000000000284e+02;1.346061683934108091e-02
1.830000000000000284e+02;1.357620118598006076e-02
1.835000000000000284e+02;1.323989884690129210e-02
1.840000000000000284e+02;1.248462943820970346e-02
1.845000000000000284e+02;1.138432399189985914e-02
1.850000000000000284e+02;1.004668807133525694e-02
1.855000000000000284e+02;8.602658800277947215e-03
1.860000000000000284e+02;7.193587824922866546e-03
1.865000000000000284e+02;5.957404829912717886e-03
1.870000000000000284e+02;5.015116019792193944e-03
1.875000000000000284e+02;4.458959188607846541e-03
1.880000000000000284e+02;4.343374841968938686e-03
1.885000000000000284e+02;4.679677181047887762e-03
1.890000000000000284e+02;5.434946589739462521e-03
1.895000000000000284e+02;6.535252036049303374e-03
1.900000000000000284e+02;7.872887956613972352e-03
1.905000000000000284e+02;9.316917227670910850e-03
1.910000000000000284e+02;1.072598820302604963e-02
1.915000000000000284e+02;1.196217119803663978e-02
1.920000000000000284e+02;1.290446000815716372e-02
1.925000000000000284e+02;1.346061683934113469e-02
1.930000000000000284e+02;1.357620118598007464e-02
1.935000000000000284e+02;1.323989884690104230e-02
1.940000000000000284e+02;1.248462943820947794e-02
1.945000000000000284e+02;1.138432399189955729e-02
1.950000000000000284e+02;1.004668807133497245e-02
1.955000000000000284e+02;8.602658800277947215e-03
1.960000000000000284e+02;7.193587824922993181e-03
1.965000000000000284e+02;5.957404829912746509e-03
1.970000000000000284e+02;5.015116019792175729e-03
1.975000000000000284e+02;4.458959188608006136e-03
1.980000000000000284e+02;4.343374841969055780e-03
1.985000000000000284e+02;4.679677181047959753e-03
1.990000000000000284e+02;5.434946589739319406e-03
1.995000000000000284e+02;6.535252036049233118e-03
2.000000000000000284e+02;7.872887956613920310e-03
