1.940351217527660488e+00;8.933792302509856870e-03
1.950004706172076663e+00;8.943150166602202925e-03
1.959658194816492838e+00;8.954165857600625972e-03
1.969311683460909013e+00;8.965760466697534486e-03
1.978965172105325188e+00;8.976798429553416517e-03
1.988618660749741363e+00;8.986198682971803173e-03
1.998272149394157537e+00;8.993040486628557650e-03
2.007925638038573712e+00;8.996653551286896630e-03
2.017579126682989887e+00;8.996683651120721686e-03
2.027232615327406062e+00;8.993127297554370098e-03
2.036886103971822237e+00;8.986332080502109840e-03
2.046539592616238412e+00;8.976962643603911274e-03
2.056193081260654587e+00;8.965935624038884333e-03
2.065846569905070762e+00;8.954329925460056266e-03
2.075500058549486937e+00;8.943281107161173138e-03
2.085153547193903112e+00;8.933870227399437827e-03
2.094807035838319287e+00;8.927018021663925967e-03
2.104460524482735462e+00;8.923394774458349304e-03
2.114114013127151637e+00;8.923354706975720682e-03
2.123767501771567812e+00;8.926901303256361969e-03
2.133420990415983987e+00;8.933686968946393317e-03
2.143074479060400162e+00;8.943047056059895417e-03
2.152727967704816336e+00;8.954064923163564116e-03
2.162381456349232511e+00;8.965661662439925600e-03
2.172034944993648686e+00;8.976701710518680474e-03
2.181688433638064861e+00;8.986104005152172058e-03
2.191341922282481036e+00;8.992947806945010211e-03
2.200995410926897211e+00;8.996562827569628759e-03
2.210648899571313386e+00;8.996594842089873645e-03
2.220302388215729561e+00;8.993040362801274154e-03
2.229955876860145736e+00;8.986246980470907406e-03
2.239609365504561911e+00;8.976879339573577699e-03
2.249262854148978086e+00;8.965854078105552072e-03
2.258916342793394261e+00;8.954250100519834180e-03
2.268569831437810436e+00;8.943202966893232936e-03
2.278223320082226611e+00;8.933793736249437054e-03
2.287876808726642786e+00;8.926943144827880275e-03
2.297530297371058960e+00;8.923321477866874227e-03
2.307183786015475135e+00;8.923282957278408714e-03
2.316837274659891310e+00;8.926831067806636696e-03
2.326490763304307485e+00;8.933618215786719163e-03
2.336144251948723660e+00;8.942979753907126170e-03
2.345797740593139835e+00;8.953999041394792788e-03
2.355451229237556010e+00;8.965597171078542454e-03
2.365104717881972185e+00;8.976638580220760652e-03
2.374758206526388360e+00;8.986042207193003714e-03
2.384411695170804535e+00;8.992887313206162150e-03
2.394065183815220710e+00;8.996503610526066647e-03
2.403718672459636885e+00;8.996536874797421424e-03
2.413372161104053060e+00;8.992983618884479655e-03
2.423025649748469235e+00;8.986191434110925302e-03
2.432679138392885410e+00;8.976824965496487882e-03
2.442332627037301584e+00;8.965800851570809860e-03
2.451986115681717759e+00;8.954197997309037982e-03
2.461639604326133934e+00;8.943151963299072332e-03
2.471293092970550109e+00;8.933743809064963529e-03
2.480946581614966284e+00;8.926894271335937547e-03
2.490600070259382459e+00;8.923273635829691644e-03
2.500253558903798634e+00;8.923236124927578020e-03
2.509907047548214809e+00;8.926785223833166860e-03
2.519560536192630984e+00;8.933573339331288971e-03
2.529214024837047159e+00;8.942935824550687224e-03
2.538867513481463334e+00;8.953956039149222820e-03
2.548521002125879509e+00;8.965555076377534557e-03
2.558174490770295684e+00;8.976597373910932820e-03
2.567827979414711859e+00;8.986001870525280738e-03
2.577481468059128034e+00;8.992847827827072510e-03
2.587134956703544209e+00;8.996464958469512982e-03
2.596788445347960383e+00;8.996499038476516927e-03
2.606441933992376558e+00;8.992946581083483340e-03
2.616095422636792733e+00;8.986155177977357689e-03
2.625748911281208908e+00;8.976789474533558924e-03
2.635402399925625083e+00;8.965766109629940556e-03
2.645055888570041258e+00;8.954163988582409736e-03
2.654709377214457433e+00;8.943118672312533671e-03
2.664362865858873608e+00;8.933711220670891712e-03
2.674016354503289783e+00;8.926862370706403760e-03
2.683669843147705958e+00;8.923242408449719859e-03
2.693323331792122133e+00;8.923205556588514886e-03
2.702976820436538308e+00;8.926755300626228531e-03
2.712630309080954483e+00;8.933544047641201608e-03
2.722283797725370658e+00;8.942907151049546075e-03
2.731937286369786833e+00;8.953927970790413748e-03
2.741590775014203007e+00;8.965527600389785676e-03
2.751244263658619182e+00;8.976570477792503167e-03
2.760897752303035357e+00;8.985975542038259975e-03
2.770551240947451532e+00;8.992822054991841951e-03
2.780204729591867707e+00;8.996439729559267337e-03
2.789858218236283882e+00;8.996474342011976863e-03
2.799511706880700057e+00;8.992922405827571616e-03
2.809165195525116232e+00;8.986131512930197948e-03
2.818818684169532407e+00;8.976766308927438057e-03
2.828472172813948582e+00;8.965743432924316164e-03
2.838125661458364757e+00;8.954141790459238526e-03
2.847779150102780932e+00;8.943096942671535654e-03
2.857432638747197107e+00;8.933689949624949722e-03
2.867086127391613282e+00;8.926841548577068783e-03
2.876739616036029457e+00;8.923222025762756263e-03
2.886393104680445632e+00;8.923185604069702390e-03
2.896046593324861806e+00;8.926735769197044479e-03
2.905700081969277981e+00;8.933524928414756511e-03
2.915353570613694156e+00;8.942888435326461910e-03
2.925007059258110331e+00;8.953909650054912156e-03
2.934660547902526506e+00;8.965509666305812586e-03
2.944314036546942681e+00;8.976552922199928022e-03
2.953967525191358856e+00;8.985958356949166892e-03
2.963621013835775031e+00;8.992805232586923228e-03
2.973274502480191206e+00;8.996423262184255129e-03
2.982927991124607381e+00;8.996458222174069652e-03
2.992581479769023556e+00;8.992906626192129563e-03
3.002234968413439731e+00;8.986116066317427833e-03
3.011888457057855906e+00;8.976751188309027921e-03
3.021541945702272081e+00;8.965728631420290251e-03
3.031195434346688256e+00;8.954127301334822639e-03
3.040848922991104430e+00;8.943082759334065879e-03
3.050502411635520605e+00;8.933676065620952886e-03
3.060155900279936780e+00;8.926827957589205872e-03
3.069809388924352955e+00;8.923208721607091970e-03
3.079462877568769130e+00;8.923172580692723121e-03
3.089116366213185305e+00;8.926723020673016373e-03
3.098769854857601480e+00;8.933512448943031412e-03
3.108423343502017655e+00;8.942876219228795484e-03
3.118076832146433830e+00;8.953897691772910380e-03
3.127730320790850005e+00;8.965497960398414665e-03
3.137383809435266180e+00;8.976541463340856342e-03
3.147037298079682355e+00;8.985947139924566063e-03
3.156690786724098530e+00;8.992794252292992188e-03
3.166344275368514705e+00;8.996412513624867102e-03
3.175997764012930880e+00;8.996447700458556906e-03
3.185651252657347055e+00;8.992896326533061230e-03
3.195304741301763229e+00;8.986105984028384258e-03
3.204958229946179404e+00;8.976741318802494707e-03
3.214611718590595579e+00;8.965718970205599145e-03
3.224265207235011754e+00;8.954117844016071595e-03
3.233918695879427929e+00;8.943073501608113721e-03
3.243572184523844104e+00;8.933667003275439986e-03
3.253225673168260279e+00;8.926819086500736161e-03
3.262879161812676454e+00;8.923200037739260557e-03
3.272532650457092629e+00;8.923164080094306977e-03
3.282186139101508804e+00;8.926714699476203177e-03
3.291839627745924979e+00;8.933504303361629317e-03
3.301493116390341154e+00;8.942868245556524417e-03
3.311146605034757329e+00;8.953889886381665580e-03
3.320800093679173504e+00;8.965490319736688085e-03
3.330453582323589679e+00;8.976533983932116420e-03
3.340107070968005853e+00;8.985939818365646162e-03
3.349760559612422028e+00;8.992787085252531079e-03
3.359414048256838203e+00;8.996405497841782409e-03
3.369067536901254378e+00;8.996440832740693755e-03
3.378721025545670553e+00;8.992889603755513037e-03
3.388374514190086728e+00;8.986099403132273220e-03
3.398028002834502903e+00;8.976734876793460854e-03
3.407681491478919078e+00;8.965712664152473282e-03
3.417334980123335253e+00;8.954111671049579460e-03
3.426988468767751428e+00;8.943067458919519430e-03
3.436641957412167603e+00;8.933661088115316118e-03
3.446295446056583778e+00;8.926813296177614140e-03
3.455948934700999953e+00;8.923194369618487470e-03
3.465602423345416128e+00;8.923158531596883311e-03
3.475255911989832303e+00;8.926709268077516468e-03
3.484909400634248478e+00;8.933498986590350868e-03
3.494562889278664652e+00;8.942863040993516421e-03
3.504216377923080827e+00;8.953884791658829265e-03
3.513869866567497002e+00;8.965485332535895122e-03
3.523523355211913177e+00;8.976529101984128192e-03
3.533176843856329352e+00;8.985935039449142320e-03
3.542830332500745527e+00;8.992782407193101665e-03
3.552483821145161702e+00;8.996400918510890493e-03
3.562137309789577877e+00;8.996436350054667561e-03
3.571790798433994052e+00;8.992885215674732355e-03
3.581444287078410227e+00;8.986095107660099085e-03
3.591097775722826402e+00;8.976730671975437573e-03
3.600751264367242577e+00;8.965708548075391679e-03
3.610404753011658752e+00;8.954107641840581763e-03
3.620058241656074927e+00;8.943063514745297829e-03
3.629711730300491102e+00;8.933657227181243665e-03
3.639365218944907276e+00;8.926809516726951985e-03
3.649018707589323451e+00;8.923190669931559127e-03
3.658672196233739626e+00;8.923154909990320058e-03
3.668325684878155801e+00;8.926705722903473250e-03
3.677979173522571976e+00;8.933495516235732611e-03
3.687632662166988151e+00;8.942859643879247714e-03
3.697286150811404326e+00;8.953881466239236794e-03
3.706939639455820501e+00;8.965482077297871541e-03
3.716593128100236676e+00;8.976525915446563128e-03
3.726246616744652851e+00;8.985931920162146952e-03
3.735900105389069026e+00;8.992779353737342593e-03
3.745553594033485201e+00;8.996397929497046767e-03
3.755207082677901376e+00;8.996433424122736791e-03
3.764860571322317551e+00;8.992882351493378459e-03
3.774514059966733726e+00;8.986092303926119726e-03
3.784167548611149900e+00;8.976727927413106697e-03
3.793821037255566075e+00;8.965705861435946042e-03
3.803474525899982250e+00;8.954105011901547853e-03
3.813128014544398425e+00;8.943060940310026963e-03
3.822781503188814600e+00;8.933654707078341264e-03
3.832434991833230775e+00;8.926807049809791852e-03
3.842088480477646950e+00;8.923188255077674561e-03
3.851741969122063125e+00;8.923152546100914656e-03
3.861395457766479300e+00;8.926703408902968151e-03
