1.011975673419189363e-02
1.115921937507674197e-02
1.198273538276151996e-02
1.251019711744619060e-02
1.269047769690858848e-02
1.250624335373427994e-02
1.197553110811047129e-02
1.114998230199264542e-02
1.010990506021174941e-02
8.956604415519953469e-03
7.802658351769831656e-03
6.761018418409691158e-03
5.933955648053176532e-03
5.402932420359190212e-03
5.220435986402940064e-03
5.404646497387099319e-03
5.937536038286930253e-03
6.766631612966059368e-03
7.810270348596737647e-03
8.965786842407917623e-03
1.011975673419165424e-02
1.115921937507656503e-02
1.198273538276138986e-02
1.251019711744610213e-02
1.269047769690858848e-02
1.250624335373436494e-02
1.197553110811060140e-02
1.114998230199284318e-02
1.010990506021198533e-02
8.956604415520185922e-03
7.802658351770008598e-03
6.761018418409883712e-03
5.933955648053317045e-03
5.402932420359280417e-03
5.220435986402940064e-03
5.404646497387032532e-03
5.937536038286814026e-03
6.766631612965865079e-03
7.810270348596446213e-03
8.965786842407537718e-03
1.011975673419118413e-02
1.115921937507623890e-02
1.198273538276120771e-02
1.251019711744626173e-02
1.269047769690891635e-02
1.250624335373454188e-02
1.197553110811092059e-02
1.114998230199316064e-02
1.010990506021226462e-02
8.956604415520352455e-03
7.802658351770242785e-03
6.761018418410084073e-03
5.933955648053464496e-03
5.402932420359356745e-03
5.220435986402940064e-03
5.404646497386937989e-03
5.937536038286696932e-03
6.766631612965807833e-03
7.810270348596194678e-03
8.965786842407230672e-03
1.011975673419082677e-02
1.115921937507596308e-02
1.198273538276105679e-02
1.251019711744619928e-02
1.269047769690881400e-02
1.250624335373457831e-02
1.197553110811075579e-02
1.114998230199306002e-02
1.010990506021226115e-02
8.956604415520584908e-03
7.802658351770523810e-03
6.761018418410226320e-03
5.933955648053683939e-03
5.402932420359347204e-03
5.220435986402867205e-03
5.404646497386808753e-03
5.937536038286465347e-03
6.766631612965576248e-03
7.810270348595998655e-03
8.965786842407202917e-03
1.011975673419097076e-02
1.115921937507592492e-02
1.198273538276083475e-02
1.251019711744558519e-02
1.269047769690873073e-02
1.250624335373448984e-02
1.197553110811094140e-02
1.114998230199334625e-02
1.010990506021258728e-02
8.956604415520767054e-03
7.802658351770818713e-03
6.761018418410534234e-03
5.933955648053925065e-03
5.402932420359493788e-03
5.220435986402862001e-03
5.404646497386752374e-03
5.937536038286316160e-03
6.766631612965414919e-03
7.810270348595737579e-03
8.965786842406769236e-03
