9.324776330169993674e-03
9.654003628967480072e-03
9.915002509084431745e-03
1.008227867804870233e-02
1.013951283182646344e-02
1.008113716779507167e-02
9.912867178019393183e-03
9.651141698840067645e-03
9.321526203988024506e-03
8.956230895995268351e-03
8.590978686142048543e-03
8.261521661385442042e-03
8.000141955957034562e-03
7.832479324616654567e-03
7.775000686886534423e-03
7.833367229978795490e-03
8.001866945747348331e-03
8.263973250312431351e-03
8.593975207552647169e-03
8.959514999431837656e-03
9.324776330169960714e-03
9.654003628967440173e-03
9.915002509084402255e-03
1.008227867804868672e-02
1.013951283182646344e-02
1.008113716779508555e-02
9.912867178019420938e-03
9.651141698840050298e-03
9.321526203987908279e-03
8.956230895995367230e-03
8.590978686141993031e-03
8.261521661385396939e-03
8.000141955956913131e-03
7.832479324616527933e-03
7.775000686886492790e-03
7.833367229978682733e-03
8.001866945747259860e-03
8.263973250312441760e-03
8.593975207552409512e-03
8.959514999431834187e-03
9.324776330169884386e-03
9.654003628967282313e-03
9.915002509084166332e-03
1.008227867804883243e-02
1.013951283182649640e-02
1.008113716779520871e-02
9.912867178019348080e-03
9.651141698840050298e-03
9.321526203988043588e-03
8.956230895995183350e-03
8.590978686142145687e-03
8.261521661385443777e-03
8.000141955957123033e-03
7.832479324616623342e-03
7.775000686886519678e-03
7.833367229978637630e-03
8.001866945747265064e-03
8.263973250312462576e-03
8.593975207552402573e-03
8.959514999431818574e-03
9.324776330169716118e-03
9.654003628967273640e-03
9.915002509084249599e-03
1.008227867804874396e-02
1.013951283182657620e-02
1.008113716779534402e-02
9.912867178019566655e-03
9.651141698840249791e-03
9.321526203988161549e-03
8.956230895995448762e-03
8.590978686142150891e-03
8.261521661385416021e-03
8.000141955957097012e-03
7.832479324616746508e-03
7.775000686886550036e-03
7.833367229978622018e-03
8.001866945747254656e-03
8.263973250312309921e-03
8.593975207552333184e-03
8.959514999431712756e-03
9.324776330169612035e-03
9.654003628967195577e-03
9.915002509084218374e-03
1.008227867804854794e-02
1.013951283182632293e-02
1.008113716779515320e-02
9.912867178019474715e-03
9.651141698840204688e-03
9.321526203988229203e-03
8.956230895995426211e-03
8.590978686141977419e-03
8.261521661385428164e-03
8.000141955957110890e-03
7.832479324616579974e-03
7.775000686886543097e-03
7.833367229978658447e-03
8.001866945747261595e-03
8.263973250312311655e-03
8.593975207552442472e-03
8.959514999431613877e-03
