8.985570362068574790e-03
9.010538021992279753e-03
9.030350252365116140e-03
9.043067699236089288e-03
9.047445505129411703e-03
9.043055159212701546e-03
9.030326436048738761e-03
9.010505320300437465e-03
8.985532038291683260e-03
8.957851136606482384e-03
8.930172197995883687e-03
8.905204615416927386e-03
8.885392383740989275e-03
8.872674867288070019e-03
8.868296959864643836e-03
8.872687220724543439e-03
8.885415917324451449e-03
8.905237084568307093e-03
8.930210485768917336e-03
8.957891538001069853e-03
8.985570610067786235e-03
9.010538266958455569e-03
9.030350494195420186e-03
9.043067937782376178e-03
9.047445740219102472e-03
9.043055390671383628e-03
9.030326663722229932e-03
9.010505544074069034e-03
8.985532258105126749e-03
8.957851352462914071e-03
8.930172409964578020e-03
8.905204823629310484e-03
8.885392588380751008e-03
8.872675068576450080e-03
8.868297158042503375e-03
8.872687416032894528e-03
8.885416109985605840e-03
8.905237274769252365e-03
8.930210673648523306e-03
8.957891723642332632e-03
8.985570793495569614e-03
9.010538448142908427e-03
9.030350673060485306e-03
9.043068114218462406e-03
9.047445914098568853e-03
9.043055561865293371e-03
9.030326832116469457e-03
9.010505709583853731e-03
8.985532420685855143e-03
8.957851512116914161e-03
8.930172566743084864e-03
8.905204977629532781e-03
8.885392739738555770e-03
8.872675217455484181e-03
8.868297304620895161e-03
8.872687560488928468e-03
8.885416252483707700e-03
8.905237415447690014e-03
8.930210812610035742e-03
8.957891860948304780e-03
8.985570929164394746e-03
9.010538582152506984e-03
9.030350805354601940e-03
9.043068244716042162e-03
9.047446042705202876e-03
9.043055688485554522e-03
9.030326956666041502e-03
9.010505831999986517e-03
8.985532540935545556e-03
8.957851630201924681e-03
8.930172682701287973e-03
8.905205091532820624e-03
8.885392851687424348e-03
8.872675327570992906e-03
8.868297413034778934e-03
8.872687667333050560e-03
8.885416357879680899e-03
8.905237519497807494e-03
8.930210915390255841e-03
8.957891962504025210e-03
8.985571029509233087e-03
9.010538681270116937e-03
9.030350903203379631e-03
9.043068341236054630e-03
9.047446137826615359e-03
9.043055782137803672e-03
9.030327048786731051e-03
9.010505922542693530e-03
8.985532629875902372e-03
8.957851717541216729e-03
8.930172768467548386e-03
8.905205175779216942e-03
8.885392934488282532e-03
8.872675409015828157e-03
8.868297493221053221e-03
8.872687746358277894e-03
8.885416435833811896e-03
8.905237596456479568e-03
8.930210991409682705e-03
8.957892037617787642e-03
