9.324710154125477948e-03
9.655566683071558493e-03
9.918122918838374880e-03
1.008667825668769190e-02
1.014473419691971044e-02
1.008660900559330172e-02
9.917993434455013579e-03
9.655393273495840520e-03
9.324513454737403534e-03
8.957741956816317117e-03
8.590979771912138699e-03
8.260127114735756407e-03
7.997569656729052595e-03
7.829008585560209843e-03
7.770944711363240130e-03
7.829062924329759782e-03
7.997675269429007847e-03
8.260277325224631845e-03
8.591163576409604694e-03
8.957943730615619549e-03
9.324713633528628962e-03
9.655570265855759754e-03
9.918126578541689581e-03
1.008668195784987592e-02
1.014473789864531530e-02
1.008661266560439626e-02
9.917997013233063527e-03
9.655396738108864077e-03
9.324516781982945118e-03
8.957745135382210247e-03
8.590982803355530148e-03
8.260130013198268076e-03
7.997572447429787332e-03
7.829011302226898325e-03
7.770947392863397467e-03
7.829065610838537373e-03
7.997677998512099304e-03
8.260280128218569495e-03
8.591166475448688139e-03
8.957946736587892728e-03
9.324716745149673122e-03
9.655573469938219175e-03
9.918129851420764975e-03
1.008668526781338406e-02
1.014474120912017309e-02
1.008661593878083622e-02
9.918000213768927639e-03
9.655399836552143802e-03
9.324519757582760277e-03
8.957747978021263213e-03
8.590985514425740488e-03
8.260132605346049220e-03
7.997574943208525522e-03
7.829013731799554232e-03
7.770949790989730398e-03
7.829068013447930061e-03
7.997680439200394870e-03
8.260282635010834582e-03
8.591169068140318971e-03
8.957949424916511472e-03
9.324719527966748855e-03
9.655576335449953321e-03
9.918132778463087038e-03
1.008668822802504840e-02
1.014474416979254008e-02
1.008661886609919962e-02
9.918003076125307335e-03
9.655402607606259138e-03
9.324522418776048580e-03
8.957750520305072031e-03
8.590987939044602076e-03
8.260134923609958185e-03
7.997577175287585299e-03
7.829015904669604786e-03
7.770951935737755410e-03
7.829070162207031267e-03
7.997682622016786050e-03
8.260284876948641858e-03
8.591171386903460536e-03
8.957951829213880307e-03
9.324722016771206518e-03
9.655578898213806882e-03
9.918135396258308950e-03
1.008669087548681211e-02
1.014474681766789135e-02
1.008662148414589226e-02
9.918005636074658793e-03
9.655405085900714210e-03
9.324524798817564880e-03
8.957752794000897398e-03
8.590990107507644885e-03
8.260136996955115204e-03
7.997579171554013502e-03
7.829017847983128775e-03
7.770953853901033798e-03
7.829072083958400416e-03
7.997684574228176857e-03
8.260286882036255163e-03
8.591173460700979661e-03
8.957953979510080086e-03
