9.663999372009781860e-03
1.029740236082169434e-02
1.079936364007347792e-02
1.112094811931217848e-02
1.123087989656737160e-02
1.111852633837222964e-02
1.079489004846020776e-02
1.029153014183021957e-02
9.657519020045248273e-03
8.954715040204772047e-03
8.251784845366549187e-03
7.617530995291148070e-03
7.114159211193397947e-03
6.791143347939015626e-03
6.680306047444561739e-03
6.792625822718930360e-03
7.117112974323823102e-03
7.621883386803062106e-03
8.257325892794747241e-03
8.961035394987460281e-03
9.663999372009715941e-03
1.029740236082161628e-02
1.079936364007341547e-02
1.112094811931215420e-02
1.123087989656737160e-02
1.111852633837226087e-02
1.079489004846025807e-02
1.029153014183028375e-02
9.657519020045355826e-03
8.954715040204817150e-03
8.251784845366628984e-03
7.617530995291207051e-03
7.114159211193444785e-03
6.791143347939047718e-03
6.680306047444561739e-03
6.792625822718900870e-03
7.117112974323777132e-03
7.621883386803000524e-03
8.257325892794674382e-03
8.961035394987349259e-03
9.663999372009637878e-03
1.029740236082158332e-02
1.079936364007336516e-02
1.112094811931212991e-02
1.123087989656737160e-02
1.111852633837228342e-02
1.079489004846030317e-02
1.029153014183034794e-02
9.657519020045404398e-03
8.954715040204931642e-03
8.251784845366705312e-03
7.617530995291302461e-03
7.114159211193471673e-03
6.791143347939078943e-03
6.680306047444561739e-03
6.792625822718878319e-03
7.117112974323708610e-03
7.621883386802955421e-03
8.257325892794592850e-03
8.961035394987293748e-03
9.663999372009530325e-03
1.029740236082149138e-02
1.079936364007331139e-02
1.112094811931210563e-02
1.123087989656737160e-02
1.111852633837230424e-02
1.079489004846035695e-02
1.029153014183044508e-02
9.657519020045513686e-03
8.954715040204976745e-03
8.251784845366783375e-03
7.617530995291339757e-03
7.114159211193541929e-03
6.791143347939103229e-03
6.680306047444561739e-03
6.792625822718854900e-03
7.117112974323677385e-03
7.621883386802870419e-03
8.257325892794518257e-03
8.961035394987182726e-03
9.663999372009483488e-03
1.029740236082142719e-02
1.079936364007325761e-02
1.112094811931208134e-02
1.123087989656737160e-02
1.111852633837233546e-02
1.079489004846039685e-02
1.029153014183048498e-02
9.657519020045584809e-03
8.954715040205094706e-03
8.251784845366863172e-03
7.617530995291435167e-03
7.114159211193569685e-03
6.791143347939131852e-03
6.680306047444561739e-03
6.792625822718818471e-03
7.117112974323608864e-03
7.621883386802825316e-03
8.257325892794438460e-03
8.961035394987141092e-03
