9.326116677763528207e-03
9.655865330719520800e-03
9.917214047394370263e-03
1.008461181467786016e-02
1.014171424738855541e-02
1.008296757358668506e-02
9.914138605891355607e-03
9.651744036316642697e-03
9.321437283857923403e-03
8.955509418703110763e-03
8.589744189055349352e-03
8.259928936341857930e-03
7.998357714016461617e-03
7.830666524783820581e-03
7.773311831027189533e-03
7.831943759834075064e-03
8.000839327278103097e-03
8.263456402512407706e-03
8.594056576935465638e-03
8.960236703134692726e-03
9.326116677763512594e-03
9.655865330719545087e-03
9.917214047394425774e-03
1.008461181467788792e-02
1.014171424738859878e-02
1.008296757358658792e-02
9.914138605891319178e-03
9.651744036316677391e-03
9.321437283857878300e-03
8.955509418703183622e-03
8.589744189055337209e-03
8.259928936341819766e-03
7.998357714016645498e-03
7.830666524783867419e-03
7.773311831027254586e-03
7.831943759833998736e-03
8.000839327277905338e-03
8.263456402512343521e-03
8.594056576935266145e-03
8.960236703134460273e-03
9.326116677763431062e-03
9.655865330719565903e-03
9.917214047394375467e-03
1.008461181467786190e-02
1.014171424738870113e-02
1.008296757358692099e-02
9.914138605891674796e-03
9.651744036317003519e-03
9.321437283858114223e-03
8.955509418703423014e-03
8.589744189055569662e-03
8.259928936341991504e-03
7.998357714016704478e-03
7.830666524783957624e-03
7.773311831027297086e-03
7.831943759833969246e-03
8.000839327277957380e-03
8.263456402512407706e-03
8.594056576935394515e-03
8.960236703134505376e-03
9.326116677763450144e-03
9.655865330719609271e-03
9.917214047394483020e-03
1.008461181467799894e-02
1.014171424738886940e-02
1.008296757358693313e-02
9.914138605891619285e-03
9.651744036317052092e-03
9.321437283858166264e-03
8.955509418703471586e-03
8.589744189055564458e-03
8.259928936341955075e-03
7.998357714016642028e-03
7.830666524784028748e-03
7.773311831027400302e-03
7.831943759834080268e-03
8.000839327278057994e-03
8.263456402512386889e-03
8.594056576935304309e-03
8.960236703134449865e-03
9.326116677763380755e-03
9.655865330719576312e-03
9.917214047394491694e-03
1.008461181467805445e-02
1.014171424738874970e-02
1.008296757358672149e-02
9.914138605891489181e-03
9.651744036316939335e-03
9.321437283858183612e-03
8.955509418703421279e-03
8.589744189055607826e-03
8.259928936342024464e-03
7.998357714016626416e-03
7.830666524783968033e-03
7.773311831027307495e-03
7.831943759834047308e-03
8.000839327278071872e-03
8.263456402512442400e-03
8.594056576935418801e-03
8.960236703134555683e-03
