9.893059078581789567e-03
1.073020470384789676e-02
1.139333143824394941e-02
1.181777986679967071e-02
1.196230687750209597e-02
1.181300645041040952e-02
1.138457891613589047e-02
1.071885939613794435e-02
9.880761779054350602e-03
8.952020338189731197e-03
8.023305141162648951e-03
7.185438859133184454e-03
6.520539558869083499e-03
6.093943714807858840e-03
5.947714678271476957e-03
6.096408585399806963e-03
6.525556776129403866e-03
7.193048862878585054e-03
8.033293896322931185e-03
8.963737362663494121e-03
9.893059078581834670e-03
1.073020470384801646e-02
1.139333143824405696e-02
1.181777986679983725e-02
1.196230687750232842e-02
1.181300645041053095e-02
1.138457891613606048e-02
1.071885939613815772e-02
9.880761779054364480e-03
8.952020338189885587e-03
8.023305141162848445e-03
7.185438859133369202e-03
6.520539558869280390e-03
6.093943714807912616e-03
5.947714678271493437e-03
6.096408585399725431e-03
6.525556776129291976e-03
7.193048862878317906e-03
8.033293896322584240e-03
8.963737362663233912e-03
9.893059078581572727e-03
1.073020470384773543e-02
1.139333143824398410e-02
1.181777986679974704e-02
1.196230687750235964e-02
1.181300645041066799e-02
1.138457891613619231e-02
1.071885939613840752e-02
9.880761779054768670e-03
8.952020338190360901e-03
8.023305141163094775e-03
7.185438859133468081e-03
6.520539558869419168e-03
6.093943714807992414e-03
5.947714678271551550e-03
6.096408585399628287e-03
6.525556776129190495e-03
7.193048862878168720e-03
8.033293896322388217e-03
8.963737362662956357e-03
9.893059078581246599e-03
1.073020470384752553e-02
1.139333143824364063e-02
1.181777986679956316e-02
1.196230687750224515e-02
1.181300645041058472e-02
1.138457891613613160e-02
1.071885939613844395e-02
9.880761779054957755e-03
8.952020338190393861e-03
8.023305141163309881e-03
7.185438859133720484e-03
6.520539558869601314e-03
6.093943714808093895e-03
5.947714678271561958e-03
6.096408585399689870e-03
6.525556776129099422e-03
7.193048862878088923e-03
8.033293896322287603e-03
8.963737362662963296e-03
9.893059078581315988e-03
1.073020470384758104e-02
1.139333143824375685e-02
1.181777986679946948e-02
1.196230687750219832e-02
1.181300645041057258e-02
1.138457891613622354e-02
1.071885939613852201e-02
9.880761779055008062e-03
8.952020338190491006e-03
8.023305141163443455e-03
7.185438859133812424e-03
6.520539558869614324e-03
6.093943714808075680e-03
5.947714678271540274e-03
6.096408585399585786e-03
6.525556776129093350e-03
7.193048862878018666e-03
8.033293896322088110e-03
8.963737362662711761e-03
