9.893956063831737396e-03
1.073293304415335291e-02
1.139780823277482605e-02
1.182360687369043983e-02
1.196882497065612956e-02
1.181942469063396520e-02
1.139014087038515803e-02
1.072299652811653688e-02
9.883188733836137038e-03
8.952747766910422803e-03
8.022574567162441342e-03
7.183610314310239289e-03
6.517976741389618946e-03
6.090938281416395997e-03
5.944472499294199859e-03
6.093093801350955158e-03
6.522364893990358417e-03
7.190267620590334516e-03
8.031315234088148847e-03
8.963003886236895271e-03
9.893956063831737396e-03
1.073293304415334944e-02
1.139780823277478788e-02
1.182360687369033402e-02
1.196882497065611568e-02
1.181942469063388887e-02
1.139014087038505915e-02
1.072299652811646055e-02
9.883188733836055506e-03
8.952747766910355148e-03
8.022574567162314707e-03
7.183610314310102246e-03
6.517976741389577312e-03
6.090938281416342220e-03
5.944472499294202461e-03
6.093093801350949086e-03
6.522364893990410459e-03
7.190267620590467222e-03
8.031315234088317115e-03
8.963003886237023640e-03
9.893956063831848419e-03
1.073293304415344138e-02
1.139780823277495615e-02
1.182360687369049708e-02
1.196882497065612262e-02
1.181942469063384203e-02
1.139014087038505221e-02
1.072299652811642585e-02
9.883188733835927137e-03
8.952747766910212901e-03
8.022574567162304299e-03
7.183610314310167298e-03
6.517976741389587721e-03
6.090938281416375180e-03
5.944472499294233686e-03
6.093093801350989852e-03
6.522364893990477246e-03
7.190267620590558295e-03
8.031315234088386504e-03
8.963003886237160683e-03
9.893956063831950767e-03
1.073293304415352811e-02
1.139780823277498391e-02
1.182360687369039473e-02
1.196882497065617813e-02
1.181942469063382815e-02
1.139014087038499844e-02
1.072299652811629575e-02
9.883188733835843870e-03
8.952747766910124430e-03
8.022574567162142969e-03
7.183610314310029388e-03
6.517976741389402105e-03
6.090938281416239872e-03
5.944472499294174705e-03
6.093093801351044496e-03
6.522364893990515410e-03
7.190267620590613806e-03
8.031315234088448954e-03
8.963003886237238746e-03
9.893956063832039238e-03
1.073293304415364087e-02
1.139780823277504115e-02
1.182360687369047973e-02
1.196882497065617813e-02
1.181942469063378999e-02
1.139014087038487354e-02
1.072299652811624544e-02
9.883188733835762338e-03
8.952747766909987387e-03
8.022574567162056233e-03
7.183610314309868058e-03
6.517976741389350931e-03
6.090938281416176554e-03
5.944472499294115725e-03
6.093093801351021077e-03
6.522364893990536226e-03
7.190267620590669317e-03
8.031315234088442015e-03
8.963003886237322013e-03
