9.892389574852323425e-03
1.073246703668020129e-02
1.139867146020955187e-02
1.182582343231208810e-02
1.197218626424864305e-02
1.182352246139817438e-02
1.139445319958048812e-02
1.072700078829822400e-02
9.886466834689331545e-03
8.955052781086816557e-03
8.023842426161355984e-03
7.183920179890650008e-03
6.517481418162658462e-03
6.089795063414621054e-03
5.942801920471365087e-03
6.090980241419411551e-03
6.519894288122361943e-03
7.187581038082065457e-03
8.028649374851228732e-03
8.960693739981999764e-03
9.892389577311231502e-03
1.073246703917155390e-02
1.139867146268048158e-02
1.182582343470600303e-02
1.197218626651184482e-02
1.182352246348539020e-02
1.139445320145888660e-02
1.072700078994964952e-02
9.886466836110725798e-03
8.955052782289177685e-03
8.023842427167415803e-03
7.183920180731852116e-03
6.517481418875372204e-03
6.089795064036496869e-03
5.942801921038147819e-03
6.090980241961937644e-03
6.519894288664761402e-03
7.187581038640505036e-03
8.028649375433731528e-03
8.960693740589149511e-03
9.892389577937255041e-03
1.073246703980572890e-02
1.139867146330944374e-02
1.182582343531543567e-02
1.197218626708798639e-02
1.182352246401676028e-02
1.139445320193713425e-02
1.072700079037006496e-02
9.886466836472559624e-03
8.955052782595205457e-03
8.023842427423466192e-03
7.183920180945955157e-03
6.517481419056798259e-03
6.089795064194842428e-03
5.942801921182421301e-03
6.090980242100033776e-03
6.519894288802730031e-03
7.187581038782538123e-03
8.028649375581819667e-03
8.960693740743484390e-03
9.892389578096237243e-03
1.073246703996696104e-02
1.139867146346944943e-02
1.182582343547053036e-02
1.197218626723465032e-02
1.182352246415212423e-02
1.139445320205906449e-02
1.072700079047735414e-02
9.886466836565025590e-03
8.955052782673552508e-03
8.023842427489111598e-03
7.183920181000787164e-03
6.517481419103186499e-03
6.089795064235220719e-03
5.942801921219134122e-03
6.090980242135043098e-03
6.519894288837650882e-03
7.187581038818351489e-03
8.028649375619140507e-03
8.960693740782349134e-03
9.892389578136449868e-03
1.073246704000772184e-02
1.139867146351002114e-02
1.182582343550990164e-02
1.197218626727209606e-02
1.182352246418687074e-02
1.139445320209052197e-02
1.072700079050519471e-02
9.886466836589065388e-03
8.955052782693902549e-03
8.023842427506150052e-03
7.183920181015074347e-03
6.517481419115265379e-03
6.089795064245660285e-03
5.942801921228505965e-03
6.090980242143855493e-03
6.519894288846292407e-03
7.187581038827138731e-03
8.028649375628348420e-03
8.960693740791862358e-03
