9.890314358233349978e-03
1.073093651087747048e-02
1.139796520208585622e-02
1.182611052308774578e-02
1.197347526927649598e-02
1.182565131231592091e-02
1.139712350028361867e-02
1.072984613376504193e-02
9.889133519520030766e-03
8.957267882110365315e-03
8.025449827707203596e-03
7.184877463803355201e-03
6.517824941696434560e-03
6.089591558549893070e-03
5.942108476826236246e-03
6.089829387027598066e-03
6.518309205380590915e-03
7.185612405608212891e-03
8.026415286506076094e-03
8.958401637819456489e-03
9.890325244855219591e-03
1.073094817592129720e-02
1.139797743814359096e-02
1.182612306088766906e-02
1.197348780544034777e-02
1.182566353972506167e-02
1.139713513804770963e-02
1.072985695390251196e-02
9.889143367851590746e-03
8.957276691490125703e-03
8.025457622503295169e-03
7.184884355412184814e-03
6.517831115745708129e-03
6.089597255231418010e-03
5.942113966428807376e-03
6.089834943153882817e-03
6.518315078497001654e-03
7.185618799481743348e-03
8.026422339740720002e-03
8.958409412158564733e-03
9.890333721217479251e-03
1.073095725836563721e-02
1.139798696518140760e-02
1.182613282286299958e-02
1.197349756614184482e-02
1.182567306002906687e-02
1.139714419925199652e-02
1.072986537849985982e-02
9.889151035797398570e-03
8.957283550504431882e-03
8.025463691559171081e-03
7.184889721243228194e-03
6.517835922882344799e-03
6.089601690687840296e-03
5.942118240652848916e-03
6.089839269173519948e-03
6.518319651326305239e-03
7.185623777774362633e-03
8.026427831414276876e-03
8.958415465286561838e-03
9.890340320943198302e-03
1.073096432998906814e-02
1.139799438296686118e-02
1.182614042357168528e-02
1.197350516585871452e-02
1.182568047257155468e-02
1.139715125433780722e-02
1.072987193792122526e-02
9.889157006087211446e-03
8.957288890957275720e-03
8.025468416947558956e-03
7.184893899098352549e-03
6.517839665735983799e-03
6.089605144149982420e-03
5.942121568578874816e-03
6.089842637427785726e-03
6.518323211747467996e-03
7.185627653890729744e-03
8.026432107250860981e-03
8.958420178273536483e-03
9.890345459513142853e-03
1.073096983598019298e-02
1.139800015848100451e-02
1.182614634151046840e-02
1.197351108302522477e-02
1.182568624400343570e-02
1.139715674745267644e-02
1.072987704510995621e-02
9.889161654576093460e-03
8.957293049052773848e-03
8.025472096151694754e-03
7.184897151991120196e-03
6.517842579935088920e-03
6.089607833027828494e-03
5.942124159713867149e-03
6.089845259962495087e-03
6.518325983904013979e-03
7.185630671848635027e-03
8.026435436432373047e-03
8.958423847821873551e-03
