9.436350874621683704e-03
9.866842002657902344e-03
1.020822347957617976e-02
1.042718421185309316e-02
1.050238450290439697e-02
1.042650920968896458e-02
1.020696628890050729e-02
9.865168998515557244e-03
9.434469218543486274e-03
8.956933013763938162e-03
8.479258738828387293e-03
8.048223579085259094e-03
7.706097450580198446e-03
7.486475878306268240e-03
7.410950977372868752e-03
7.486961880987348487e-03
7.707048833886682125e-03
8.049590776125794406e-03
8.480951395857501754e-03
8.958812210100076251e-03
9.436350874621876259e-03
9.866842002657623054e-03
1.020822347957592822e-02
1.042718421185311745e-02
1.050238450290442299e-02
1.042650920968892468e-02
1.020696628890045178e-02
9.865168998515552040e-03
9.434469218543479335e-03
8.956933013763841017e-03
8.479258738828330047e-03
8.048223579085340626e-03
7.706097450580350235e-03
7.486475878306358446e-03
7.410950977372708290e-03
7.486961880987351957e-03
7.707048833886571103e-03
8.049590776125688588e-03
8.480951395857413283e-03
8.958812210100263601e-03
9.436350874621921361e-03
9.866842002657786118e-03
1.020822347957604445e-02
1.042718421185301683e-02
1.050238450290435187e-02
1.042650920968887264e-02
1.020696628890042056e-02
9.865168998515661328e-03
9.434469218543772503e-03
8.956933013763893059e-03
8.479258738828420253e-03
8.048223579085309401e-03
7.706097450580168956e-03
7.486475878306184974e-03
7.410950977372786352e-03
7.486961880987508949e-03
7.707048833886655237e-03
8.049590776125525524e-03
8.480951395857342159e-03
8.958812210100045026e-03
9.436350874621640336e-03
9.866842002657706320e-03
1.020822347957598547e-02
1.042718421185308275e-02
1.050238450290448197e-02
1.042650920968900968e-02
1.020696628890040668e-02
9.865168998515470508e-03
9.434469218543548724e-03
8.956933013763967652e-03
8.479258738828415048e-03
8.048223579085193174e-03
7.706097450580154211e-03
7.486475878306336762e-03
7.410950977372880895e-03
7.486961880987379712e-03
7.707048833886577174e-03
8.049590776125558483e-03
8.480951395857395936e-03
8.958812210100105741e-03
9.436350874621876259e-03
9.866842002657642136e-03
1.020822347957593690e-02
1.042718421185311745e-02
1.050238450290449758e-02
1.042650920968913458e-02
1.020696628890063740e-02
9.865168998515689083e-03
9.434469218543605970e-03
8.956933013763785506e-03
8.479258738828317904e-03
8.048223579085257359e-03
7.706097450580239212e-03
7.486475878306230944e-03
7.410950977372650177e-03
7.486961880987352824e-03
7.707048833886593654e-03
8.049590776125627872e-03
8.480951395857347364e-03
8.958812210099977372e-03
