8.985623020471931316e-03
9.010573577942534995e-03
9.030365204273575752e-03
9.043060586551130917e-03
9.047417079272521145e-03
9.043008317565064472e-03
9.030265922581468679e-03
9.010437228174923013e-03
8.985463175741897554e-03
8.957788332573593179e-03
8.930121626153661105e-03
8.905171205633383505e-03
8.885379372561588024e-03
8.872683518823497317e-03
8.868326470007058607e-03
8.872734803396460646e-03
8.885477061444987251e-03
8.905305962606609518e-03
8.930280486513056046e-03
8.957955885789041159e-03
8.985623020538227243e-03
9.010573578004612075e-03
9.030365204331610926e-03
9.043060586605412149e-03
9.047417079323230582e-03
9.043008317612406810e-03
9.030265922625645147e-03
9.010437228216061981e-03
8.985463175780215861e-03
8.957788332609269502e-03
8.930121626186849834e-03
8.905171205664334441e-03
8.885379372590431271e-03
8.872683518850378592e-03
8.868326470032101075e-03
8.872734803419849922e-03
8.885477061466830889e-03
8.905305962627112215e-03
8.930280486532238618e-03
8.957955885807031976e-03
8.985623020555126919e-03
9.010573578020431018e-03
9.030365204346430669e-03
9.043060586619262181e-03
9.047417079336253151e-03
9.043008317624636611e-03
9.030265922637049220e-03
9.010437228226692366e-03
8.985463175790074294e-03
8.957788332618456598e-03
8.930121626195434981e-03
8.905171205672338455e-03
8.885379372597911399e-03
8.872683518857343507e-03
8.868326470038592410e-03
8.872734803425879821e-03
8.885477061472499966e-03
8.905305962632437816e-03
8.930280486537208601e-03
8.957955885811635932e-03
8.985623020559382196e-03
9.010573578024445168e-03
9.030365204350177671e-03
9.043060586622785404e-03
9.047417079339512697e-03
9.043008317627651560e-03
9.030265922639859472e-03
9.010437228229339554e-03
8.985463175792589643e-03
8.957788332620786331e-03
8.930121626197582568e-03
8.905171205674286550e-03
8.885379372599710307e-03
8.872683518859055679e-03
8.868326470040214377e-03
8.872734803427453215e-03
8.885477061473981419e-03
8.905305962633735389e-03
8.930280486538429846e-03
8.957955885812836361e-03
8.985623020560506297e-03
9.010573578025444369e-03
9.030365204351107483e-03
9.043060586623604194e-03
9.047417079340225668e-03
9.043008317628322898e-03
9.030265922640478768e-03
9.010437228229922421e-03
8.985463175793104856e-03
8.957788332621287666e-03
8.930121626198054413e-03
8.905171205674682067e-03
8.885379372600074599e-03
8.872683518859355786e-03
8.868326470040504075e-03
8.872734803427675260e-03
8.885477061474125401e-03
8.905305962633853351e-03
8.930280486538532195e-03
8.957955885812902280e-03
