9.437929508865195924e-03
9.870719938411338240e-03
1.021414448838132288e-02
1.043458731390470122e-02
1.051047329959537216e-02
1.043437870508846788e-02
1.021375613801659039e-02
9.870203544136434831e-03
9.437349342839291069e-03
8.957560995954615482e-03
8.477799063451755407e-03
8.045022091902883504e-03
7.701591482135015758e-03
7.481125567665004340e-03
7.405208465218551979e-03
7.481275992485010747e-03
7.701886082300894200e-03
8.045445765503849572e-03
8.478324132530539251e-03
8.958144712911940769e-03
9.437934857145153719e-03
9.870725462389994681e-03
1.021415013347018279e-02
1.043459300911240596e-02
1.051047896488318395e-02
1.043438425941826952e-02
1.021376150729479473e-02
9.870208668287484485e-03
9.437354181345624510e-03
8.957565531365443631e-03
8.477803302571508548e-03
8.045026064601869253e-03
7.701595237956019788e-03
7.481129170608558088e-03
7.405211987256245590e-03
7.481279506459768622e-03
7.701889654916627831e-03
8.045449451081368095e-03
8.478327968115408064e-03
8.958148715175588001e-03
9.437939021334792664e-03
9.870729763379260807e-03
1.021415452875631090e-02
1.043459744342123928e-02
1.051048337589628907e-02
1.043438858403908029e-02
1.021376568783379131e-02
9.870212657969596945e-03
9.437357948623725096e-03
8.957569062652331535e-03
8.477806603165131613e-03
8.045029157759306035e-03
7.701598162251475747e-03
7.481131975873102184e-03
7.405214729527220992e-03
7.481282242452893388e-03
7.701892436567870509e-03
8.045452320685068590e-03
8.478330954515396478e-03
8.958151831352243258e-03
9.437942263587600911e-03
9.870733112144779164e-03
1.021415795094166371e-02
1.043460089598981580e-02
1.051048681032672356e-02
1.043439195120416177e-02
1.021376894281625543e-02
9.870215764350232304e-03
9.437360881839810048e-03
8.957571812124828434e-03
8.477809173019022065e-03
8.045031566102688395e-03
7.701600439118307974e-03
7.481134160062060355e-03
7.405216864669147969e-03
7.481284372706900436e-03
7.701894602371404421e-03
8.045454554968696492e-03
8.478333279737017628e-03
8.958154257618413871e-03
9.437944788017141318e-03
9.870735719505488448e-03
1.021416061546732632e-02
1.043460358417196490e-02
1.051048948438645762e-02
1.043439457289085416e-02
1.021377147715717658e-02
9.870218182989227984e-03
9.437363165652338029e-03
8.957573952873868275e-03
8.477811173916383058e-03
8.045033441247375489e-03
7.701602211894921848e-03
7.481135860679335829e-03
7.405218527098246864e-03
7.481286031330226793e-03
7.701896288673761720e-03
8.045456294589874505e-03
8.478335090162875468e-03
8.958156146717931312e-03
