1.034164663733328458e-02
1.158260893887126143e-02
1.256542974325065148e-02
1.319469902771874814e-02
1.340960447736044316e-02
1.318958548706950992e-02
1.255616529313986762e-02
1.157084978703491057e-02
1.032929619778167815e-02
8.952250796209343386e-03
7.574028715516245222e-03
6.329549883685524347e-03
5.341129597770851063e-03
4.706316683831438842e-03
4.488040934295273524e-03
4.708150302273234576e-03
5.345087035731618287e-03
6.336002040010895071e-03
7.583099259783937680e-03
8.963514945257119657e-03
1.034164663733303305e-02
1.158260893887090581e-02
1.256542974325027505e-02
1.319469902771850875e-02
1.340960447736038591e-02
1.318958548706936941e-02
1.255616529313977742e-02
1.157084978703502680e-02
1.032929619778194009e-02
8.952250796209601860e-03
7.574028715516416960e-03
6.329549883685796699e-03
5.341129597771085251e-03
4.706316683831616651e-03
4.488040934295237094e-03
4.708150302273155646e-03
5.345087035731570582e-03
6.336002040010673894e-03
7.583099259783474509e-03
8.963514945256819549e-03
1.034164663733273468e-02
1.158260893887068030e-02
1.256542974325020393e-02
1.319469902771839079e-02
1.340960447736025581e-02
1.318958548706958105e-02
1.255616529314010528e-02
1.157084978703532691e-02
1.032929619778235469e-02
8.952250796209914110e-03
7.574028715516776047e-03
6.329549883686062112e-03
5.341129597771278673e-03
4.706316683831705990e-03
4.488040934295237094e-03
4.708150302273043757e-03
5.345087035731364150e-03
6.336002040010437104e-03
7.583099259783357415e-03
8.963514945256659955e-03
1.034164663733250569e-02
1.158260893887043744e-02
1.256542974325006688e-02
1.319469902771825374e-02
1.340960447736018468e-02
1.318958548706964870e-02
1.255616529314016946e-02
1.157084978703560273e-02
1.032929619778250215e-02
8.952250796210184727e-03
7.574028715517026715e-03
6.329549883686208696e-03
5.341129597771383623e-03
4.706316683831882064e-03
4.488040934295348117e-03
4.708150302272979572e-03
5.345087035731134299e-03
6.336002040010185569e-03
7.583099259782975776e-03
8.963514945256288724e-03
1.034164663733215875e-02
1.158260893887038713e-02
1.256542974324973208e-02
1.319469902771819997e-02
1.340960447736015866e-02
1.318958548706965044e-02
1.255616529314054243e-02
1.157084978703597396e-02
1.032929619778283348e-02
8.952250796210476161e-03
7.574028715517388405e-03
6.329549883686580794e-03
5.341129597771649903e-03
4.706316683831882064e-03
4.488040934295237094e-03
4.708150302272886764e-03
5.345087035731030216e-03
6.336002040009973933e-03
7.583099259782752864e-03
8.963514945256021577e-03
