1.012000511326180928e-02
1.116011222617944477e-02
1.198382954241809968e-02
1.251091513811484340e-02
1.269024483992229647e-02
1.250463698451157769e-02
1.197239243776472908e-02
1.114545298007638824e-02
1.010437723329855701e-02
8.950602876842760069e-03
7.796696383358840861e-03
6.755476583002132523e-03
5.929022440692986382e-03
5.398621253778894749e-03
5.216663637741665756e-03
5.401335030250325846e-03
5.934692263701846909e-03
6.764368549566096393e-03
7.808759889596994345e-03
8.965162159435366429e-03
1.012000511326165662e-02
1.116011222617930773e-02
1.198382954241794356e-02
1.251091513811486249e-02
1.269024483992246301e-02
1.250463698451187780e-02
1.197239243776503613e-02
1.114545298007670049e-02
1.010437723329878947e-02
8.950602876842992522e-03
7.796696383359143570e-03
6.755476583002321608e-03
5.929022440693172864e-03
5.398621253778960669e-03
5.216663637741627592e-03
5.401335030250142832e-03
5.934692263701617926e-03
6.764368549565821440e-03
7.808759889596615308e-03
8.965162159434989994e-03
1.012000511326145540e-02
1.116011222617900589e-02
1.198382954241765559e-02
1.251091513811456758e-02
1.269024483992245086e-02
1.250463698451194546e-02
1.197239243776512287e-02
1.114545298007692774e-02
1.010437723329895079e-02
8.950602876843138239e-03
7.796696383359157448e-03
6.755476583002423090e-03
5.929022440693237049e-03
5.398621253779024853e-03
5.216663637741599836e-03
5.401335030250139363e-03
5.934692263701500832e-03
6.764368549565669651e-03
7.808759889596368110e-03
8.965162159434806113e-03
1.012000511326116743e-02
1.116011222617883936e-02
1.198382954241757926e-02
1.251091513811455891e-02
1.269024483992228780e-02
1.250463698451183964e-02
1.197239243776510899e-02
1.114545298007697804e-02
1.010437723329922315e-02
8.950602876843462632e-03
7.796696383359421993e-03
6.755476583002770034e-03
5.929022440693454757e-03
5.398621253779167101e-03
5.216663637741605908e-03
5.401335030250062168e-03
5.934692263701415831e-03
6.764368549565558629e-03
7.808759889596321273e-03
8.965162159434625702e-03
1.012000511326109110e-02
1.116011222617891395e-02
1.198382954241769376e-02
1.251091513811467514e-02
1.269024483992241097e-02
1.250463698451198188e-02
1.197239243776533450e-02
1.114545298007730244e-02
1.010437723329949029e-02
8.950602876843677738e-03
7.796696383359794091e-03
6.755476583003008559e-03
5.929022440693605678e-03
5.398621253779217408e-03
5.216663637741622388e-03
5.401335030249966758e-03
5.934692263701251032e-03
6.764368549565294951e-03
7.808759889596046319e-03
8.965162159434398453e-03
