1.034645262415955815e-02
1.159538219364329020e-02
1.258639321303215222e-02
1.322248635255577308e-02
1.344142202497481710e-02
1.322180304463769010e-02
1.258515624442245809e-02
1.159381421236073233e-02
1.034480872659013576e-02
8.960375558835206866e-03
7.575998976639399148e-03
6.327162493242774639e-03
5.336097870103704947e-03
4.699825242641033490e-03
4.480653165283224847e-03
4.700069621241405836e-03
5.336625726332205541e-03
6.328024211340382496e-03
7.577212480538550628e-03
8.961885736950154710e-03
1.034646881800382369e-02
1.159540013527524463e-02
1.258641246593799994e-02
1.322250634776452917e-02
1.344144211939941012e-02
1.322182258525783638e-02
1.258517463195240813e-02
1.159383095824712689e-02
1.034482349797732903e-02
8.960388207425503543e-03
7.576009549027072805e-03
6.327171222145465575e-03
5.336105147771386982e-03
4.699831579414833621e-03
4.480659137645836253e-03
4.700075814621293771e-03
5.336632678319009476e-03
6.328032360807159251e-03
7.577222127474561066e-03
8.961897016665252430e-03
1.034648169188539905e-02
1.159541439862373305e-02
1.258642777173108081e-02
1.322252224367810418e-02
1.344145809418823695e-02
1.322183811977980551e-02
1.258518924978362270e-02
1.159384427099453656e-02
1.034483524102521729e-02
8.960398262879386289e-03
7.576017953928663486e-03
6.327178161502006355e-03
5.336110933416206986e-03
4.699836617062105176e-03
4.480663885591278442e-03
4.700080738272409929e-03
5.336638205052137048e-03
6.328038839520239156e-03
7.577229796655000210e-03
8.961905983882375790e-03
1.034649192644271354e-02
1.159542573778806623e-02
1.258643993962435190e-02
1.322253488070900679e-02
1.344147079392389588e-02
1.322185046950939864e-02
1.258520087075677002e-02
1.159385485444409947e-02
1.034484457658548136e-02
8.960406256825705421e-03
7.576024635708807423e-03
6.327183678194262147e-03
5.336115532923597395e-03
4.699840621921842418e-03
4.480667660142071893e-03
4.700084652506798799e-03
5.336642598728369782e-03
6.328043990007335869e-03
7.577235893547124186e-03
8.961913112695592612e-03
1.034650006277389699e-02
1.159543475226647302e-02
1.258644961293075952e-02
1.322254492697330988e-02
1.344148089003755625e-02
1.322186028737309428e-02
1.258521010926924762e-02
1.159386326813967999e-02
1.034485199822645501e-02
8.960412611902106306e-03
7.576029947631309110e-03
6.327188063888026896e-03
5.336119189468163659e-03
4.699843805729763714e-03
4.480670660857606451e-03
4.700087764268831743e-03
5.336646091640038884e-03
6.328048084573104776e-03
7.577240740491840432e-03
8.961918780003255702e-03
