9.437755375914147829e-03
9.870575387383643748e-03
1.021404633405238564e-02
1.043454725013813998e-02
1.051049537675869186e-02
1.043445830154708653e-02
1.021388076785413601e-02
9.870355286319264232e-03
9.437508193017751790e-03
8.957708202585809229e-03
8.477919595334199032e-03
8.045105754130622844e-03
7.701632706901038496e-03
7.481122361392982152e-03
7.405161225384023459e-03
7.481186836459990594e-03
7.701758995532765120e-03
8.045287418904848234e-03
8.478144827974829281e-03
8.957958753833261678e-03
9.437759781332894643e-03
9.870579970469601366e-03
1.021405105153666559e-02
1.043455204397677333e-02
1.051050017995363954e-02
1.043446304477774374e-02
1.021388538626452798e-02
9.870359725798532810e-03
9.437512415367554919e-03
8.957712189083618173e-03
8.477923348362037190e-03
8.045109296731640935e-03
7.701636080328676422e-03
7.481125620912327558e-03
7.405164434752791597e-03
7.481190061640075398e-03
7.701762298253183453e-03
8.045290850704309160e-03
8.478148425299513943e-03
8.957962534656235820e-03
9.437763743608504688e-03
9.870584092554337413e-03
1.021405529451438997e-02
1.043455635564199957e-02
1.051050450004697989e-02
1.043446731095023193e-02
1.021388954018236095e-02
9.870363718791842073e-03
9.437516213078466290e-03
8.957715774671040632e-03
8.477926723967176351e-03
8.045112483079083776e-03
7.701639114522236020e-03
7.481128552658842384e-03
7.405167321398017401e-03
7.481192962512766761e-03
7.701765268875147147e-03
8.045293937432088788e-03
8.478151660914885063e-03
8.957965935325464674e-03
9.437767307492080093e-03
9.870587800185195992e-03
1.021405911088947745e-02
1.043456023380478701e-02
1.051050838579658392e-02
1.043447114820606099e-02
1.021389327647497132e-02
9.870367310344029671e-03
9.437519628985924225e-03
8.957718999785242373e-03
8.477929760213323215e-03
8.045115349097747490e-03
7.701641843686608813e-03
7.481131189678320165e-03
7.405169917853175049e-03
7.481195571767984900e-03
7.701767940870803131e-03
8.045296713864683036e-03
8.478154571271002624e-03
8.957968994146407737e-03
9.437770513123411656e-03
9.870591135116971171e-03
1.021406254363726139e-02
1.043456372213228539e-02
1.051051188095114726e-02
1.043447459974416840e-02
1.021389663720120855e-02
9.870370540881374249e-03
9.437522701536199196e-03
8.957721900722246874e-03
8.477932491268496892e-03
8.045117927037655908e-03
7.701644298529775230e-03
7.481133561639980237e-03
7.405172253329209836e-03
7.481197918758861719e-03
7.701770344297191595e-03
8.045299211232153844e-03
8.478157189102416072e-03
8.957971745521643020e-03
