9.893504697710399018e-03
1.073451124179908810e-02
1.140192245231348538e-02
1.183040797399277123e-02
1.197802670109702344e-02
1.183033148727265227e-02
1.140178226438290192e-02
1.073432965272906429e-02
9.893308072170165640e-03
8.961040544689597223e-03
8.028781122155357469e-03
7.187783373232010074e-03
6.520368799772930518e-03
6.091869104856326503e-03
5.944230879709310605e-03
6.091908800037330700e-03
6.520449631700337215e-03
7.187906061609731188e-03
8.028942321806778123e-03
8.961229899441517169e-03
9.893507203368944250e-03
1.073451395372211452e-02
1.140192532573590031e-02
1.183041094805688427e-02
1.197802970487582379e-02
1.183033444674620044e-02
1.140178510968212558e-02
1.073433232493861862e-02
9.893310529028849151e-03
8.961042764637622976e-03
8.028783106341048220e-03
7.187785145292650661e-03
6.520370403421471735e-03
6.091870599520206146e-03
5.944232334655865334e-03
6.091910287566802695e-03
6.520451220074870678e-03
7.187907808410214962e-03
8.028944268363555001e-03
8.961232066878356550e-03
9.893509590638260506e-03
1.073451653781442097e-02
1.140192806403244122e-02
1.183041378258568692e-02
1.197803256804671861e-02
1.183033726799767073e-02
1.140178782238689646e-02
1.073433487289277358e-02
9.893312871892807545e-03
8.961044881802934098e-03
8.028784998853070315e-03
7.187786835650205111e-03
6.520371933283191680e-03
6.091872025550718571e-03
5.944233722925925008e-03
6.091911707060503230e-03
6.520452735942073273e-03
7.187909475623785287e-03
8.028946126399465893e-03
8.961234135932902301e-03
9.893511869745501980e-03
1.073451900503872430e-02
1.140193067870773520e-02
1.183041648937381736e-02
1.197803530240982781e-02
1.183033996254416811e-02
1.140179041346697612e-02
1.073433730679868199e-02
9.893315110060288756e-03
8.961046904510480693e-03
8.028786807064650782e-03
7.187788450830319767e-03
6.520373395210699551e-03
6.091873388354302962e-03
5.944235049735831743e-03
6.091913063804929238e-03
6.520454184897678078e-03
7.187911069351219165e-03
8.028947902654445801e-03
8.961236114045990561e-03
9.893514048816996406e-03
1.073452136411749518e-02
1.140193317892778009e-02
1.183041907783086676e-02
1.197803791739186774e-02
1.183034253959872224e-02
1.140179289170929582e-02
1.073433963484350315e-02
9.893317250999627763e-03
8.961048839455802717e-03
8.028788536914124516e-03
7.187789996095816057e-03
6.520374793930462827e-03
6.091874692302962080e-03
5.944236319309545262e-03
6.091914362086569418e-03
6.520455571485059450e-03
7.187912594552494337e-03
8.028949602615912534e-03
8.961238007283881674e-03
