4.852113873643904007e-02
5.350965552082096593e-02
5.745298116306268160e-02
5.996586005157489296e-02
6.080479361398079263e-02
5.989092819094406911e-02
5.731652797753856998e-02
5.333487519806884986e-02
4.833499220386155287e-02
4.280384294623745117e-02
3.727960589782310097e-02
3.230023510317665825e-02
2.835187288984114887e-02
2.582175594323258758e-02
2.496003506830344124e-02
2.585434820591359789e-02
2.841999275791170371e-02
3.240713638350662534e-02
3.742477517589527097e-02
4.297928608334439238e-02
4.852369385317947814e-02
5.351246603077393360e-02
5.745599096394434641e-02
5.996899334156863270e-02
6.080796248786764918e-02
5.989404132861884944e-02
5.731949955555121212e-02
5.333763316256023845e-02
4.833748513116998408e-02
4.280604486862921859e-02
3.728151866778144780e-02
3.230188809345658357e-02
2.835332006322240778e-02
2.582307056160597011e-02
2.496130253035754379e-02
2.585565768842056772e-02
2.842142846745803961e-02
3.240876928380510141e-02
3.742665602590995039e-02
4.298144049863749511e-02
4.852611989597976905e-02
5.351513456613198744e-02
5.745884872369039914e-02
5.997196835307427865e-02
6.081097128644798178e-02
5.989699720714586340e-02
5.732232102583973560e-02
5.334025181041075758e-02
4.833985213043438117e-02
4.280813556319110202e-02
3.728333481643424790e-02
3.230345758512813414e-02
2.835469413475402364e-02
2.582431877411570098e-02
2.496250596872238298e-02
2.585690102478959904e-02
2.842279165488268561e-02
3.241031970142566054e-02
3.742844186873579837e-02
4.298348608834902385e-02
4.852842339272274430e-02
5.351766830667074870e-02
5.746156213059117057e-02
5.997479308924279218e-02
6.081382810320828947e-02
5.989980377714848592e-02
5.732499997704139372e-02
5.334273818434671910e-02
4.834209956724604823e-02
4.281012065216643209e-02
3.728505922749615620e-02
3.230494779844710757e-02
2.835599879906981757e-02
2.582550393685466988e-02
2.496364861898943410e-02
2.585808155777039735e-02
2.842408598504400988e-02
3.241179180446102093e-02
3.743013750523976890e-02
4.298542835147815128e-02
4.853061053556523979e-02
5.352007406332087713e-02
5.746413847837961164e-02
5.997747514290732718e-02
6.081654061706609493e-02
5.990246858234710148e-02
5.732754360973112834e-02
5.334509896722072764e-02
4.834423348215471233e-02
4.281200547090488473e-02
3.728669653562846631e-02
3.230636273857909885e-02
2.835723756260513997e-02
2.582662923504941768e-02
2.496473355209868211e-02
2.585920246008482568e-02
2.842531493646602292e-02
3.241318954916928841e-02
3.743174749238890875e-02
4.298727250775272873e-02
