4.740715872581760526e-02
5.142986519485189673e-02
5.461726283526583542e-02
5.665753485876378476e-02
5.735164948942763491e-02
5.663258145149473871e-02
5.457152210951141807e-02
5.137060436771564292e-02
4.734297131995682251e-02
4.288219492053207266e-02
3.842401092488368503e-02
3.440401643087458161e-02
3.121533730286919078e-02
2.917029226276832837e-02
2.846975035372146037e-02
2.918320797133646879e-02
3.124163493491270704e-02
3.444392397769117931e-02
3.847643003172669662e-02
4.294374282413822991e-02
4.740765352541904953e-02
5.143040119343348510e-02
5.461783122325163109e-02
5.665812362538882180e-02
5.735224461119849820e-02
5.663316827108433316e-02
5.457208676893671867e-02
5.137113515614243064e-02
4.734345980642580554e-02
4.288263676383415740e-02
3.842440628434751204e-02
3.440436993997147280e-02
3.121565760894753558e-02
2.917059117738366597e-02
2.847004169536948570e-02
2.918350621250670462e-02
3.124195378523445671e-02
3.444427504222363767e-02
3.847682167694929656e-02
4.294417936413398584e-02
4.740813480887465237e-02
5.143092263168327904e-02
5.461838425501225336e-02
5.665869656997148118e-02
5.735282382360257919e-02
5.663373948338504965e-02
5.457263648550877977e-02
5.137165196670670508e-02
4.734393549046542887e-02
4.288306708119427046e-02
3.842479137746893092e-02
3.440471431033700206e-02
3.121596967065888573e-02
2.917088243092079425e-02
2.847032560103609361e-02
2.918379687249058121e-02
3.124226456265333587e-02
3.444461725272186803e-02
3.847720348216720349e-02
4.294460497688606243e-02
4.740860408886279215e-02
5.143143111120646732e-02
5.461892359066083252e-02
5.665925537350985364e-02
5.735338878773763027e-02
5.663429668979112069e-02
5.457317276593449257e-02
5.137215618444303938e-02
4.734439961871717700e-02
4.288348697558087841e-02
3.842516716974505447e-02
3.440505038663271842e-02
3.121627423691203732e-02
2.917116670736976183e-02
2.847060272324898611e-02
2.918408060518591987e-02
3.124256795159240097e-02
3.444495134703407652e-02
3.847757625342595328e-02
4.294502054226983362e-02
4.740906231548991379e-02
5.143192764030800335e-02
5.461945027781729689e-02
5.665980109936379072e-02
5.735394055695496734e-02
5.663484090832884843e-02
5.457369657047314582e-02
5.137264869433703224e-02
4.734485298981745693e-02
4.288389715545801867e-02
3.842553428300096025e-02
3.440537871433656941e-02
3.121657179267912918e-02
2.917144445089717500e-02
2.847087348694013823e-02
2.918435783763471611e-02
3.124286440032347789e-02
3.444527780984148191e-02
3.847794052177982982e-02
4.294542664172847080e-02
