4.632157068026900720e-02
4.936856551502798174e-02
5.178317193519757500e-02
5.332913955810064666e-02
5.385553123290136995e-02
5.331134805628976597e-02
5.175032024167078998e-02
4.932547176643764519e-02
4.627405795002532962e-02
4.289438213949478551e-02
3.951674521906176074e-02
3.647131457922554720e-02
3.405598104753108923e-02
3.250728299080635902e-02
3.197721170409562053e-02
3.251818391459461444e-02
3.407770940616885319e-02
3.650335267171021109e-02
3.955757038476844650e-02
4.294100445485360407e-02
4.632193505947100609e-02
4.936895329291614287e-02
5.178357808608021612e-02
5.332955722830801798e-02
5.385595241833322777e-02
5.331176438919508348e-02
5.175072380909975789e-02
4.932585588054595044e-02
4.627441779586050075e-02
4.289471523831642902e-02
3.951705166330646279e-02
3.647159701719646097e-02
3.405624441979556577e-02
3.250753404400079372e-02
3.197745832926599668e-02
3.251843437433193235e-02
3.407797152594325280e-02
3.650363307470227275e-02
3.955787384555976838e-02
4.294133343578085404e-02
4.632228947530388913e-02
4.936933052665466032e-02
5.178397325347147001e-02
5.332996366386860698e-02
5.385636233385410893e-02
5.331216963909895384e-02
5.175111668719876989e-02
4.932622987046149376e-02
4.627476820260435775e-02
4.289503964057486685e-02
3.951735014350923197e-02
3.647187214784209514e-02
3.405650100778520595e-02
3.250777865786463883e-02
3.197769865507872622e-02
3.251867846286288222e-02
3.407822700449383152e-02
3.650390640094087341e-02
3.955816967687875857e-02
4.294165417647250599e-02
4.632263504620011407e-02
4.936969837959248597e-02
5.178435862837799109e-02
5.333036006205323781e-02
5.385676215978377201e-02
5.331256494670816998e-02
5.175149995715203760e-02
4.932659474251552267e-02
4.627511009228697098e-02
4.289535618110867227e-02
3.951764141101038463e-02
3.647214064867954769e-02
3.405675142970846642e-02
3.250801740910191223e-02
3.197793323603286691e-02
3.251891673141263372e-02
3.407847640658605293e-02
3.650417324195512347e-02
3.955845850558137311e-02
4.294196734243694441e-02
4.632297247435834819e-02
4.937005758382546905e-02
5.178473496207388477e-02
5.333074717990411023e-02
5.385715264427209242e-02
5.331295103686096298e-02
5.175187430771020086e-02
4.932695113941876902e-02
4.627544405531018590e-02
4.289566539589852179e-02
3.951792594947369647e-02
3.647240295703119140e-02
3.405699608570074421e-02
3.250825067202279400e-02
3.197816243304053146e-02
3.251914953978683742e-02
3.407872010193054024e-02
3.650443398611100121e-02
3.955874074444939992e-02
4.294227337322700094e-02
