4.958274935480146833e-02
5.555479224853460130e-02
6.028376543117679870e-02
6.330727176218586827e-02
6.433116645384841237e-02
6.325765544625996939e-02
6.019393988145058105e-02
5.544091508624698905e-02
4.946333778077749432e-02
4.284452554247341477e-02
3.622994892115934812e-02
3.026497459543352891e-02
2.553250110548845042e-02
2.249628350936983337e-02
2.145534798388201714e-02
2.251402982450561793e-02
2.557083073490271433e-02
3.032754120582057886e-02
3.631804646964542638e-02
4.295414431914464093e-02
4.958381695806780842e-02
5.555598669649911697e-02
6.028505966818918649e-02
6.330862893811553538e-02
6.433254358261017436e-02
6.325900763831948659e-02
6.019522473008101504e-02
5.544209678116760603e-02
4.946439055725377482e-02
4.284543614307341486e-02
3.623071784308727616e-02
3.026561601000716736e-02
2.553304145879686446e-02
2.249675893543745184e-02
2.145580077422643700e-02
2.251450429107091158e-02
2.557136886733533954e-02
3.032817855059842527e-02
3.631880864229102696e-02
4.295504450085915055e-02
4.958485462933073795e-02
5.555714773294040398e-02
6.028631778300454214e-02
6.330994831719410909e-02
6.433388243941198792e-02
6.326032232802114574e-02
6.019647401448907642e-02
5.544324582973089027e-02
4.946541430286488517e-02
4.284632167841690570e-02
3.623146563634695866e-02
3.026623982919091765e-02
2.553356701313007349e-02
2.249722136121128438e-02
2.145624120210064961e-02
2.251496582246522576e-02
2.557189234990078774e-02
3.032879856868765309e-02
3.631955012263227839e-02
4.295592027541767638e-02
4.958586420133983402e-02
5.555827736827618352e-02
6.028754191188391565e-02
6.331123209677098906e-02
6.433518521184149186e-02
6.326160162335570103e-02
6.019768970092480298e-02
5.544436400764245904e-02
4.946641057145190895e-02
4.284718346899001051e-02
3.623219339679315670e-02
3.026684695166906650e-02
2.553407851299969999e-02
2.249767143105166345e-02
2.145666987133867595e-02
2.251541504144624617e-02
2.557240187795669847e-02
3.032940207106925301e-02
3.632027186590572332e-02
4.295677275433392589e-02
4.958684693671643745e-02
5.555937699499293586e-02
6.028873354248134170e-02
6.331248181533158381e-02
6.433645343985852638e-02
6.326284701630006946e-02
6.019887318858387765e-02
5.544545258533585541e-02
4.946738048070520311e-02
4.284802246971995687e-02
3.623290192114066166e-02
3.026743803427188115e-02
2.553457650542657886e-02
2.249810962087541930e-02
2.145708723024875725e-02
2.251585241276516172e-02
2.557289797310705395e-02
3.032998966918865752e-02
3.632097459598677275e-02
4.295760278416484168e-02
