5.340310020035837768e-02
5.773500219279628642e-02
6.026695681655308556e-02
6.093314291190857213e-02
5.988613956307755476e-02
5.739972623195779833e-02
5.378703723864668163e-02
4.935446841735525308e-02
4.439328666893693764e-02
3.919916679574693419e-02
3.410433620861279269e-02
2.950447334174928493e-02
2.586131607767844232e-02
2.366401868747626883e-02
2.334224219130259445e-02
2.514453875465847213e-02
2.902137230081658706e-02
3.456736342388466721e-02
4.106484461384694168e-02
4.762873112228852013e-02
5.340310020037553063e-02
5.773500219281737372e-02
6.026695681656479842e-02
6.093314291191298526e-02
5.988613956308549979e-02
5.739972623196366863e-02
5.378703723866009451e-02
4.935446841736845086e-02
4.439328666894067077e-02
3.919916679574587948e-02
3.410433620861890586e-02
2.950447334175235539e-02
2.586131607768197768e-02
2.366401868748180259e-02
2.334224219130830169e-02
2.514453875466489408e-02
2.902137230082361963e-02
3.456736342389291061e-02
4.106484461385623980e-02
4.762873112228929035e-02
5.340310020036084099e-02
5.773500219279367046e-02
6.026695681654315601e-02
6.093314291191435222e-02
5.988613956309189051e-02
5.739972623197156509e-02
5.378703723865829733e-02
4.935446841737075457e-02
4.439328666894164221e-02
3.919916679575376900e-02
3.410433620861881565e-02
2.950447334175531483e-02
2.586131607768453120e-02
2.366401868748055706e-02
2.334224219129779967e-02
2.514453875465390634e-02
2.902137230080946775e-02
3.456736342386965144e-02
4.106484461382929607e-02
4.762873112227379579e-02
5.340310020034259170e-02
5.773500219278921569e-02
6.026695681655223902e-02
6.093314291190228549e-02
5.988613956307849151e-02
5.739972623194998513e-02
5.378703723863974273e-02
4.935446841735403878e-02
4.439328666892623093e-02
3.919916679573556828e-02
3.410433620860379988e-02
2.950447334174318217e-02
2.586131607767204119e-02
2.366401868746803930e-02
2.334224219130023523e-02
2.514453875465529759e-02
2.902137230081319047e-02
3.456736342388086469e-02
4.106484461384187629e-02
4.762873112228884626e-02
5.340310020036545535e-02
5.773500219280640333e-02
6.026695681654178904e-02
6.093314291189224491e-02
5.988613956306905461e-02
5.739972623195110923e-02
5.378703723863707126e-02
4.935446841734404677e-02
4.439328666891705771e-02
3.919916679572463258e-02
3.410433620859813775e-02
2.950447334173964334e-02
2.586131607768209911e-02
2.366401868748015808e-02
2.334224219131186481e-02
2.514453875467079907e-02
2.902137230082737357e-02
3.456736342389939154e-02
4.106484461387071433e-02
4.762873112232123701e-02
