4.631602152193388389e-02
4.936700942718724033e-02
5.178764505432987414e-02
5.334099675762012105e-02
5.387508171376158284e-02
5.333771633755960556e-02
5.178158760557809853e-02
4.935906291817507979e-02
4.630725906293945565e-02
4.292483804041249962e-02
3.954279866800510662e-02
3.649211288003107595e-02
3.407136066723828738e-02
3.251751925484253763e-02
3.198275966168826617e-02
3.251952441680522332e-02
3.407535733300535302e-02
3.649800548422282159e-02
3.955030649870500126e-02
4.293341011750037572e-02
4.631605846490340767e-02
4.936704866273088771e-02
5.178768606679336889e-02
5.334103884989536276e-02
5.387512407667371939e-02
5.333775812965817209e-02
5.178162803547409904e-02
4.935910132138526807e-02
4.630729496580461568e-02
4.292487120497372882e-02
3.954282911361603481e-02
3.649214087977257354e-02
3.407138671965494192e-02
3.251754403391076548e-02
3.198278395001854374e-02
3.251954902868645775e-02
3.407538303485001946e-02
3.649803292018936884e-02
3.955033612872631277e-02
4.293344217369809979e-02
4.631609293053014220e-02
4.936708527555194043e-02
5.178772434641033817e-02
5.334107814617324028e-02
5.387516363438841355e-02
5.333779716293701040e-02
5.178166580469640429e-02
4.935913720503566637e-02
4.630732852032068414e-02
4.292490220685406255e-02
3.954285757981788191e-02
3.649216706456052950e-02
3.407141108835979454e-02
3.251756721628976110e-02
3.198280667787754827e-02
3.251957206392851879e-02
3.407540709501858528e-02
3.649805860878463371e-02
3.955036387707407813e-02
4.293347219998366188e-02
4.631612521990247783e-02
4.936711958311217063e-02
5.178776022264435647e-02
5.334111498219393926e-02
5.387520072243188324e-02
5.333783376609915056e-02
5.178170122904428296e-02
4.935917086704928736e-02
4.630736000313274980e-02
4.292493129989056327e-02
3.954288429809409144e-02
3.649219164588669156e-02
3.407143396885856101e-02
3.251758898673483278e-02
3.198282802520922147e-02
3.251959370372334290e-02
3.407542970154606859e-02
3.649808274948955489e-02
3.955038995786139960e-02
4.293350042659657695e-02
4.631615557907753367e-02
4.936715184524086142e-02
5.178779396554981929e-02
5.334114963356335198e-02
5.387523561663639521e-02
5.333786820975813803e-02
5.178173456887898846e-02
4.935920255339665275e-02
4.630738964296313154e-02
4.292495869423767346e-02
3.954290946035476928e-02
3.649221479932360235e-02
3.407145552366918489e-02
3.251760949902938319e-02
3.198284814198675691e-02
3.251961409927808799e-02
3.407545101154913630e-02
3.649810550919307256e-02
3.955041455044178145e-02
4.293352704663426500e-02
