4.686198625648720084e-02
4.979251182930406749e-02
5.202835384227207094e-02
5.335538426873877305e-02
5.365497323533660601e-02
5.291124839662013357e-02
5.120753752233427047e-02
4.871427189654135848e-02
4.567097344261461522e-02
4.236454158663165853e-02
3.910530371773285330e-02
3.620164991275130056e-02
3.393388615006651121e-02
3.252834442749415189e-02
3.213365290848456401e-02
3.280202054756244795e-02
3.447891697314035137e-02
3.700416821816634311e-02
4.012604888001893022e-02
4.352765581315085758e-02
4.686232001089703225e-02
4.979285471845243394e-02
5.202870023737393712e-02
5.335572766789021398e-02
5.365530701622854559e-02
5.291156650182961274e-02
5.120783501349836231e-02
4.871454534195074348e-02
4.567122112823777252e-02
4.236476355899875673e-02
3.910550167736791261e-02
3.620182698101457458e-02
3.393404653350076683e-02
3.252849300558215834e-02
3.213379477469373302e-02
3.280216054003822629e-02
3.447905923756696550e-02
3.700431584809479174e-02
4.012620367564077167e-02
4.352781818694591298e-02
4.686248904884589978e-02
4.979302838290993599e-02
5.202887567750470038e-02
5.335590159065209392e-02
5.365547606759392407e-02
5.291172761386304935e-02
5.120798568504602438e-02
4.871468383493927218e-02
4.567134657456051183e-02
4.236487598222631046e-02
3.910560193877168911e-02
3.620191666148046827e-02
3.393412776354050309e-02
3.252856825651979228e-02
3.213386662623934908e-02
3.280223144258579554e-02
3.447913129079938771e-02
3.700439061880978625e-02
4.012628207558897875e-02
4.352790042503455747e-02
4.686257466215588280e-02
4.979311633942640897e-02
5.202896453335658505e-02
5.335598967799758119e-02
5.365556168770113654e-02
5.291180921290504491e-02
5.120806199626036503e-02
4.871475397803320950e-02
4.567141010985920069e-02
4.236493292166577246e-02
3.910565271856354663e-02
3.620196208230305746e-02
3.393416890444060641e-02
3.252860636916035664e-02
3.213390301717932579e-02
3.280226735288529344e-02
3.447916778388878528e-02
3.700442848823525671e-02
4.012632178313151055e-02
4.352794207650299840e-02
4.686261802308497315e-02
4.979316088713183625e-02
5.202900953655192201e-02
5.335603429196277003e-02
5.365560505207283420e-02
5.291185054071707861e-02
5.120810064592230815e-02
4.871478950370589089e-02
4.567144228885432894e-02
4.236496176002953890e-02
3.910567843722706494e-02
3.620198508678428018e-02
3.393418974124872561e-02
3.252862567223404472e-02
3.213392144825222285e-02
3.280228554051915768e-02
3.447918626669480013e-02
3.700444766811929881e-02
4.012634189397167039e-02
4.352796317188725728e-02
