4.353722082471250115e-02
4.365742460271178349e-02
4.375236483936505855e-02
4.381274949491717474e-02
4.383267106609710362e-02
4.381018383664929405e-02
4.374749294504403502e-02
4.365073729425896637e-02
4.352938802641537208e-02
4.339532167567324711e-02
4.326165862878227075e-02
4.314148020406310957e-02
4.304654939783940371e-02
4.298616004807984114e-02
4.296622683475794652e-02
4.298870529075938390e-02
4.305139898538136445e-02
4.314817328740572916e-02
4.326955525595721497e-02
4.340366117039272387e-02
4.353736080948177739e-02
4.365756412314356766e-02
4.375250381568183272e-02
4.381288781947066668e-02
4.383280861468304840e-02
4.381032048129346324e-02
4.374762856699213748e-02
4.365087179590460692e-02
4.352952134102277409e-02
4.339545377397320547e-02
4.326178952184396576e-02
4.314160994220479078e-02
4.304667806573397870e-02
4.298628775657545309e-02
4.296635371024389721e-02
4.298883146314454173e-02
4.305152457586628595e-02
4.314829839724555749e-02
4.326967995729578270e-02
4.340378550004004438e-02
4.353748476620507984e-02
4.365768766869553008e-02
4.375262687941935957e-02
4.381301030607027969e-02
4.383293041416187752e-02
4.381044148033007984e-02
4.374774866042979715e-02
4.365099089731345333e-02
4.352963939130777976e-02
4.339557074721619306e-02
4.326190542784617149e-02
4.314172482552356552e-02
4.304679200134758910e-02
4.298640084263982697e-02
4.296646605867733559e-02
4.298894318898090899e-02
4.305163578642953737e-02
4.314840918219704780e-02
4.326979038051883414e-02
4.340389559413026371e-02
4.353759453007029212e-02
4.365779706846793784e-02
4.375273585254412650e-02
4.381311876813873130e-02
4.383303826778397333e-02
4.381054862516025467e-02
4.374785500335069688e-02
4.365109636179084068e-02
4.352974392501290229e-02
4.339567432719896450e-02
4.326200806278605870e-02
4.314182655487553558e-02
4.304689289150553239e-02
4.298650098052073792e-02
4.296656554338453005e-02
4.298904212237742578e-02
4.305173426355010657e-02
4.314850728243722899e-02
4.326988816044806396e-02
4.340399308261153055e-02
4.353769172613693866e-02
4.365789394212952340e-02
4.375283234840900842e-02
4.381321481146269181e-02
4.383313377232776059e-02
4.381064350206695379e-02
4.374794917016592427e-02
4.365118975074294000e-02
4.352983648976477271e-02
4.339576604742835519e-02
4.326209894617868978e-02
4.314191663636927215e-02
4.304698222989142287e-02
4.298658965276409838e-02
4.296665363724218312e-02
4.298912972804900395e-02
4.305182146518948122e-02
4.314859415034867640e-02
4.326997474472394495e-02
4.340407940880974119e-02
