4.740136174969682148e-02
5.142779285741264778e-02
5.462102097274933177e-02
5.666854444532849061e-02
5.737022665576670816e-02
5.665777639062260368e-02
5.460128216677706536e-02
5.140221837336500510e-02
4.737365865257262693e-02
4.290965812794610840e-02
3.844679083945216208e-02
3.442156527417406658e-02
3.122782904289798933e-02
2.917828138739017932e-02
2.847383607109350498e-02
2.918384424108535005e-02
3.123915526891685862e-02
3.443875233340700642e-02
3.846936417682626785e-02
4.293615822660835912e-02
4.740149995552978002e-02
5.142794224199934150e-02
5.462117904313913697e-02
5.666870783566495956e-02
5.737039146278383184e-02
5.665793855863295730e-02
5.460143788420111083e-02
5.140236444218888173e-02
4.737379279519746134e-02
4.290977920231341808e-02
3.844689894241974659e-02
3.442166172399740987e-02
3.122791624331132040e-02
2.917836258711936637e-02
2.847391504264079956e-02
2.918392491034378297e-02
3.123924133187949703e-02
3.443884689742203464e-02
3.846946946136903245e-02
4.293627535259182670e-02
4.740162884333430637e-02
5.142808162756229429e-02
5.462132660971766307e-02
5.666886044749505635e-02
5.737054547695203538e-02
5.665809018405247588e-02
5.460158355232078847e-02
5.140250115331543301e-02
4.737391840705768020e-02
4.290989263338135934e-02
3.844700027097051886e-02
3.442175217398272397e-02
3.122799805906466622e-02
2.917843880955674207e-02
2.847398920906805617e-02
2.918400070732557125e-02
3.123932223514018156e-02
3.443893583398483643e-02
3.846956852691242601e-02
4.293638561151319477e-02
4.740175023076216576e-02
5.142821296240911860e-02
5.462146571683558494e-02
5.666900437623683534e-02
5.737069079405791860e-02
5.665823331168869798e-02
5.460172111797791800e-02
5.140263031745420652e-02
4.737403713687871748e-02
4.290999989657725416e-02
3.844709613121755076e-02
3.442183777948638890e-02
3.122807552577193044e-02
2.917851101077496498e-02
2.847405949221513619e-02
2.918407256556720605e-02
3.123939896603918770e-02
3.443902021854686885e-02
3.846966256040183080e-02
4.293649031227085577e-02
4.740186554551207437e-02
5.142833777692414066e-02
5.462159797037792475e-02
5.666914126795061235e-02
5.737082906051005349e-02
5.665836954795838015e-02
5.460185211067881961e-02
5.140275335720891764e-02
4.737415028004290929e-02
4.291010215116139448e-02
3.844718754942182820e-02
3.442191944834206013e-02
3.122814945720273072e-02
2.917857994206413466e-02
2.847412661649277935e-02
2.918414121869255043e-02
3.123947230050372337e-02
3.443910089630493332e-02
3.846975249468219393e-02
4.293659048358475921e-02
