5.200484708950844220e-02
5.740520843078167346e-02
6.119182024652325413e-02
6.305403375054516313e-02
6.291467681570563075e-02
6.089623218039583175e-02
5.726880288425097859e-02
5.239893716193210621e-02
4.671138338610554552e-02
4.066685236778461859e-02
3.475099349462292680e-02
2.946470546482652525e-02
2.530439642743326917e-02
2.272346238013582889e-02
2.207333248229782774e-02
2.353290676248118857e-02
2.704571374322308625e-02
3.228926161939346673e-02
3.869607571236171467e-02
4.553044231732204100e-02
5.200484740317724841e-02
5.740520875188895311e-02
6.119182056362631322e-02
6.305403405288215191e-02
6.291467709441483924e-02
6.089623242929161073e-02
5.726880309994498292e-02
5.239893734361038280e-02
4.671138353512757635e-02
4.066685248714622253e-02
3.475099358849569747e-02
2.946470553813083232e-02
2.530439648548145695e-02
2.272346242826818116e-02
2.207333252552991232e-02
2.353290680516441011e-02
2.704571378870548187e-02
3.228926166977871132e-02
3.869607576842087893e-02
4.553044237855750909e-02
5.200484746809150988e-02
5.740520881834880462e-02
6.119182062925990900e-02
6.305403411545566772e-02
6.291467715210613543e-02
6.089623248082681045e-02
5.726880314459804194e-02
5.239893738122360090e-02
4.671138356598336649e-02
4.066685251186081401e-02
3.475099360793694470e-02
2.946470555331947780e-02
2.530439649750686887e-02
2.272346243824086703e-02
2.207333253448699392e-02
2.353290681400308643e-02
2.704571379811887555e-02
3.228926168020686271e-02
3.869607578002465936e-02
4.553044239123413967e-02
5.200484748152793546e-02
5.740520883210325359e-02
6.119182064284720002e-02
6.305403412841160959e-02
6.291467716404890165e-02
6.089623249148173878e-02
5.726880315383960085e-02
5.239893738900915782e-02
4.671138357236306882e-02
4.066685251697075426e-02
3.475099361195362752e-02
2.946470555645387332e-02
2.530439649999308843e-02
2.272346244030240200e-02
2.207333253633934900e-02
2.353290681582961841e-02
2.704571380006326464e-02
3.228926168235896760e-02
3.869607578241767570e-02
4.553044239385063002e-02
5.200484748430657389e-02
5.740520883494745069e-02
6.119182064565762552e-02
6.305403413108343069e-02
6.291467716651902298e-02
6.089623249369909702e-02
5.726880315575809399e-02
5.239893739062786993e-02
4.671138357369524624e-02
4.066685251804280643e-02
3.475099361280279547e-02
2.946470555712193962e-02
2.530439650052429892e-02
2.272346244074424648e-02
2.207333253673653475e-02
2.353290681622732805e-02
2.704571380048825108e-02
3.228926168282916093e-02
3.869607578293659395e-02
4.553044239441583763e-02
