4.528563623578259895e-02
4.734355423116475697e-02
4.896549650124245451e-02
4.999303143538612326e-02
5.032657401298478578e-02
4.993475585135511569e-02
4.885701020150784446e-02
4.719930425798442991e-02
4.512359150688108334e-02
4.283208263954477180e-02
4.054782728048488688e-02
3.849336463200322966e-02
3.686934882414871079e-02
3.583508541487424176e-02
3.549281578521506358e-02
3.587733321946753873e-02
3.695208990904644969e-02
3.861236210816414854e-02
4.069532189717380705e-02
4.299609890668593809e-02
4.528821284166201222e-02
4.734623145506496739e-02
4.896824850463477041e-02
4.999582399101122621e-02
5.032936798436456194e-02
4.993751108617233009e-02
4.885968944922094298e-02
4.720187673478050405e-02
4.512603577840250402e-02
4.283438856556576191e-02
4.054999685723378183e-02
3.849541166916217727e-02
3.687129749777735832e-02
3.583696783821381515e-02
3.549466882981656968e-02
3.587919489192540473e-02
3.695399563586801439e-02
3.861434129572090257e-02
4.069739511049873942e-02
4.299827594976679546e-02
4.529049192797502538e-02
4.734859954107995678e-02
4.897068273538652400e-02
4.999829409144770920e-02
5.033183933707972846e-02
4.993994817521963531e-02
4.886205932536152874e-02
4.720415216879570580e-02
4.512819781095040589e-02
4.283642822730792526e-02
4.055191591389599448e-02
3.849722233582802272e-02
3.687302115890676163e-02
3.583863289894589910e-02
3.549630790416041098e-02
3.588084159786985444e-02
3.695568130923790329e-02
3.861609194734639400e-02
4.069922893077793091e-02
4.300020161062435842e-02
4.529250784917722428e-02
4.735069418522684648e-02
4.897283588656483472e-02
5.000047897045377387e-02
5.033402532376482497e-02
4.994210385464763202e-02
4.886415555292834834e-02
4.720616485942838447e-02
4.513011019453495171e-02
4.283823237019152713e-02
4.055361337791513893e-02
3.849882392559588612e-02
3.687454578962989782e-02
3.584010569583410966e-02
3.549775771529715962e-02
3.588229815938975137e-02
3.695717233863112655e-02
3.861764045198451401e-02
4.070085100062118683e-02
4.300190491625418415e-02
4.529429099282883397e-02
4.735254696171933841e-02
4.897474041430856240e-02
5.000241156242728191e-02
5.033595889551407965e-02
4.994401061870615277e-02
4.886600973000674447e-02
4.720794514554668003e-02
4.513180175601597122e-02
4.283982818947740245e-02
4.055511483649966442e-02
3.850024058048780173e-02
3.687589437190430530e-02
3.584140842950435391e-02
3.549904011737059495e-02
3.588358653238242491e-02
3.695849119950663647e-02
3.861901015146226163e-02
4.070228577076171611e-02
4.300341154192052068e-02
