4.523241728073572332e-02
4.730631199108353835e-02
4.895176650501285170e-02
5.000772017730112373e-02
5.037084131505616819e-02
5.000562965766148366e-02
4.894787440010751195e-02
4.730113575477620791e-02
4.522660024494901121e-02
4.292730563353959472e-02
4.062827851978888238e-02
3.855452415917183517e-02
3.690901652750562534e-02
3.585283733025017988e-02
3.548940521728104203e-02
3.585434009595471483e-02
3.691195940910071971e-02
3.855875583802660655e-02
4.063352179708738104e-02
4.293313253743472752e-02
4.523244176034157266e-02
4.730633750130214948e-02
4.895179280822287843e-02
5.000774695219040167e-02
5.037086818861534476e-02
5.000565624198043124e-02
4.894790033035202603e-02
4.730116072463692867e-02
4.522662403613107729e-02
4.292732813646795570e-02
4.062829974357884399e-02
3.855454422997077468e-02
3.690903567544757957e-02
3.585285586636769578e-02
3.548942350268721735e-02
3.585435850634625943e-02
3.691197829807008057e-02
3.855877550276938515e-02
4.063354244983480995e-02
4.293315428536496198e-02
4.523246459587593887e-02
4.730636130366518144e-02
4.895181735603770096e-02
5.000777194580291463e-02
5.037089327989918014e-02
5.000568106866185025e-02
4.894792455147548016e-02
4.730118405370781209e-02
4.522664626872415633e-02
4.292734916965337127e-02
4.062831958533109217e-02
3.855456299771104628e-02
3.690905358393309355e-02
3.585287320617164264e-02
3.548944061142275674e-02
3.585437573548155149e-02
3.691199597859557563e-02
3.855879391307247273e-02
4.063356178890559223e-02
4.293317465391682797e-02
4.523248598717806435e-02
4.730638360492114836e-02
4.895184036010788442e-02
5.000779537205829461e-02
5.037091680210913081e-02
5.000570434714700363e-02
4.894794726636050863e-02
4.730120593602604034e-02
4.522666712635869252e-02
4.292736890562284108e-02
4.062833820668879103e-02
3.855458061425328514e-02
3.690907039690060482e-02
3.585288948810626958e-02
3.548945667919065766e-02
3.585439191913070839e-02
3.691201258910757621e-02
3.855881121216109958e-02
4.063357996379978604e-02
4.293319379956354875e-02
4.523250609755959800e-02
4.730640457428309659e-02
4.895186199391699661e-02
5.000781740655890067e-02
5.037093893051384358e-02
5.000572624986202031e-02
4.894796864227219518e-02
4.730122653179040515e-02
4.522668676085360440e-02
4.292738748721165037e-02
4.062835574165996749e-02
3.855459720566503656e-02
3.690908623400025734e-02
3.585290482740621093e-02
3.548947181909080373e-02
3.585440717059470289e-02
3.691202824527344689e-02
3.855882751985877099e-02
4.063359709974607992e-02
4.293321185353484587e-02
