4.469434150446097154e-02
4.627716032834409965e-02
4.753140473895416107e-02
4.833433693203604414e-02
4.860748872966592221e-02
4.832429389358343375e-02
4.751262337344930309e-02
4.625200024835662838e-02
4.466578868865442309e-02
4.290913174715905998e-02
4.115381354353522814e-02
3.957150906600147289e-02
3.831703632515437441e-02
3.751322853288976966e-02
3.723889685647768788e-02
3.752106715632438222e-02
3.833226919758209172e-02
3.959316862578613622e-02
4.118030585436668889e-02
4.293819462051545743e-02
4.469459077209250730e-02
4.627741804697033112e-02
4.753166905730790703e-02
4.833460532539904375e-02
4.860775824921895194e-02
4.832456145620282750e-02
4.751288606342372878e-02
4.625225560155785121e-02
4.466603493161119820e-02
4.290936796802960473e-02
4.115403977865638580e-02
3.957172629389176660e-02
3.831724636876851497e-02
3.751343387977031096e-02
3.723910041438718843e-02
3.752127196822474531e-02
3.833247814383884677e-02
3.959338414278334300e-02
4.118052969714985911e-02
4.293842769276100951e-02
4.469483304002381391e-02
4.627766854549169445e-02
4.753192598745462072e-02
4.833486623315928765e-02
4.860802026780781937e-02
4.832482158774165787e-02
4.751314147229763335e-02
4.625250389079484103e-02
4.466627437548052748e-02
4.290959767846453526e-02
4.115425978960866177e-02
3.957193755568368110e-02
3.831745065319897003e-02
3.751363360532711938e-02
3.723929840865462804e-02
3.752147119068850734e-02
3.833268139620285564e-02
3.959359379519129113e-02
4.118074745719104562e-02
4.293865443993576114e-02
4.469506874186265216e-02
4.627791226338895392e-02
4.753217597136175088e-02
4.833512009547882154e-02
4.860827521906228854e-02
4.832507471062977289e-02
4.751339000715853328e-02
4.625274550459097800e-02
4.466650738821224126e-02
4.290982122521027481e-02
4.115447390270993849e-02
3.957214315934446530e-02
3.831764947121450715e-02
3.751382799104150539e-02
3.723949111376184673e-02
3.752166509546126655e-02
3.833287922753359639e-02
3.959379786008589142e-02
4.118095941788067066e-02
4.293887515269092375e-02
4.469529817527424786e-02
4.627814950398198568e-02
4.753241931571026285e-02
4.833536721943423875e-02
4.860852340713594372e-02
4.832532112276592684e-02
4.751363195663509814e-02
4.625298071989781407e-02
4.466673423350345229e-02
4.291003885810021345e-02
4.115468235433273475e-02
3.957234332914179309e-02
3.831784303714701190e-02
3.751401724406959459e-02
3.723967873277509583e-02
3.752185388463492172e-02
3.833307184180521909e-02
3.959399654566125859e-02
4.118116579325005466e-02
4.293909005165805204e-02
