4.465355934251724612e-02
4.575560043652916742e-02
4.662551951820636392e-02
4.717822454208980831e-02
4.735984250486344888e-02
4.715290731974826344e-02
4.657795253260687413e-02
4.569139768779873628e-02
4.457997479198683166e-02
4.335225979413771108e-02
4.212812985570538182e-02
4.102714584257952796e-02
4.015695268640812055e-02
3.960279346271761841e-02
3.941914404877951833e-02
3.962429518508198828e-02
4.019844482487207327e-02
4.108553225423258737e-02
4.219867431218825293e-02
4.342869126991192458e-02
4.465487972479656453e-02
4.575694520871549653e-02
4.662688155409409896e-02
4.717959437079488616e-02
4.736120927039994682e-02
4.715425986129229141e-02
4.657928047798583215e-02
4.569269245402757945e-02
4.458123039812678795e-02
4.335347341167544027e-02
4.212930204783717908e-02
4.102828047371975817e-02
4.015805651431593459e-02
3.960387545529820558e-02
3.942021449339878220e-02
3.962536467785784944e-02
4.019952323893936919e-02
4.108662778803699039e-02
4.219979271091094108e-02
4.342983529564856809e-02
4.465604892573445811e-02
4.575813600696135297e-02
4.662808763937829198e-02
4.718080735663301301e-02
4.736241954379586533e-02
4.715545753931641576e-02
4.658045637606049449e-02
4.569383897190390509e-02
4.458234223967239701e-02
4.335454807223614732e-02
4.213034002612498635e-02
4.102928519168030225e-02
4.015903395595789988e-02
3.960483356171824731e-02
3.942116237407799345e-02
3.962631171567822935e-02
4.020047817657935313e-02
4.108759788523506928e-02
4.220078305503632138e-02
4.343084833254207133e-02
4.465708425531347142e-02
4.575919046099607979e-02
4.662915563011404280e-02
4.718188145782253873e-02
4.736349124311332870e-02
4.715651808540974321e-02
4.658149763596880488e-02
4.569485421559263405e-02
4.458332677740694389e-02
4.335549968614067773e-02
4.213125915780877723e-02
4.103017487128313157e-02
4.015989948232986939e-02
3.960568196671493402e-02
3.942200172416223530e-02
3.962715031940958199e-02
4.020132377561599912e-02
4.108845690808833606e-02
4.220166000658055749e-02
4.343174537857377032e-02
4.465800104156015388e-02
4.576012418198328185e-02
4.663010133787498512e-02
4.718283257640135120e-02
4.736444023483007276e-02
4.715745720092574117e-02
4.658241967353220908e-02
4.569575321574600307e-02
4.458419858738106589e-02
4.335634234200226589e-02
4.213207305060470698e-02
4.103096268420731996e-02
4.016066590752407489e-02
3.960643323090021900e-02
3.942274497020582802e-02
3.962789290455608765e-02
4.020207255511770023e-02
4.108921757440413963e-02
4.220243654878588074e-02
4.343253971448510220e-02
