4.306652789816119847e-02
4.318562558170655624e-02
4.327983072490892980e-02
4.333992287278729677e-02
4.336002212965221064e-02
4.333816398374557705e-02
4.327649063652998923e-02
4.318104047900410414e-02
4.306115663979814823e-02
4.292857264276046109e-02
4.279626458924536136e-02
4.267718193846826991e-02
4.258298075497617824e-02
4.252288310447056852e-02
4.250277410579130638e-02
4.252462511276457191e-02
4.258629977196214111e-02
4.268176231200318527e-02
4.280166799318588927e-02
4.293427806275099123e-02
4.306660956672378471e-02
4.318570718360146415e-02
4.327991221269534422e-02
4.334000418223384055e-02
4.336010318622592064e-02
4.333824471005687240e-02
4.327657096000277898e-02
4.318112033901881641e-02
4.306123599361580401e-02
4.292865146966212686e-02
4.279634289249328871e-02
4.267725974491635987e-02
4.258305811238104199e-02
4.252296007678549317e-02
4.250285076691194541e-02
4.252470153934825164e-02
4.258637603602465072e-02
4.268183847402196029e-02
4.280174409637602789e-02
4.293435412906602966e-02
4.306668559495926973e-02
4.318578314977355309e-02
4.327998807263998271e-02
4.334007987615582508e-02
4.336017864473942773e-02
4.333831986111700424e-02
4.327664573604639991e-02
4.318119468361285990e-02
4.306130986697355445e-02
4.292872485249502046e-02
4.279641578783806993e-02
4.267733217777138627e-02
4.258313012720553459e-02
4.252303173311568207e-02
4.250292213354011500e-02
4.252477268763659585e-02
4.258644703301595752e-02
4.268190937601710339e-02
4.280181494360583982e-02
4.293442494196749587e-02
4.306675637241118293e-02
4.318585386944844007e-02
4.328005869342410605e-02
4.334015034238365704e-02
4.336024889181708253e-02
4.333838982197611017e-02
4.327671534778931156e-02
4.318126389370322005e-02
4.306137863837238705e-02
4.292879316724653588e-02
4.279648364876893069e-02
4.267739960815384453e-02
4.258319716842740715e-02
4.252309844060200850e-02
4.250298857133212593e-02
4.252483892216892686e-02
4.258651312670045513e-02
4.268197538126665413e-02
4.280188089787224232e-02
4.293449086427651717e-02
4.306682226171930361e-02
4.318591970497001609e-02
4.328012443688476069e-02
4.334021594196163507e-02
4.336031428737989468e-02
4.333845495108696461e-02
4.327678015189444227e-02
4.318132832389601217e-02
4.306144266017135347e-02
4.292885676393580485e-02
4.279654682298040386e-02
4.267746238155196992e-02
4.258325957954229440e-02
4.252316054103064125e-02
4.250305042069315448e-02
4.252490058230783132e-02
4.258657465571916156e-02
4.268203682795754239e-02
4.280194229710097831e-02
4.293455223375453739e-02
