8.957173746549964774e-03
8.957644682090631222e-03
8.958085654417562854e-03
8.958466411952047126e-03
8.958765422811754836e-03
8.958967451409331761e-03
8.959061451418646321e-03
8.959039294606710793e-03
8.958895740225536822e-03
8.958630081053001529e-03
8.958249835434185099e-03
8.957776267274454932e-03
8.957249929201199085e-03
8.956732074624731976e-03
8.956296879912112666e-03
8.956013411993989787e-03
8.955924623195254605e-03
8.956035322350260411e-03
8.956315359033559242e-03
8.956713644848512956e-03
8.957173746549983856e-03
8.957644682090676325e-03
8.958085654417750204e-03
8.958466411952099168e-03
8.958765422811760040e-03
8.958967451409361252e-03
8.959061451418665403e-03
8.959039294606712528e-03
8.958895740225470902e-03
8.958630081052968569e-03
8.958249835434138261e-03
8.957776267274269316e-03
8.957249929200957958e-03
8.956732074624631362e-03
8.956296879912173381e-03
8.956013411993861417e-03
8.955924623194968376e-03
8.956035322350041836e-03
8.956315359033371892e-03
8.956713644848301320e-03
8.957173746549864160e-03
8.957644682090492444e-03
8.958085654417516017e-03
8.958466411951972533e-03
8.958765422811713203e-03
8.958967451409205127e-03
8.959061451418663669e-03
8.959039294606825285e-03
8.958895740225658252e-03
8.958630081053018876e-03
8.958249835434098363e-03
8.957776267274352583e-03
8.957249929201088062e-03
8.956732074624643505e-03
8.956296879912123074e-03
8.956013411993875295e-03
8.955924623195117562e-03
8.956035322350140715e-03
8.956315359033423934e-03
8.956713644848245809e-03
8.957173746549878038e-03
8.957644682090443872e-03
8.958085654417443158e-03
8.958466411951838959e-03
8.958765422811570955e-03
8.958967451409203392e-03
8.959061451418694894e-03
8.959039294606790590e-03
8.958895740225510801e-03
8.958630081052952956e-03
8.958249835434160813e-03
8.957776267274366461e-03
8.957249929201178268e-03
8.956732074624627893e-03
8.956296879911987766e-03
8.956013411993821519e-03
8.955924623194963172e-03
8.956035322350109490e-03
8.956315359033514140e-03
8.956713644848419281e-03
8.957173746549884977e-03
8.957644682090497648e-03
8.958085654417465710e-03
8.958466411951976002e-03
8.958765422811709733e-03
8.958967451409139207e-03
8.959061451418632444e-03
8.959039294606710793e-03
8.958895740225571516e-03
8.958630081053006733e-03
8.958249835434122649e-03
8.957776267274356052e-03
8.957249929201070715e-03
8.956732074624686873e-03
8.956296879912133482e-03
8.956013411994041828e-03
8.955924623195134909e-03
8.956035322350135511e-03
8.956315359033444751e-03
8.956713644848483466e-03
