8.961108925353945126e-03
8.961126470015828155e-03
8.961146316748462223e-03
8.961166579870323209e-03
8.961185471204058395e-03
8.961201396801711516e-03
8.961213019782442168e-03
8.961219311449757779e-03
8.961219608545782644e-03
8.961213685052796599e-03
8.961201833352536519e-03
8.961184932956915358e-03
8.961164469442823785e-03
8.961142460198802742e-03
8.961121257686346930e-03
8.961103239275245227e-03
8.961090443388232060e-03
8.961084247239462647e-03
8.961085176295697369e-03
8.961092888184989461e-03
8.961106310700399369e-03
8.961123869134376974e-03
8.961143729704230607e-03
8.961164006615864736e-03
8.961182911587038322e-03
8.961198850578017822e-03
8.961210486632707056e-03
8.961216790998434434e-03
8.961217100383157136e-03
8.961211188760608015e-03
8.961199348533569614e-03
8.961182459267977643e-03
8.961162006627986301e-03
8.961140008117861669e-03
8.961118816331723261e-03
8.961100808771280471e-03
8.961088023970368091e-03
8.961081839216209627e-03
8.961082780000753645e-03
8.961090503929510648e-03
8.961103938733717272e-03
8.961121509617794856e-03
8.961141382698442973e-03
8.961161672079812415e-03
8.961180589384679096e-03
8.961196540490226625e-03
8.961208188372107863e-03
8.961214504226752697e-03
8.961214824731044207e-03
8.961208923850789293e-03
8.961197094007731026e-03
8.961180214816545642e-03
8.961159772020308584e-03
8.961137783227945269e-03
8.961116601153590322e-03
8.961098603418347214e-03
8.961085828656721944e-03
8.961079654222039656e-03
8.961080605629102164e-03
8.961088340463043908e-03
8.961101786399094243e-03
8.961119368561948351e-03
8.961139252977156494e-03
8.961159553656641158e-03
8.961178482137113419e-03
8.961194444220383151e-03
8.961206102820262059e-03
8.961212429086944445e-03
8.961212759669087702e-03
8.961206868525304833e-03
8.961195048094439813e-03
8.961178178035293304e-03
8.961157744162416561e-03
8.961135764179589680e-03
8.961114590909736999e-03
8.961096602082193122e-03
8.961083836422703564e-03
8.961077671344550716e-03
8.961078632383278481e-03
8.961086377105527412e-03
8.961099833135754977e-03
8.961117425526361757e-03
8.961137320220245381e-03
8.961157631145685171e-03
8.961176569761319238e-03
8.961192541800612824e-03
8.961204210121219427e-03
8.961210545831398144e-03
8.961210885554198383e-03
8.961205003241625583e-03
8.961193191348040821e-03
8.961176329572264829e-03
8.961155903793661601e-03
8.961133931802039640e-03
8.961112766518956191e-03
8.961094785771946819e-03
8.961082028369527636e-03
8.961075871779385429e-03
8.961076841555845954e-03
8.961084595248806212e-03
