8.957358459607123527e-03
8.957417540473478976e-03
8.957483300539064580e-03
8.957550206359011363e-03
8.957613484213811095e-03
8.957668978948358368e-03
8.957712972368449267e-03
8.957742066381266244e-03
8.957753207165903078e-03
8.957743923486662790e-03
8.957712845545740682e-03
8.957660510851157484e-03
8.957590293643470300e-03
8.957509018135139875e-03
8.957426614967152825e-03
8.957354406201614716e-03
8.957302398075810482e-03
8.957276789898735089e-03
8.957278909832236402e-03
8.957305855682950319e-03
8.957352131508116919e-03
8.957411314227597260e-03
8.957477175517081919e-03
8.957544181186992069e-03
8.957607556909226443e-03
8.957663147030604095e-03
8.957707232939959505e-03
8.957736416189342535e-03
8.957747642663617046e-03
8.957738440918877609e-03
8.957707441091540546e-03
8.957655180852298546e-03
8.957585034926697498e-03
8.957503828386085762e-03
8.957421493043902713e-03
8.957349352239542956e-03
8.957297413288500126e-03
8.957271876118777509e-03
8.957274068962602434e-03
8.957301089246102674e-03
8.957347440391611251e-03
8.957406698616379379e-03
8.957472634944667333e-03
8.957539714634860442e-03
8.957603162907709637e-03
8.957658823740777265e-03
8.957702978213829062e-03
8.957732227615632439e-03
8.957743517612937537e-03
8.957734376607490168e-03
8.957703434686959190e-03
8.957651229642550270e-03
8.957581136559448695e-03
8.957499981145677567e-03
8.957417696083795275e-03
8.957345605660100435e-03
8.957293717989360526e-03
8.957268233458466969e-03
8.957270480351789410e-03
8.957297555813460710e-03
8.957343962795088002e-03
8.957403276993073510e-03
8.957469268948805088e-03
8.957536403511375672e-03
8.957599905567114468e-03
8.957655618819832313e-03
8.957699824120205628e-03
8.957729122561814208e-03
8.957740459649721557e-03
8.957731363671263269e-03
8.957700464677946159e-03
8.957648300550331497e-03
8.957578246640222897e-03
8.957497129127540286e-03
8.957414881339236315e-03
8.957342828263489126e-03
8.957290978607621718e-03
8.957265533098697843e-03
8.957267820059755872e-03
8.957294936425847648e-03
8.957341384799652820e-03
8.957400740491438043e-03
8.957466773684613637e-03
8.957533948924937053e-03
8.957597490850743166e-03
8.957653242962953025e-03
8.957697485942410151e-03
8.957726820737969831e-03
8.957738192734862603e-03
8.957729130135561393e-03
8.957698262964825311e-03
8.957646129169449106e-03
8.957576104298831804e-03
8.957495014882823486e-03
8.957412794725982605e-03
8.957340769336854039e-03
8.957288947862001444e-03
8.957263531280639304e-03
8.957265847944529541e-03
8.957292994633695229e-03
