8.957521685220133645e-03
8.957878732895356230e-03
8.958208577516640903e-03
8.958486601002315503e-03
8.958694916718374507e-03
8.958821203469864713e-03
8.958857590403658880e-03
8.958800084036516731e-03
8.958648850285999207e-03
8.958409507280985090e-03
8.958095316207420611e-03
8.957729632282845217e-03
8.957347203243693629e-03
8.956992316987936326e-03
8.956712335363872443e-03
8.956547445484953213e-03
8.956520445004735251e-03
8.956631361766659652e-03
8.956859218603353476e-03
8.957169253360651104e-03
8.957521685220123236e-03
8.957878732895328475e-03
8.958208577516656515e-03
8.958486601002303359e-03
8.958694916718286036e-03
8.958821203469854305e-03
8.958857590403594695e-03
8.958800084036398770e-03
8.958648850285961043e-03
8.958409507281024989e-03
8.958095316207483061e-03
8.957729632282945831e-03
8.957347203243717915e-03
8.956992316987894692e-03
8.956712335363879382e-03
8.956547445484840456e-03
8.956520445004683209e-03
8.956631361766487914e-03
8.956859218603289291e-03
8.957169253360618144e-03
8.957521685220183952e-03
8.957878732895356230e-03
8.958208577516646107e-03
8.958486601002348462e-03
8.958694916718303383e-03
8.958821203469935837e-03
8.958857590403707452e-03
8.958800084036554895e-03
8.958648850286179618e-03
8.958409507281047540e-03
8.958095316207422346e-03
8.957729632282732460e-03
8.957347203243504544e-03
8.956992316987719485e-03
8.956712335363660807e-03
8.956547445484751985e-03
8.956520445004568717e-03
8.956631361766484445e-03
8.956859218603282352e-03
8.957169253360703146e-03
8.957521685220204768e-03
8.957878732895468987e-03
8.958208577516725904e-03
8.958486601002332850e-03
8.958694916718291240e-03
8.958821203469802263e-03
8.958857590403648471e-03
8.958800084036355402e-03
8.958648850285895124e-03
8.958409507280938253e-03
8.958095316207372039e-03
8.957729632282819196e-03
8.957347203243698833e-03
8.956992316987993571e-03
8.956712335364026834e-03
8.956547445485019132e-03
8.956520445004745659e-03
8.956631361766614549e-03
8.956859218603206024e-03
8.957169253360501918e-03
8.957521685220124971e-03
8.957878732895349291e-03
8.958208577516594065e-03
8.958486601002218358e-03
8.958694916718266954e-03
8.958821203469835223e-03
8.958857590403653676e-03
8.958800084036429995e-03
8.958648850285909002e-03
8.958409507280865394e-03
8.958095316207462244e-03
8.957729632282843482e-03
8.957347203243573933e-03
8.956992316987858263e-03
8.956712335363842953e-03
8.956547445484830047e-03
8.956520445004619024e-03
8.956631361766505262e-03
8.956859218603280617e-03
8.957169253360638961e-03
