8.960923403952920571e-03
8.960975794048808840e-03
8.961031889454431493e-03
8.961086815373057318e-03
8.961136361627868030e-03
8.961176979632419839e-03
8.961205719198219941e-03
8.961220199665463626e-03
8.961218682138340566e-03
8.961200284603237573e-03
8.961165345485926428e-03
8.961115874047267255e-03
8.961055921831561494e-03
8.960991607195116851e-03
8.960930525925888540e-03
8.960880489634354823e-03
8.960847912062128162e-03
8.960836456714573947e-03
8.960846488032738963e-03
8.960875447087393239e-03
8.960918829201403729e-03
8.960971276615324263e-03
8.961027429046655723e-03
8.961082411205269910e-03
8.961132012506162897e-03
8.961172684035942360e-03
8.961201475350673989e-03
8.961216005600439530e-03
8.961214535768138520e-03
8.961196183804281956e-03
8.961161288213429291e-03
8.961111858485493534e-03
8.961051946570408253e-03
8.960987671400565471e-03
8.960926629450556916e-03
8.960876633012308801e-03
8.960844096363907232e-03
8.960832683292242404e-03
8.960842758229446356e-03
8.960871761991387116e-03
8.960915189492577732e-03
8.960967682509172680e-03
8.961023880310592035e-03
8.961078907214207329e-03
8.961128552310198073e-03
8.961169266425062299e-03
8.961198098911661927e-03
8.961212668768824691e-03
8.961211236882912767e-03
8.961192921175878401e-03
8.961158060215031196e-03
8.961108663672487373e-03
8.961048783820870292e-03
8.960984540051000410e-03
8.960923529383671426e-03
8.960873564653014725e-03
8.960841060563941654e-03
8.960829681127300411e-03
8.960839790768186999e-03
8.960868830099586596e-03
8.960912293711204360e-03
8.960964823009629279e-03
8.961021056907873816e-03
8.961076119410958662e-03
8.961125799350678003e-03
8.961166547346577360e-03
8.961195412589845893e-03
8.961210013958942344e-03
8.961208612263441356e-03
8.961190325402631010e-03
8.961155491993701150e-03
8.961106121853709347e-03
8.961046267512083954e-03
8.960982048724230528e-03
8.960921062945657531e-03
8.960871123441831870e-03
8.960838645257204055e-03
8.960827292580854711e-03
8.960837429832247195e-03
8.960866497463035665e-03
8.960909989804357809e-03
8.960962547968935252e-03
8.961018810586092453e-03
8.961073901412409948e-03
8.961123609074068616e-03
8.961164384026004334e-03
8.961193275330738353e-03
8.961207901770996964e-03
8.961206524095254380e-03
8.961188260184721130e-03
8.961153448696303550e-03
8.961104099562411385e-03
8.961044265516707186e-03
8.960980066604798400e-03
8.960919100627906531e-03
8.960869181194744751e-03
8.960836723619913791e-03
8.960825392234290573e-03
8.960835551452814296e-03
8.960864641598785194e-03
