8.957714938195585758e-03
8.957767725928194452e-03
8.957826849504921599e-03
8.957886809064043165e-03
8.957942305331482308e-03
8.957988551725633991e-03
8.958021519471367003e-03
8.958038159323169006e-03
8.958036630700213360e-03
8.958016542813878116e-03
8.957979175731793295e-03
8.957927608931213689e-03
8.957866656032801092e-03
8.957802510721141545e-03
8.957742070312715160e-03
8.957692014321812571e-03
8.957657830161648571e-03
8.957643029418569519e-03
8.957648745283028346e-03
8.957673768404485204e-03
8.957714938053418230e-03
8.957767725795632088e-03
8.957826849381216733e-03
8.957886808948694463e-03
8.957942305223924248e-03
8.957988551625301055e-03
8.958021519377737038e-03
8.958038159235784045e-03
8.958036630618643192e-03
8.958016542737605795e-03
8.957979175660588100e-03
8.957927608864602043e-03
8.957866655970498498e-03
8.957802510662929429e-03
8.957742070258225761e-03
8.957692014270862008e-03
8.957657830114014799e-03
8.957643029374032229e-03
8.957648745241441821e-03
8.957673768365627398e-03
8.957714938017181591e-03
8.957767725761730387e-03
8.957826849349615275e-03
8.957886808919178143e-03
8.957942305196319593e-03
8.957988551599549085e-03
8.958021519353697240e-03
8.958038159213293355e-03
8.958036630597627017e-03
8.958016542717989542e-03
8.957979175642222583e-03
8.957927608847482057e-03
8.957866655954495674e-03
8.957802510647963970e-03
8.957742070244216134e-03
8.957692014257738825e-03
8.957657830101741631e-03
8.957643029362579584e-03
8.957648745230759393e-03
8.957673768355652738e-03
8.957714938007836636e-03
8.957767725753009933e-03
8.957826849341439523e-03
8.957886808911586993e-03
8.957942305189202023e-03
8.957988551592887747e-03
8.958021519347481726e-03
8.958038159207513257e-03
8.958036630592244171e-03
8.958016542712896393e-03
8.957979175637412195e-03
8.957927608842970041e-03
8.957866655950311521e-03
8.957802510644022678e-03
8.957742070240524643e-03
8.957692014254324889e-03
8.957657830098558413e-03
8.957643029359585451e-03
8.957648745227917916e-03
8.957673768352996876e-03
8.957714938005397615e-03
8.957767725750747853e-03
8.957826849339397754e-03
8.957886808909626755e-03
8.957942305187423931e-03
8.957988551591225881e-03
8.958021519345974251e-03
8.958038159206083845e-03
8.958036630590835575e-03
8.958016542711604024e-03
8.957979175636308911e-03
8.957927608841937880e-03
8.957866655949334872e-03
8.957802510643129296e-03
8.957742070239738813e-03
8.957692014253559876e-03
8.957657830097814217e-03
8.957643029358903705e-03
8.957648745227326376e-03
8.957673768352436561e-03
