8.957293741429166178e-03
8.957446284027970398e-03
8.957610114004420018e-03
8.957771753328350878e-03
8.957919572057314664e-03
8.958043573486080408e-03
8.958135091855778942e-03
8.958186639398903542e-03
8.958192087144887031e-03
8.958147340634924419e-03
8.958051612229766744e-03
8.957909192346107802e-03
8.957731195528118029e-03
8.957536203405506298e-03
8.957348531199326239e-03
8.957193677087147213e-03
8.957092315081191872e-03
8.957055549368573427e-03
8.957083555306765213e-03
8.957167602474742224e-03
8.957293740891486902e-03
8.957446283527153996e-03
8.957610113538109001e-03
8.957771752894279696e-03
8.957919571653245525e-03
8.958043573109825825e-03
8.958135091505173980e-03
8.958186639071927249e-03
8.958192086839632945e-03
8.958147340349664756e-03
8.958051611962850047e-03
8.957909192096104659e-03
8.957731195293763826e-03
8.957536203185715099e-03
8.957348530993154354e-03
8.957193676893807077e-03
8.957092314900088476e-03
8.957055549199205435e-03
8.957083555148563636e-03
8.957167602327120726e-03
8.957293740753888636e-03
8.957446283399037729e-03
8.957610113418876252e-03
8.957771752783295557e-03
8.957919571549975701e-03
8.958043573013628469e-03
8.958135091415561635e-03
8.958186638988421130e-03
8.958192086761674472e-03
8.958147340276851472e-03
8.958051611894725721e-03
8.957909192032315407e-03
8.957731195233936683e-03
8.957536203129582916e-03
8.957348530940500292e-03
8.957193676844421235e-03
8.957092314853845952e-03
8.957055549155963983e-03
8.957083555108177539e-03
8.957167602289392225e-03
8.957293740718762221e-03
8.957446283366317374e-03
8.957610113388364201e-03
8.957771752754889460e-03
8.957919571523476066e-03
8.958043572988931211e-03
8.958135091392581753e-03
8.958186638966992091e-03
8.958192086741700866e-03
8.958147340258163296e-03
8.958051611877231035e-03
8.957909192015854616e-03
8.957731195218560094e-03
8.957536203115134404e-03
8.957348530926905264e-03
8.957193676831724793e-03
8.957092314841931871e-03
8.957055549144853079e-03
8.957083555097776137e-03
8.957167602279773183e-03
8.957293740709757271e-03
8.957446283357895292e-03
8.957610113380524985e-03
8.957771752747555050e-03
8.957919571516625643e-03
8.958043572982545694e-03
8.958135091386581345e-03
8.958186638961345566e-03
8.958192086736408224e-03
8.958147340253221069e-03
8.958051611872628814e-03
8.957909192011620156e-03
8.957731195214511249e-03
8.957536203111293727e-03
8.957348530923349081e-03
8.957193676828381981e-03
8.957092314838795491e-03
8.957055549141902315e-03
8.957083555094974558e-03
8.957167602277157220e-03
