8.961191026148365019e-03
8.961215750312324230e-03
8.961237731170364207e-03
8.961254866415593878e-03
8.961265533782547185e-03
8.961268729135768787e-03
8.961264149770269138e-03
8.961252220244651789e-03
8.961234059625735118e-03
8.961211390191023765e-03
8.961186389842449446e-03
8.961161494790946536e-03
8.961139165638377924e-03
8.961121637721666117e-03
8.961110683298799048e-03
8.961107416161920303e-03
8.961112166435391754e-03
8.961124444269654918e-03
8.961142997548087602e-03
8.961165954017040816e-03
8.961191026148115218e-03
8.961215750312457803e-03
8.961237731170405840e-03
8.961254866415573062e-03
8.961265533782489939e-03
8.961268729135817360e-03
8.961264149770355875e-03
8.961252220244650055e-03
8.961234059625738588e-03
8.961211390191023765e-03
8.961186389842572611e-03
8.961161494791133886e-03
8.961139165638615581e-03
8.961121637721742444e-03
8.961110683298805987e-03
8.961107416161970610e-03
8.961112166435806353e-03
8.961124444269767675e-03
8.961142997548290565e-03
8.961165954017380822e-03
8.961191026148198485e-03
8.961215750312364128e-03
8.961237731170416249e-03
8.961254866415666737e-03
8.961265533782536777e-03
8.961268729135876340e-03
8.961264149770300363e-03
8.961252220244492195e-03
8.961234059625625831e-03
8.961211390191143461e-03
8.961186389842605571e-03
8.961161494791180723e-03
8.961139165638721399e-03
8.961121637721700811e-03
8.961110683298785171e-03
8.961107416161897751e-03
8.961112166435398693e-03
8.961124444269580325e-03
8.961142997548254135e-03
8.961165954017379087e-03
8.961191026148312977e-03
8.961215750312244432e-03
8.961237731170428392e-03
8.961254866415665002e-03
8.961265533782536777e-03
8.961268729135784400e-03
8.961264149770262200e-03
8.961252220244617095e-03
8.961234059625691750e-03
8.961211390191060194e-03
8.961186389842447711e-03
8.961161494790885820e-03
8.961139165638355372e-03
8.961121637721527339e-03
8.961110683298975990e-03
8.961107416161986222e-03
8.961112166435691861e-03
8.961124444269672265e-03
8.961142997548257605e-03
8.961165954017160512e-03
8.961191026148326855e-03
8.961215750312416170e-03
8.961237731170390228e-03
8.961254866415465509e-03
8.961265533782368509e-03
8.961268729135652561e-03
8.961264149770191076e-03
8.961252220244535563e-03
8.961234059625435011e-03
8.961211390191058460e-03
8.961186389842414751e-03
8.961161494790953475e-03
8.961139165638629459e-03
8.961121637721751118e-03
8.961110683298852825e-03
8.961107416162182246e-03
8.961112166435719617e-03
8.961124444269824921e-03
8.961142997548417199e-03
8.961165954017231636e-03
