8.957476379946493344e-03
8.957509954522933568e-03
8.957546924095165231e-03
8.957583999022543375e-03
8.957618466552469058e-03
8.957648091699068824e-03
8.957670971014792052e-03
8.957685418076769338e-03
8.957689932304264621e-03
8.957683293139702754e-03
8.957664815720696450e-03
8.957634775151558301e-03
8.957594922114012898e-03
8.957548867537100390e-03
8.957501990490043808e-03
8.957460601496139777e-03
8.957430482408192118e-03
8.957415405797006930e-03
8.957416351611128397e-03
8.957431713603535711e-03
8.957458201883573834e-03
8.957491885917883909e-03
8.957528965694103867e-03
8.957566150237775485e-03
8.957600725718823167e-03
8.957630456285024800e-03
8.957653437770779145e-03
8.957667983134336848e-03
8.957672591260089356e-03
8.957666041173123483e-03
8.957647647805952115e-03
8.957617686426562476e-03
8.957577908436497455e-03
8.957531926174103903e-03
8.957485120758619523e-03
8.957443805078332821e-03
8.957413763116331418e-03
8.957398768795220290e-03
8.957399802363378433e-03
8.957415256918923457e-03
8.957441841311369543e-03
8.957475623535183021e-03
8.957512802177979364e-03
8.957550085073102963e-03
8.957584757426521882e-03
8.957614582610162399e-03
8.957637655814658720e-03
8.957652289442947016e-03
8.957656981898929824e-03
8.957650511832258161e-03
8.957632193989942260e-03
8.957602303784732017e-03
8.957562593261291298e-03
8.957516676019152552e-03
8.957469935013395723e-03
8.957428685251331291e-03
8.957398712625673845e-03
8.957383792271577522e-03
8.957384904707642662e-03
8.957400442446214126e-03
8.957427113208389288e-03
8.957460983669287072e-03
8.957498251161368982e-03
8.957535622448678514e-03
8.957570381872113560e-03
8.957600292107051679e-03
8.957623447765825780e-03
8.957638160752189743e-03
8.957642929038008017e-03
8.957636530934997079e-03
8.957618281022735121e-03
8.957588454843129142e-03
8.957548805017485904e-03
8.957502946277208500e-03
8.957456263225723261e-03
8.957415072773335790e-03
8.957385162528157599e-03
8.957370308715033660e-03
8.957371492095862753e-03
8.957387104657509036e-03
8.957413853107810964e-03
8.957447802936908260e-03
8.957485150349633191e-03
8.957522601149162447e-03
8.957557438898920352e-03
8.957587425648044083e-03
8.957610655488737472e-03
8.957625439875766329e-03
8.957630276392158572e-03
8.957623943045488549e-03
8.957605754264344119e-03
8.957575985706333135e-03
8.957536390510851404e-03
8.957490584426738151e-03
8.957443953539348871e-03
8.957402816470139487e-03
8.957372962369874667e-03
8.957358168443585802e-03
8.957359415672288064e-03
8.957375095570518572e-03
