8.956642226555289188e-03
8.956907691884348488e-03
8.957182313326777015e-03
8.957446967501758381e-03
8.957686755293283939e-03
8.957889386413661614e-03
8.958043789082702560e-03
8.958139132144637626e-03
8.958164431810527670e-03
8.958109087151513994e-03
8.957964951663496822e-03
8.957730634847435591e-03
8.957417971063539111e-03
8.957058177007669320e-03
8.956701959405516042e-03
8.956408295157645624e-03
8.956224864067972163e-03
8.956172440738941962e-03
8.956243177222383486e-03
8.956410625999141131e-03
8.956642225302863941e-03
8.956907690719625656e-03
8.957182312244156910e-03
8.957446966495676011e-03
8.957686754358028594e-03
8.957889385543893815e-03
8.958043788273110583e-03
8.958139131390294857e-03
8.958164431106621986e-03
8.958109086493599299e-03
8.957964951047272736e-03
8.957730634269026743e-03
8.957417970519581871e-03
8.957058176495402008e-03
8.956701958922867399e-03
8.956408294703290321e-03
8.956224863641103554e-03
8.956172440338985852e-03
8.956243176848616497e-03
8.956410625650643859e-03
8.956642224978416875e-03
8.956907690417891324e-03
8.957182311963775290e-03
8.957446966235071972e-03
8.957686754115873340e-03
8.957889385318601808e-03
8.958043788063422413e-03
8.958139131194895605e-03
8.958164430924297345e-03
8.958109086323115880e-03
8.957964950887570624e-03
8.957730634119049490e-03
8.957417970378460381e-03
8.957058176362496169e-03
8.956701958797630772e-03
8.956408294585353411e-03
8.956224863530353603e-03
8.956172440235251123e-03
8.956243176751694027e-03
8.956410625560261296e-03
8.956642224894331358e-03
8.956907690339754174e-03
8.957182311891104254e-03
8.957446966167521840e-03
8.957686754053024308e-03
8.957889385260207546e-03
8.958043788009076996e-03
8.958139131144259026e-03
8.958164430877033069e-03
8.958109086278915126e-03
8.957964950846187061e-03
8.957730634080221174e-03
8.957417970341958330e-03
8.957058176328087928e-03
8.956701958765184504e-03
8.956408294554848298e-03
8.956224863501695971e-03
8.956172440208416685e-03
8.956243176726653293e-03
8.956410625536904979e-03
8.956642224872583130e-03
8.956907690319501278e-03
8.957182311872272096e-03
8.957446966150063583e-03
8.957686754036790766e-03
8.957889385245056471e-03
8.958043787995027471e-03
8.958139131131167068e-03
8.958164430864798064e-03
8.958109086267514523e-03
8.957964950835483817e-03
8.957730634070173656e-03
8.957417970332507556e-03
8.957058176319152368e-03
8.956701958756760687e-03
8.956408294547009083e-03
8.956224863494354621e-03
8.956172440201482995e-03
8.956243176720141141e-03
8.956410625530873346e-03
