8.957790294799905170e-03
8.957800817799736054e-03
8.957813107676255299e-03
8.957825957375950207e-03
8.957838228316257478e-03
8.957848905959631125e-03
8.957857126515478274e-03
8.957862193809632001e-03
8.957863602642366502e-03
8.957861079132017901e-03
8.957854639903102198e-03
8.957844659835999604e-03
8.957831923332599047e-03
8.957817622071094152e-03
8.957803263410904493e-03
8.957790477444022015e-03
8.957780754154508196e-03
8.957775183279219344e-03
8.957774279167104309e-03
8.957777940141214978e-03
8.957785536178930474e-03
8.957796074381197890e-03
8.957808379679263119e-03
8.957821244805388994e-03
8.957833530980133241e-03
8.957844223495410943e-03
8.957852458420196423e-03
8.957857539471772435e-03
8.957858961376581608e-03
8.957856450219152042e-03
8.957850022638613047e-03
8.957840053587701884e-03
8.957827327604854506e-03
8.957813036566760270e-03
8.957798688076879651e-03
8.957785912485123278e-03
8.957776200005821560e-03
8.957770640538679705e-03
8.957769748502904597e-03
8.957773422195551560e-03
8.957781031487798210e-03
8.957791583321631987e-03
8.957803902445375666e-03
8.957816781407584861e-03
8.957829081259489207e-03
8.957839787145871480e-03
8.957848035014035967e-03
8.957853128486781974e-03
8.957854562225696024e-03
8.957852062284938147e-03
8.957845645315064276e-03
8.957835686330311090e-03
8.957822969986484196e-03
8.957808688331665367e-03
8.957794349180793481e-03
8.957781583107855133e-03
8.957771880527754665e-03
8.957766331482649308e-03
8.957765450453885475e-03
8.957769135716889958e-03
8.957776757051243502e-03
8.957787321260936297e-03
8.957799652935048706e-03
8.957812544461807996e-03
8.957824856744241171e-03
8.957835574797935740e-03
8.957843834463031715e-03
8.957848939278686973e-03
8.957850383848692255e-03
8.957847894199590794e-03
8.957841486991011126e-03
8.957831537290470228e-03
8.957818829856375661e-03
8.957804556887430034e-03
8.957790226384876320e-03
8.957777469120619188e-03
8.957767775687146619e-03
8.957762236253200352e-03
8.957761365355861732e-03
8.957765061252252747e-03
8.957772693641469913e-03
8.957783269205826446e-03
8.957795612393440812e-03
8.957808515450355405e-03
8.957820839147808550e-03
8.957831568386242019e-03
8.957839838909957553e-03
8.957844954183023789e-03
8.957846408757019763e-03
8.957843928633101027e-03
8.957837530478273899e-03
8.957827589406917174e-03
8.957814890268657113e-03
8.957800625396510757e-03
8.957786302958348212e-03
8.957773553903447886e-03
8.957763868983788236e-03
8.957758338482139579e-03
8.957757476986225043e-03
8.957761182737338998e-03
