8.957861868909943251e-03
8.957865400096862510e-03
8.957869550187767121e-03
8.957873914422834205e-03
8.957878069504789792e-03
8.957881613544348143e-03
8.957884203564478801e-03
8.957885587579541078e-03
8.957885628667703465e-03
8.957884318907599272e-03
8.957881781622394415e-03
8.957878261165012207e-03
8.957874100539988879e-03
8.957869708454684055e-03
8.957865518771482988e-03
8.957861946526562980e-03
8.957859345403652168e-03
8.957857971564762295e-03
8.957857957982536673e-03
8.957859302012519467e-03
8.957861867184923818e-03
8.957865398440288326e-03
8.957869548596949366e-03
8.957873912895153445e-03
8.957878068037749761e-03
8.957881612135547983e-03
8.957884202211592248e-03
8.957885586280271359e-03
8.957885627419941155e-03
8.957884317709274846e-03
8.957881780471507738e-03
8.957878260059625591e-03
8.957874099478242702e-03
8.957869707434947676e-03
8.957865517792047705e-03
8.957861945585850194e-03
8.957859344500131854e-03
8.957857970696979019e-03
8.957857957149123473e-03
8.957859301212163158e-03
8.957861866416288663e-03
8.957865397702144405e-03
8.957869547888096251e-03
8.957873912214491322e-03
8.957878067384123302e-03
8.957881611507857375e-03
8.957884201608765432e-03
8.957885585701349032e-03
8.957885626863941464e-03
8.957884317175292266e-03
8.957881779958629803e-03
8.957878259567038717e-03
8.957874099005181875e-03
8.957869706980543800e-03
8.957865517355586074e-03
8.957861945166635184e-03
8.957859344097511209e-03
8.957857970310319565e-03
8.957857956777748668e-03
8.957859300855509216e-03
8.957861866073793533e-03
8.957865397373252977e-03
8.957869547572277699e-03
8.957873911911181861e-03
8.957878067092864965e-03
8.957881611228138419e-03
8.957884201340181665e-03
8.957885585443392182e-03
8.957885626616221217e-03
8.957884316937373206e-03
8.957881779730125088e-03
8.957878259347570177e-03
8.957874098794367870e-03
8.957869706778075550e-03
8.957865517161128777e-03
8.957861944979897406e-03
8.957859343918172026e-03
8.957857970138087544e-03
8.957857956612346254e-03
8.957859300696650179e-03
8.957861865921245420e-03
8.957865397226760784e-03
8.957869547431598564e-03
8.957873911776092005e-03
8.957878066963124997e-03
8.957881611103545375e-03
8.957884201220532583e-03
8.957885585328487568e-03
8.957885626505847701e-03
8.957884316831379867e-03
8.957881779628303759e-03
8.957878259249764732e-03
8.957874098700432594e-03
8.957869706687831765e-03
8.957865517074422093e-03
8.957861944896606393e-03
8.957859343838164845e-03
8.957857970061242764e-03
8.957857956538554586e-03
8.957859300625779786e-03
