8.957404584141039766e-03
8.957615812463739016e-03
8.957832927514014151e-03
8.958037703538913182e-03
8.958214606455036297e-03
8.958350831523222146e-03
8.958436188796985167e-03
8.958463126151419015e-03
8.958427101954529598e-03
8.958327433876703966e-03
8.958168599575322411e-03
8.957961685235122512e-03
8.957725279290994561e-03
8.957484796867748802e-03
8.957269416954795685e-03
8.957106825812164580e-03
8.957017390583630820e-03
8.957010101422841972e-03
8.957081816823406206e-03
8.957219595197747630e-03
8.957404584141084869e-03
8.957615812463797997e-03
8.957832927514106092e-03
8.958037703539006857e-03
8.958214606455147319e-03
8.958350831523329699e-03
8.958436188797129149e-03
8.958463126151670550e-03
8.958427101954727356e-03
8.958327433876851417e-03
8.958168599575362309e-03
8.957961685235079144e-03
8.957725279290968540e-03
8.957484796867788701e-03
8.957269416954662111e-03
8.957106825812105599e-03
8.957017390583544084e-03
8.957010101422751766e-03
8.957081816823324674e-03
8.957219595197605383e-03
8.957404584140894049e-03
8.957615812463732077e-03
8.957832927514000274e-03
8.958037703538951346e-03
8.958214606455133441e-03
8.958350831523369598e-03
8.958436188797118740e-03
8.958463126151632386e-03
8.958427101954654498e-03
8.958327433876929480e-03
8.958168599575461188e-03
8.957961685235276902e-03
8.957725279291168033e-03
8.957484796867955235e-03
8.957269416955003852e-03
8.957106825812374482e-03
8.957017390583780006e-03
8.957010101422829829e-03
8.957081816823453044e-03
8.957219595197738957e-03
8.957404584141064052e-03
8.957615812463853508e-03
8.957832927514045376e-03
8.958037703538987775e-03
8.958214606455204565e-03
8.958350831523419905e-03
8.958436188797174252e-03
8.958463126151628916e-03
8.958427101954631946e-03
8.958327433876849683e-03
8.958168599575362309e-03
8.957961685235148533e-03
8.957725279291029255e-03
8.957484796867783497e-03
8.957269416954686397e-03
8.957106825812126416e-03
8.957017390583528471e-03
8.957010101422682377e-03
8.957081816823277837e-03
8.957219595197553341e-03
8.957404584140900988e-03
8.957615812463685240e-03
8.957832927513899660e-03
8.958037703538911448e-03
8.958214606455070991e-03
8.958350831523307148e-03
8.958436188797103128e-03
8.958463126151554323e-03
8.958427101954621538e-03
8.958327433876873969e-03
8.958168599575416086e-03
8.957961685235247412e-03
8.957725279291053541e-03
8.957484796867870233e-03
8.957269416954854666e-03
8.957106825812331113e-03
8.957017390583734903e-03
8.957010101422845441e-03
8.957081816823435697e-03
8.957219595197747630e-03
