8.957862181855140785e-03
8.957864958241971293e-03
8.957868303734784626e-03
8.957871888684418651e-03
8.957875370036654655e-03
8.957878420952022219e-03
8.957880756727145885e-03
8.957882156668024384e-03
8.957882481874963887e-03
8.957881688558828881e-03
8.957879835763210563e-03
8.957877085611779325e-03
8.957873693910082050e-03
8.957869989543888051e-03
8.957866342825039283e-03
8.957863125479520808e-03
8.957860667575872834e-03
8.957859218302395565e-03
8.957858917290758075e-03
8.957859781037380911e-03
8.957861705624178134e-03
8.957864483605257680e-03
8.957867830693600278e-03
8.957871417232558461e-03
8.957874900160428186e-03
8.957877952630784527e-03
8.957880289934458048e-03
8.957881691373195676e-03
8.957882018044939151e-03
8.957881226160230304e-03
8.957879374764532096e-03
8.957876625985411109e-03
8.957873235634116263e-03
8.957869532603432092e-03
8.957865887212821190e-03
8.957862671195710585e-03
8.957860214627043349e-03
8.957858766699767009e-03
8.957858467047958434e-03
8.957859332168019093e-03
8.957861258139547186e-03
8.957864037512515074e-03
8.957867385994387061e-03
8.957870973922393842e-03
8.957874458228567288e-03
8.957877512060728395e-03
8.957879850704883462e-03
8.957881253459197210e-03
8.957881581419611244e-03
8.957880790796363818e-03
8.957878940636390674e-03
8.957876193070464163e-03
8.957872803914544713e-03
8.957869102067236855e-03
8.957865457854369620e-03
8.957862243015562997e-03
8.957859787631130763e-03
8.957858340897935714e-03
8.957858042452093023e-03
8.957858908790009358e-03
8.957860835989409423e-03
8.957863616596747555e-03
8.957866966314903187e-03
8.957870555475909782e-03
8.957874041006558610e-03
8.957877096049796095e-03
8.957879435887492955e-03
8.957880839814786819e-03
8.957881168925855078e-03
8.957880379430641082e-03
8.957878530377289678e-03
8.957875783899267239e-03
8.957872395816485894e-03
8.957868695032488934e-03
8.957865051878476093e-03
8.957861838099391225e-03
8.957859383780103490e-03
8.957857938120834113e-03
8.957857640759464210e-03
8.957858508192435149e-03
8.957860436495853132e-03
8.957863218213225204e-03
8.957866569043480831e-03
8.957870159314222994e-03
8.957873645947699720e-03
8.957876702082668077e-03
8.957879042997423519e-03
8.957880447984470362e-03
8.957880778136414340e-03
8.957879989662922982e-03
8.957878141613142067e-03
8.957875396122831277e-03
8.957872009015328818e-03
8.957868309198369072e-03
8.957864667007863282e-03
8.957861454193322831e-03
8.957859000843606742e-03
8.957857556161840165e-03
8.957857259787465470e-03
8.957858128216970861e-03
