8.958498937976707224e-03
8.959497009382661609e-03
8.960172715381010261e-03
8.960583935522504345e-03
8.960770409942806977e-03
8.960751479207837780e-03
8.960526485126830976e-03
8.960074787828075510e-03
8.959355301866861812e-03
8.958308479512681194e-03
8.956869724682018502e-03
8.955014721672174133e-03
8.952864930958160869e-03
8.950832128233604870e-03
8.949605781134574792e-03
8.949736798015280395e-03
8.951143470562803947e-03
8.953213781863820012e-03
8.955320939941543990e-03
8.957115748920460238e-03
8.958498937976793960e-03
8.959497009382642527e-03
8.960172715380970362e-03
8.960583935522542509e-03
8.960770409942916265e-03
8.960751479207919312e-03
8.960526485126759852e-03
8.960074787828051224e-03
8.959355301866712626e-03
8.958308479512738440e-03
8.956869724682186770e-03
8.955014721672344136e-03
8.952864930958551182e-03
8.950832128233854670e-03
8.949605781134932145e-03
8.949736798015733158e-03
8.951143470563079768e-03
8.953213781863719398e-03
8.955320939941361844e-03
8.957115748920344012e-03
8.958498937976846002e-03
8.959497009382710181e-03
8.960172715380911382e-03
8.960583935522452304e-03
8.960770409942926673e-03
8.960751479208012987e-03
8.960526485126962815e-03
8.960074787828155307e-03
8.959355301866554766e-03
8.958308479512618744e-03
8.956869724681957787e-03
8.955014721672269543e-03
8.952864930958426282e-03
8.950832128233667320e-03
8.949605781134418667e-03
8.949736798015224884e-03
8.951143470562385879e-03
8.953213781863627457e-03
8.955320939941375721e-03
8.957115748920583403e-03
8.958498937976821716e-03
8.959497009382666813e-03
8.960172715380906178e-03
8.960583935522471385e-03
8.960770409942912795e-03
8.960751479207888087e-03
8.960526485126935059e-03
8.960074787828108470e-03
8.959355301866660584e-03
8.958308479512681194e-03
8.956869724681923092e-03
8.955014721672373626e-03
8.952864930958386383e-03
8.950832128233493848e-03
8.949605781134850613e-03
8.949736798015651626e-03
8.951143470562590576e-03
8.953213781863854706e-03
8.955320939941543990e-03
8.957115748920520953e-03
8.958498937976762735e-03
8.959497009382597424e-03
8.960172715380939137e-03
8.960583935522483529e-03
8.960770409942850345e-03
8.960751479207903700e-03
8.960526485126994040e-03
8.960074787828245513e-03
8.959355301866728238e-03
8.958308479512702011e-03
8.956869724682200648e-03
8.955014721672238318e-03
8.952864930958152195e-03
8.950832128233669055e-03
8.949605781134637242e-03
8.949736798015330702e-03
8.951143470562821294e-03
8.953213781863630927e-03
8.955320939941275107e-03
8.957115748920347481e-03
