8.955772818433151844e-03
8.956456786781530344e-03
8.957108011401326148e-03
8.957692769265378566e-03
8.958188478043561942e-03
8.958578288538937562e-03
8.958847079377260658e-03
8.958978505008029572e-03
8.958953035356138558e-03
8.958747655269376498e-03
8.958339224011527269e-03
8.957715281459775400e-03
8.956896113156356462e-03
8.955963651800532763e-03
8.955072160314950236e-03
8.954406283535951486e-03
8.954096802646029432e-03
8.954164714642326786e-03
8.954538020109675811e-03
8.955107807348027318e-03
8.955772818432990515e-03
8.956456786781365545e-03
8.957108011401197778e-03
8.957692769265298768e-03
8.958188478043522043e-03
8.958578288538956644e-03
8.958847079377319639e-03
8.958978505007899468e-03
8.958953035356010189e-03
8.958747655269374763e-03
8.958339224011476962e-03
8.957715281459721623e-03
8.956896113156318298e-03
8.955963651800407863e-03
8.955072160314785437e-03
8.954406283535828320e-03
8.954096802645979125e-03
8.954164714642333725e-03
8.954538020109726118e-03
8.955107807348070686e-03
8.955772818433013066e-03
8.956456786781417587e-03
8.957108011401192574e-03
8.957692769265314381e-03
8.958188478043551534e-03
8.958578288538915010e-03
8.958847079377274536e-03
8.958978505008031307e-03
8.958953035356093456e-03
8.958747655269364354e-03
8.958339224011485635e-03
8.957715281459738971e-03
8.956896113156328706e-03
8.955963651800574396e-03
8.955072160315009216e-03
8.954406283536062508e-03
8.954096802646119638e-03
8.954164714642385767e-03
8.954538020109790303e-03
8.955107807348096707e-03
8.955772818433023474e-03
8.956456786781410648e-03
8.957108011401204717e-03
8.957692769265246727e-03
8.958188478043497757e-03
8.958578288538953174e-03
8.958847079377304026e-03
8.958978505007967122e-03
8.958953035356100394e-03
8.958747655269373028e-03
8.958339224011511656e-03
8.957715281459775400e-03
8.956896113156320033e-03
8.955963651800539702e-03
8.955072160315054319e-03
8.954406283535977507e-03
8.954096802646029432e-03
8.954164714642377093e-03
8.954538020109778160e-03
8.955107807348079360e-03
8.955772818433058169e-03
8.956456786781391566e-03
8.957108011401199513e-03
8.957692769265234584e-03
8.958188478043502961e-03
8.958578288538897663e-03
8.958847079377267597e-03
8.958978505008007021e-03
8.958953035356143763e-03
8.958747655269475377e-03
8.958339224011457880e-03
8.957715281459693868e-03
8.956896113156359931e-03
8.955963651800454700e-03
8.955072160314922480e-03
8.954406283535859545e-03
8.954096802645876776e-03
8.954164714642234846e-03
8.954538020109622035e-03
8.955107807347942317e-03
