8.957771456427128520e-03
8.958369406871996912e-03
8.958856544454617959e-03
8.959214183110046290e-03
8.959434494066840018e-03
8.959514677970282365e-03
8.959453345950860875e-03
8.959249156307334122e-03
8.958901817321953190e-03
8.958415880496745781e-03
8.957807811663637265e-03
8.957115808314108224e-03
8.956408736431749687e-03
8.955785931939574951e-03
8.955358530523859287e-03
8.955213128104863585e-03
8.955376737388658082e-03
8.955807398974537092e-03
8.956415722088821585e-03
8.957099624258661741e-03
8.957771456427152806e-03
8.958369406872099261e-03
8.958856544454685614e-03
8.959214183110002921e-03
8.959434494066715118e-03
8.959514677970134913e-03
8.959453345950761996e-03
8.959249156307313305e-03
8.958901817322112784e-03
8.958415880496735373e-03
8.957807811663663286e-03
8.957115808314160266e-03
8.956408736431751422e-03
8.955785931939555869e-03
8.955358530523880103e-03
8.955213128104981546e-03
8.955376737388815941e-03
8.955807398974616890e-03
8.956415722089034956e-03
8.957099624258535106e-03
8.957771456427079948e-03
8.958369406871981300e-03
8.958856544454536427e-03
8.959214183109855470e-03
8.959434494066558993e-03
8.959514677970148791e-03
8.959453345950794956e-03
8.959249156307262998e-03
8.958901817322074621e-03
8.958415880496749251e-03
8.957807811663697981e-03
8.957115808314162000e-03
8.956408736431826015e-03
8.955785931939505562e-03
8.955358530523965105e-03
8.955213128105009301e-03
8.955376737388985944e-03
8.955807398974764341e-03
8.956415722089097406e-03
8.957099624258665210e-03
8.957771456427156276e-03
8.958369406872170385e-03
8.958856544454728982e-03
8.959214183110186802e-03
8.959434494066866039e-03
8.959514677970237262e-03
8.959453345950833120e-03
8.959249156307339326e-03
8.958901817321989619e-03
8.958415880496768333e-03
8.957807811663782982e-03
8.957115808314059652e-03
8.956408736431860709e-03
8.955785931939613115e-03
8.955358530523944288e-03
8.955213128104952056e-03
8.955376737388713593e-03
8.955807398974720973e-03
8.956415722089161591e-03
8.957099624258803988e-03
8.957771456427180562e-03
8.958369406872045485e-03
8.958856544454630103e-03
8.959214183110013330e-03
8.959434494066789711e-03
8.959514677970086341e-03
8.959453345950803629e-03
8.959249156307292489e-03
8.958901817322071151e-03
8.958415880496610473e-03
8.957807811663789921e-03
8.957115808314352820e-03
8.956408736432124387e-03
8.955785931939531583e-03
8.955358530523937349e-03
8.955213128104945117e-03
8.955376737388776043e-03
8.955807398974578726e-03
8.956415722088863218e-03
8.957099624258611434e-03
