8.957419417247255294e-03
8.957514540704772377e-03
8.957619590501389104e-03
8.957725576988664895e-03
8.957824516789673203e-03
8.957909413646778299e-03
8.957974144807928293e-03
8.958013413286522106e-03
8.958022891806803265e-03
8.957999660339166503e-03
8.957942990504530814e-03
8.957855402411507573e-03
8.957743675245825182e-03
8.957619199772576951e-03
8.957496976383748713e-03
8.957393013705426676e-03
8.957320830401391265e-03
8.957288515758573752e-03
8.957297591721126440e-03
8.957343849529428997e-03
8.957419340329073401e-03
8.957514466962780697e-03
8.957619519825038915e-03
8.957725509257410262e-03
8.957824451875833274e-03
8.957909351418441232e-03
8.957974085131062414e-03
8.958013356026903184e-03
8.958022836831750976e-03
8.957999607519443949e-03
8.957942939717123548e-03
8.957855353542765187e-03
8.957743628195083407e-03
8.957619154455840477e-03
8.957496932735359990e-03
8.957392971677250598e-03
8.957320789958570298e-03
8.957288476873473751e-03
8.957297554366987560e-03
8.957343813675702759e-03
8.957419305938870910e-03
8.957514433992584679e-03
8.957619488225529447e-03
8.957725478974633976e-03
8.957824422852776747e-03
8.957909323596094375e-03
8.957974058449487062e-03
8.958013330426077905e-03
8.958022812252336084e-03
8.957999583903758153e-03
8.957942917010075501e-03
8.957855331693463305e-03
8.957743607158619170e-03
8.957619134194613753e-03
8.957496913220053952e-03
8.957392952886306103e-03
8.957320771876421672e-03
8.957288459487761090e-03
8.957297537665770762e-03
8.957343797645287917e-03
8.957419290562811109e-03
8.957514419251461427e-03
8.957619474097242365e-03
8.957725465435086021e-03
8.957824409876406768e-03
8.957909311156553658e-03
8.957974046519991476e-03
8.958013318979796483e-03
8.958022801262739698e-03
8.957999573344983812e-03
8.957942906857599419e-03
8.957855321924562339e-03
8.957743597753177467e-03
8.957619125135797555e-03
8.957496904494712323e-03
8.957392944484828673e-03
8.957320763791860874e-03
8.957288451714588359e-03
8.957297530198627539e-03
8.957343790478041953e-03
8.957419283688150546e-03
8.957514412660681422e-03
8.957619467780517444e-03
8.957725459381589775e-03
8.957824404074724717e-03
8.957909305594877539e-03
8.957974041186374248e-03
8.958013313862206103e-03
8.958022796349340150e-03
8.957999568624237449e-03
8.957942902318466460e-03
8.957855317556882510e-03
8.957743593547957961e-03
8.957619121085537428e-03
8.957496900593586373e-03
8.957392940728501826e-03
8.957320760177207158e-03
8.957288448239175693e-03
8.957297526860025574e-03
8.957343787273546257e-03
