8.930584461701060461e-02
8.930031363478881101e-02
8.927623988759783580e-02
8.923619449419062377e-02
8.918416885984573050e-02
8.912515891219094377e-02
8.906471386154343750e-02
8.900847853575152846e-02
8.896174241399031069e-02
8.892900256437832884e-02
8.891355366026877649e-02
8.891713326708111653e-02
8.893966769571309827e-02
8.897917375939207174e-02
8.903186610710210613e-02
8.909249421589589268e-02
8.915489078448245175e-02
8.921266550103292003e-02
8.925994085439202530e-02
8.929201385811319502e-02
8.930584461701532306e-02
8.930031363478199702e-02
8.927623988760470530e-02
8.923619449419332994e-02
8.918416885984505049e-02
8.912515891217702435e-02
8.906471386152746417e-02
8.900847853574989088e-02
8.896174241398761839e-02
8.892900256437161199e-02
8.891355366026647278e-02
8.891713326709956011e-02
8.893966769572689279e-02
8.897917375939343176e-02
8.903186610710188409e-02
8.909249421589623963e-02
8.915489078447420834e-02
8.921266550103547355e-02
8.925994085441867065e-02
8.929201385811329217e-02
8.930584461701181198e-02
8.930031363465523730e-02
8.927623988754601614e-02
8.923619449416372862e-02
8.918416885983623810e-02
8.912515891216633845e-02
8.906471386151749992e-02
8.900847853574017643e-02
8.896174241398302485e-02
8.892900256436199469e-02
8.891355366025610607e-02
8.891713326708602927e-02
8.893966769572321518e-02
8.897917375938875495e-02
8.903186610710127347e-02
8.909249421589650331e-02
8.915489078448013416e-02
8.921266550103441884e-02
8.925994085442093273e-02
8.929201385811798286e-02
8.930584461702163745e-02
8.930031363465758265e-02
8.927623988755764572e-02
8.923619449416912708e-02
8.918416885983510012e-02
8.912515891217506758e-02
8.906471386151894321e-02
8.900847853574168911e-02
8.896174241397973581e-02
8.892900256436894746e-02
8.891355366024882023e-02
8.891713326708147735e-02
8.893966769571765019e-02
8.897917375938683981e-02
8.903186610710363269e-02
8.909249421589862661e-02
8.915489078447393079e-02
8.921266550103808257e-02
8.925994085442504056e-02
8.929201385811702529e-02
8.930584461702982535e-02
8.930031363465738836e-02
8.927623988755524487e-02
8.923619449418304650e-02
8.918416885984702114e-02
8.912515891217648312e-02
8.906471386152368941e-02
8.900847853573844171e-02
8.896174241396730131e-02
8.892900256449171037e-02
8.891355366029786433e-02
8.891713326709221876e-02
8.893966769571932940e-02
8.897917375939190521e-02
8.903186610710296656e-02
8.909249421589188200e-02
8.915489078447808025e-02
8.921266550104742232e-02
8.925994085444502457e-02
8.929201385814970748e-02
