8.918671472803969824e-02
8.918556125381545130e-02
8.917418323963431648e-02
8.915372320503311965e-02
8.912363256721324289e-02
8.908250837068522332e-02
8.902854205798500786e-02
8.895992467736428544e-02
8.887556826429886259e-02
8.877661709666453960e-02
8.866931944940525945e-02
8.856931939884914173e-02
8.850483601497430297e-02
8.851078255753108692e-02
8.860562571469868254e-02
8.876517189220063664e-02
8.893189122669215019e-02
8.905909388701961638e-02
8.913565605736296915e-02
8.917327393488533316e-02
8.918671472804208522e-02
8.918556125381595090e-02
8.917418323963691162e-02
8.915372320502645831e-02
8.912363256721324289e-02
8.908250837067020755e-02
8.902854205802088194e-02
8.895992467734453735e-02
8.887556826427892021e-02
8.877661709667408751e-02
8.866931944937950227e-02
8.856931939882754790e-02
8.850483601495999497e-02
8.851078255750924328e-02
8.860562571469172977e-02
8.876517189219060300e-02
8.893189122664844903e-02
8.905909388706335916e-02
8.913565605735582209e-02
8.917327393491947252e-02
8.918671472800307476e-02
8.918556125383415856e-02
8.917418323963520466e-02
8.915372320503674175e-02
8.912363256721324289e-02
8.908250837070531836e-02
8.902854205799656806e-02
8.895992467736428544e-02
8.887556826430087487e-02
8.877661709667669654e-02
8.866931944941094934e-02
8.856931939883851135e-02
8.850483601496120234e-02
8.851078255750739754e-02
8.860562571469172977e-02
8.876517189220299586e-02
8.893189122669215019e-02
8.905909388702329399e-02
8.913565605735676578e-02
8.917327393490596943e-02
8.918671472801464883e-02
8.918556125383167443e-02
8.917418323963523241e-02
8.915372320502645831e-02
8.912363256721324289e-02
8.908250837069049688e-02
8.902854205801882803e-02
8.895992467735094889e-02
8.887556826430129120e-02
8.877661709667888923e-02
8.866931944940230348e-02
8.856931939882876914e-02
8.850483601494341102e-02
8.851078255753003221e-02
8.860562571469868254e-02
8.876517189223669113e-02
8.893189122665227930e-02
8.905909388706620411e-02
8.913565605736771535e-02
8.917327393486859655e-02
8.918671472799587219e-02
8.918556125383148014e-02
8.917418323963520466e-02
8.915372320503427150e-02
8.912363256721324289e-02
8.908250837069522921e-02
8.902854205799656806e-02
8.895992467736604792e-02
8.887556826432535528e-02
8.877661709668704937e-02
8.866931944936956578e-02
8.856931939885355487e-02
8.850483601495301444e-02
8.851078255752291291e-02
8.860562571469178528e-02
8.876517189219666759e-02
8.893189122667809199e-02
8.905909388706415020e-02
8.913565605734818931e-02
8.917327393488436171e-02
