9.181021136893527390e-02
9.149250270082914804e-02
9.099129787351876997e-02
9.038343061377129839e-02
8.972261051459744230e-02
8.904232999232813972e-02
8.836425878040368720e-02
8.770792696260823473e-02
8.709991731796969117e-02
8.658160586756129262e-02
8.621359509298659463e-02
8.607300283398319762e-02
8.623842772168151261e-02
8.676006433076785540e-02
8.762219073483787368e-02
8.871882420083528065e-02
8.986685534063219849e-02
9.086135151890420425e-02
9.154540693432387799e-02
9.185373265788535080e-02
9.181021136890228640e-02
9.149250270083905678e-02
9.099129787352051857e-02
9.038343061380012256e-02
8.972261051458918502e-02
8.904232999233296919e-02
8.836425878040655990e-02
8.770792696262270927e-02
8.709991731796012937e-02
8.658160586758789634e-02
8.621359509297167600e-02
8.607300283398772178e-02
8.623842772166478987e-02
8.676006433077174118e-02
8.762219073482993559e-02
8.871882420082739806e-02
8.986685534061124303e-02
9.086135151887886341e-02
9.154540693432428045e-02
9.185373265787580288e-02
9.181021136891991119e-02
9.149250270083178482e-02
9.099129787351797893e-02
9.038343061378845134e-02
8.972261051459673453e-02
8.904232999232976342e-02
8.836425878041986870e-02
8.770792696263612909e-02
8.709991731794516912e-02
8.658160586759626465e-02
8.621359509297994717e-02
8.607300283401779495e-02
8.623842772167579496e-02
8.676006433076474678e-02
8.762219073483133724e-02
8.871882420082773113e-02
8.986685534062623104e-02
9.086135151890473161e-02
9.154540693431420517e-02
9.185373265787144526e-02
9.181021136892610068e-02
9.149250270083951475e-02
9.099129787354388876e-02
9.038343061376812038e-02
8.972261051458904624e-02
8.904232999232741808e-02
8.836425878040279902e-02
8.770792696261922594e-02
8.709991731794186620e-02
8.658160586757407406e-02
8.621359509294751478e-02
8.607300283400473595e-02
8.623842772164815040e-02
8.676006433074189006e-02
8.762219073482571674e-02
8.871882420080945408e-02
8.986685534062349712e-02
9.086135151885774142e-02
9.154540693431531539e-02
9.185373265785085062e-02
9.181021136891547030e-02
9.149250270081868419e-02
9.099129787350732079e-02
9.038343061379248977e-02
8.972261051459630432e-02
8.904232999232641887e-02
8.836425878040246595e-02
8.770792696259509247e-02
8.709991731795357905e-02
8.658160586757072952e-02
8.621359509293731460e-02
8.607300283395330487e-02
8.623842772168818782e-02
8.676006433080331315e-02
8.762219073484064924e-02
8.871882420082347065e-02
8.986685534060591396e-02
9.086135151890484263e-02
9.154540693433879661e-02
9.185373265789437136e-02
