1.027581543930521785e-01
1.101203190276582866e-01
1.151871651010831082e-01
1.175287266457117064e-01
1.170393142109828338e-01
1.138990447053476324e-01
1.085074567819297869e-01
1.014128029690841148e-01
9.325313572127837125e-02
8.471498052609198470e-02
7.650592381834515898e-02
6.933098619807757934e-02
6.386030198417040615e-02
6.067811267935616093e-02
6.021076428297027910e-02
6.264330287849360912e-02
6.784678172582940536e-02
7.534525491191648716e-02
8.434644882479193362e-02
9.384196878874662140e-02
1.027582608668287101e-01
1.101204271874047791e-01
1.151872722343155186e-01
1.175288300761550692e-01
1.170394116243361760e-01
1.138991343522674782e-01
1.085075375611952858e-01
1.014128744184193825e-01
9.325319795151783275e-02
8.471503413035361141e-02
7.650596977693717438e-02
6.933102578735332588e-02
6.386033668694250653e-02
6.067814408837225726e-02
6.021079398890682999e-02
6.264333234079001722e-02
6.784681213660220811e-02
7.534528707559250138e-02
8.434648308202728761e-02
9.384200500754062702e-02
1.027582985069854377e-01
1.101204654235780067e-01
1.151873101076008599e-01
1.175288666404442212e-01
1.170394460614893190e-01
1.138991660438564285e-01
1.085075661179309287e-01
1.014128996768825092e-01
9.325321995088667326e-02
8.471505308030587156e-02
7.650598602402629289e-02
6.933103978278874757e-02
6.386034895492180563e-02
6.067815519195692703e-02
6.021080449042649080e-02
6.264334275617869374e-02
6.784682288729440569e-02
7.534529844596332682e-02
8.434649519250393690e-02
9.384201781146329913e-02
1.027583118133804096e-01
1.101204789406767803e-01
1.151873234964121417e-01
1.175288795665040548e-01
1.170394582355768348e-01
1.138991772473465225e-01
1.085075762132008265e-01
1.014129086061556495e-01
9.325322772801815374e-02
8.471505977942037080e-02
7.650599176763282772e-02
6.933104473039976290e-02
6.386035329184973353e-02
6.067815911725214090e-02
6.021080820288203517e-02
6.264334643818583737e-02
6.784682668783578730e-02
7.534530246557236133e-02
8.434649947375237600e-02
9.384202233785722547e-02
1.027583165174051349e-01
1.101204837191867986e-01
1.151873282295700490e-01
1.175288841360714459e-01
1.170394625393062354e-01
1.138991812079570981e-01
1.085075797820350685e-01
1.014129117627908250e-01
9.325323047735394055e-02
8.471506214765801845e-02
7.650599379808532829e-02
6.933104647945662058e-02
6.386035482502096239e-02
6.067816050490487667e-02
6.021080951529285408e-02
6.264334773983373794e-02
6.784682803138682161e-02
7.534530388656683619e-02
8.434650098724155720e-02
9.384202393800376851e-02
