8.895970253680381135e-02
8.896060365757317567e-02
8.896076155784102268e-02
8.896016654939738200e-02
8.895887705327734651e-02
8.895701386441200176e-02
8.895475036033562155e-02
8.895229887015627945e-02
8.894989334165155637e-02
8.894776874779974918e-02
8.894613836331032031e-02
8.894517095810369756e-02
8.894497079841615084e-02
8.894556371770548364e-02
8.894689209728752488e-02
8.894882028941324126e-02
8.895115008258336342e-02
8.895364382516367241e-02
8.895605143392004699e-02
8.895813714563093055e-02
8.895970253680381135e-02
8.896060365757657573e-02
8.896076155784102268e-02
8.896016654939738200e-02
8.895887705327734651e-02
8.895701386441200176e-02
8.895475036033562155e-02
8.895229887016489756e-02
8.894989334167296979e-02
8.894776874778946574e-02
8.894613836331032031e-02
8.894517095810369756e-02
8.894497079841615084e-02
8.894556371770548364e-02
8.894689209728752488e-02
8.894882028941324126e-02
8.895115008257083178e-02
8.895364382516367241e-02
8.895605143392046332e-02
8.895813714563434449e-02
8.895970253680381135e-02
8.896060365757317567e-02
8.896076155784102268e-02
8.896016654939738200e-02
8.895887705327734651e-02
8.895701386441200176e-02
8.895475036033562155e-02
8.895229887015627945e-02
8.894989334167296979e-02
8.894776874781139264e-02
8.894613836330286794e-02
8.894517095810616780e-02
8.894497079841998111e-02
8.894556371770548364e-02
8.894689209728752488e-02
8.894882028941324126e-02
8.895115008258336342e-02
8.895364382516367241e-02
8.895605143392004699e-02
8.895813714564611285e-02
8.895970253680682283e-02
8.896060365758103050e-02
8.896076155784102268e-02
8.896016654939738200e-02
8.895887705327734651e-02
8.895701386442055048e-02
8.895475036033562155e-02
8.895229887016489756e-02
8.894989334165646910e-02
8.894776874781139264e-02
8.894613836330286794e-02
8.894517095810616780e-02
8.894497079841615084e-02
8.894556371767164960e-02
8.894689209728237622e-02
8.894882028941401841e-02
8.895115008257083178e-02
8.895364382515902335e-02
8.895605143391124847e-02
8.895813714563093055e-02
8.895970253680381135e-02
8.896060365757317567e-02
8.896076155784102268e-02
8.896016654939738200e-02
8.895887705327734651e-02
8.895701386441200176e-02
8.895475036033562155e-02
8.895229887015627945e-02
8.894989334165155637e-02
8.894776874779974918e-02
8.894613836330286794e-02
8.894517095810616780e-02
8.894497079841615084e-02
8.894556371770548364e-02
8.894689209728752488e-02
8.894882028941324126e-02
8.895115008258336342e-02
8.895364382515902335e-02
8.895605143391124847e-02
8.895813714563093055e-02
