9.515782502098814322e-02
9.494469344332803762e-02
9.417067098531609060e-02
9.300498624119062085e-02
9.160319733343527671e-02
9.008655130706286207e-02
8.854259909613519663e-02
8.703832803614169888e-02
8.563795871318831410e-02
8.441983620990808901e-02
8.348778736664237698e-02
8.297143829526218428e-02
8.300899294912142401e-02
8.370849058211402016e-02
8.509329143959054598e-02
8.705323196267837627e-02
8.933342045810270526e-02
9.158225581194602560e-02
9.344706056864209021e-02
9.467299204137095969e-02
9.515782502098191209e-02
9.494469344333861249e-02
9.417067098531194114e-02
9.300498624116076973e-02
9.160319733342904558e-02
9.008655130706225145e-02
8.854259909614732582e-02
8.703832803611323554e-02
8.563795871316180752e-02
8.441983620987407455e-02
8.348778736663460542e-02
8.297143829525926995e-02
8.300899294913881288e-02
8.370849058212846694e-02
8.509329143959101782e-02
8.705323196266369357e-02
8.933342045811007437e-02
9.158225581193368825e-02
9.344706056865875743e-02
9.467299204134839441e-02
9.515782502095072870e-02
9.494469344331148142e-02
9.417067098529313673e-02
9.300498624116140811e-02
9.160319733342055237e-02
9.008655130706774705e-02
8.854259909611078561e-02
8.703832803610059288e-02
8.563795871316717823e-02
8.441983620990262116e-02
8.348778736662136601e-02
8.297143829525099878e-02
8.300899294914025617e-02
8.370849058211704552e-02
8.509329143959627750e-02
8.705323196266039065e-02
8.933342045811464016e-02
9.158225581193905895e-02
9.344706056865766108e-02
9.467299204136098156e-02
9.515782502096772899e-02
9.494469344331341043e-02
9.417067098532455605e-02
9.300498624120308311e-02
9.160319733343086357e-02
9.008655130706376413e-02
8.854259909612774426e-02
8.703832803613732738e-02
8.563795871315195429e-02
8.441983620989450265e-02
8.348778736662705591e-02
8.297143829524226966e-02
8.300899294913605120e-02
8.370849058213895855e-02
8.509329143960674136e-02
8.705323196266447072e-02
8.933342045806652587e-02
9.158225581193048248e-02
9.344706056865373367e-02
9.467299204136364610e-02
9.515782502098517337e-02
9.494469344332624738e-02
9.417067098529656455e-02
9.300498624117306545e-02
9.160319733343647020e-02
9.008655130706200165e-02
8.854259909613972079e-02
8.703832803612936153e-02
8.563795871318216624e-02
8.441983620991884429e-02
8.348778736664580480e-02
8.297143829525299719e-02
8.300899294910853154e-02
8.370849058212009863e-02
8.509329143959612485e-02
8.705323196267675256e-02
8.933342045809940235e-02
9.158225581193384091e-02
9.344706056863263943e-02
9.467299204134317636e-02
