8.946926233674852569e-02
8.941049491153639506e-02
8.932404481081476777e-02
8.921974761608945925e-02
8.910366122105975450e-02
8.897941067201542431e-02
8.884982483108073981e-02
8.871862547640751995e-02
8.859213947982479131e-02
8.848088589292296691e-02
8.840044770631975968e-02
8.837037377606825339e-02
8.840951355035663040e-02
8.852738373567321795e-02
8.871479351347663633e-02
8.894082988638166154e-02
8.916166213092213688e-02
8.933750792366194904e-02
8.944636964747564034e-02
8.948645934184044914e-02
8.946926233678012541e-02
8.941049491152695816e-02
8.932404481083616732e-02
8.921974761611957405e-02
8.910366122106069819e-02
8.897941067194969911e-02
8.884982483108495865e-02
8.871862547637425489e-02
8.859213947982666482e-02
8.848088589295037554e-02
8.840044770631305671e-02
8.837037377612094735e-02
8.840951355038306758e-02
8.852738373566673702e-02
8.871479351344861708e-02
8.894082988636770049e-02
8.916166213094373072e-02
8.933750792362907256e-02
8.944636964743123142e-02
8.948645934189301820e-02
8.946926233676606721e-02
8.941049491156669027e-02
8.932404481085842729e-02
8.921974761622206151e-02
8.910366122106454234e-02
8.897941067193790299e-02
8.884982483108599949e-02
8.871862547630192386e-02
8.859213947976676828e-02
8.848088589293497119e-02
8.840044770623016468e-02
8.837037377616031864e-02
8.840951355033949133e-02
8.852738373566818031e-02
8.871479351344684072e-02
8.894082988633350562e-02
8.916166213094373072e-02
8.933750792358272075e-02
8.944636964736527029e-02
8.948645934189963791e-02
8.946926233668052453e-02
8.941049491163595431e-02
8.932404481080072345e-02
8.921974761621348504e-02
8.910366122106051778e-02
8.897941067195734577e-02
8.884982483104010564e-02
8.871862547632890228e-02
8.859213947976798953e-02
8.848088589297162243e-02
8.840044770625531123e-02
8.837037377617398826e-02
8.840951355032172776e-02
8.852738373570541441e-02
8.871479351346654718e-02
8.894082988633132680e-02
8.916166213090134796e-02
8.933750792358652326e-02
8.944636964737812113e-02
8.948645934187628159e-02
8.946926233673638262e-02
8.941049491161420781e-02
8.932404481080534475e-02
8.921974761618953198e-02
8.910366122105402298e-02
8.897941067194201081e-02
8.884982483103717743e-02
8.871862547638338647e-02
8.859213947986026294e-02
8.848088589293669204e-02
8.840044770632089766e-02
8.837037377614373468e-02
8.840951355033328796e-02
8.852738373565878505e-02
8.871479351344603581e-02
8.894082988631699105e-02
8.916166213089382619e-02
8.933750792364612836e-02
8.944636964743965524e-02
8.948645934187278439e-02
