1.210409782736890927e-01
1.226556029293441458e-01
1.202840713111241744e-01
1.152279349406121201e-01
1.087279836173106889e-01
1.016777353666823286e-01
9.457487256700668199e-02
8.761084440154082165e-02
8.081051939065522771e-02
7.417741053834067677e-02
6.783503082443288756e-02
6.216413827043711093e-02
5.791234101262846684e-02
5.619812644218493553e-02
5.827964287046966813e-02
6.500795269286589739e-02
7.613304350237337648e-02
8.994486716885825850e-02
1.036882897092150368e-01
1.146221602612499113e-01
1.210409782737313644e-01
1.226556029293792149e-01
1.202840713110868709e-01
1.152279349405827824e-01
1.087279836173036529e-01
1.016777353666643152e-01
9.457487256698371425e-02
8.761084440157670961e-02
8.081051939063993439e-02
7.417741053837523246e-02
6.783503082443376186e-02
6.216413827044330043e-02
5.791234101262039691e-02
5.619812644217102998e-02
5.827964287045754588e-02
6.500795269286502309e-02
7.613304350237473650e-02
8.994486716887654942e-02
1.036882897092191169e-01
1.146221602612756130e-01
1.210409782736970308e-01
1.226556029293650874e-01
1.202840713111012066e-01
1.152279349405653103e-01
1.087279836172805464e-01
1.016777353666776934e-01
9.457487256700501665e-02
8.761084440156428899e-02
8.081051939062919298e-02
7.417741053834742138e-02
6.783503082439919230e-02
6.216413827042569645e-02
5.791234101261336087e-02
5.619812644216569397e-02
5.827964287045396541e-02
6.500795269286496758e-02
7.613304350238787876e-02
8.994486716890183475e-02
1.036882897092529926e-01
1.146221602612645801e-01
1.210409782737069673e-01
1.226556029293888045e-01
1.202840713111166249e-01
1.152279349405517933e-01
1.087279836172865277e-01
1.016777353666788314e-01
9.457487256700977674e-02
8.761084440155118835e-02
8.081051939064805290e-02
7.417741053834134290e-02
6.783503082440839327e-02
6.216413827041820245e-02
5.791234101262521944e-02
5.619812644216781033e-02
5.827964287045615810e-02
6.500795269286221978e-02
7.613304350238654650e-02
8.994486716887288569e-02
1.036882897092464284e-01
1.146221602612769730e-01
1.210409782737362633e-01
1.226556029293593836e-01
1.202840713111116705e-01
1.152279349405276598e-01
1.087279836172687641e-01
1.016777353666673961e-01
9.457487256698661471e-02
8.761084440152354380e-02
8.081051939063071954e-02
7.417741053834810139e-02
6.783503082440880960e-02
6.216413827041689100e-02
5.791234101262072997e-02
5.619812644216063552e-02
5.827964287045334091e-02
6.500795269284261046e-02
7.613304350236679841e-02
8.994486716886727906e-02
1.036882897092127609e-01
1.146221602612720603e-01
