1.017006893994449740e-01
1.064109575945381136e-01
1.092070977505527896e-01
1.099039836455514008e-01
1.085688967578715969e-01
1.054616652051296177e-01
1.009623948955430395e-01
9.550960534885855058e-02
8.956075509548953872e-02
8.357561366676567738e-02
7.801417688795213301e-02
7.333598599001371621e-02
6.998694946631216218e-02
6.836339606680640058e-02
6.875153960343147186e-02
7.125295264664438522e-02
7.571920655875027939e-02
8.172486263749276225e-02
8.860130106414983164e-02
9.553398469180546249e-02
1.017006894272051709e-01
1.064109576210769958e-01
1.092070977753946681e-01
1.099039836682884214e-01
1.085688967782760528e-01
1.054616652231021162e-01
1.009623949111101843e-01
9.550960536216769603e-02
8.956075510675401419e-02
8.357561367626678561e-02
7.801417689596303051e-02
7.333598599682596142e-02
6.998694947220192308e-02
6.836339607203280322e-02
6.875153960821435428e-02
7.125295265116368681e-02
7.571920656313727016e-02
8.172486264182045324e-02
8.860130106844246733e-02
9.553398469604297560e-02
1.017006894313331050e-01
1.064109576250220762e-01
1.092070977790869091e-01
1.099039836716700774e-01
1.085688967813107503e-01
1.054616652257710924e-01
1.009623949134239584e-01
9.550960536414346280e-02
8.956075510842671783e-02
8.357561367770620364e-02
7.801417689718054271e-02
7.333598599786057826e-02
6.998694947309530567e-02
6.836339607282441999e-02
6.875153960893942706e-02
7.125295265184919402e-02
7.571920656380265457e-02
8.172486264247894039e-02
8.860130106907973535e-02
9.553398469667047366e-02
1.017006894319400223e-01
1.064109576256005857e-01
1.092070977796276571e-01
1.099039836721640573e-01
1.085688967817538958e-01
1.054616652261620297e-01
1.009623949137604532e-01
9.550960536442872073e-02
8.956075510866806644e-02
8.357561367788238216e-02
7.801417689732823013e-02
7.333598599798613060e-02
6.998694947320435733e-02
6.836339607292062082e-02
6.875153960902760653e-02
7.125295265193090644e-02
7.571920656388354820e-02
8.172486264255879318e-02
8.860130106917521453e-02
9.553398469676498139e-02
1.017006894320344607e-01
1.064109576256931922e-01
1.092070977797158365e-01
1.099039836722661700e-01
1.085688967818448508e-01
1.054616652262409526e-01
1.009623949138268584e-01
9.550960536448545313e-02
8.956075510871706891e-02
8.357561367794962004e-02
7.801417689738265882e-02
7.333598599803131668e-02
6.998694947324510252e-02
6.836339607295682796e-02
6.875153960906076056e-02
7.125295265196690542e-02
7.571920656391871451e-02
8.172486264259426481e-02
8.860130106919268667e-02
9.553398469678085758e-02
