8.957577592424052770e-02
8.947127565033036189e-02
8.937570733265215450e-02
8.928520823967929509e-02
8.919288287509934132e-02
8.909104591581787358e-02
8.897154151080403917e-02
8.882562792245735084e-02
8.864440816663568534e-02
8.842130826060605464e-02
8.815975057288805150e-02
8.789127973480684308e-02
8.770519600649669123e-02
8.775821757463164730e-02
8.817396260349237569e-02
8.883855942241948578e-02
8.942192345821632637e-02
8.971395114111155311e-02
8.975772965565295691e-02
8.968269141540294309e-02
8.957577592420161439e-02
8.947127565033556607e-02
8.937570733260426226e-02
8.928520823971013154e-02
8.919288287508790602e-02
8.909104591579743160e-02
8.897154151082083129e-02
8.882562792242783278e-02
8.864440816660558442e-02
8.842130826058176851e-02
8.815975057292999018e-02
8.789127973480814759e-02
8.770519600647433411e-02
8.775821757461657602e-02
8.817396260345831960e-02
8.883855942243359949e-02
8.942192345819689747e-02
8.971395114114394387e-02
8.975772965569044082e-02
8.968269141540460843e-02
8.957577592414431300e-02
8.947127565031998131e-02
8.937570733261955558e-02
8.928520823972448117e-02
8.919288287510802882e-02
8.909104591582878152e-02
8.897154151084589457e-02
8.882562792239666327e-02
8.864440816670554613e-02
8.842130826059634019e-02
8.815975057295147299e-02
8.789127973486707268e-02
8.770519600651258130e-02
8.775821757463043993e-02
8.817396260348593640e-02
8.883855942241367099e-02
8.942192345820133836e-02
8.971395114115227054e-02
8.975772965575568030e-02
8.968269141536826250e-02
8.957577592422090451e-02
8.947127565030679741e-02
8.937570733263894285e-02
8.928520823973723486e-02
8.919288287508389534e-02
8.909104591582613086e-02
8.897154151085609475e-02
8.882562792237265470e-02
8.864440816662255695e-02
8.842130826060953797e-02
8.815975057299434148e-02
8.789127973483983058e-02
8.770519600647250225e-02
8.775821757459877082e-02
8.817396260345287951e-02
8.883855942243169823e-02
8.942192345824070965e-02
8.971395114112953872e-02
8.975772965579040252e-02
8.968269141537424383e-02
8.957577592419560530e-02
8.947127565032174379e-02
8.937570733265684519e-02
8.928520823973325193e-02
8.919288287508456148e-02
8.909104591582882315e-02
8.897154151083540297e-02
8.882562792240591976e-02
8.864440816658956945e-02
8.842130826064198423e-02
8.815975057295956374e-02
8.789127973490405699e-02
8.770519600647315450e-02
8.775821757461473027e-02
8.817396260347638848e-02
8.883855942238955139e-02
8.942192345824470645e-02
8.971395114112096225e-02
8.975772965575465334e-02
8.968269141536312772e-02
