9.132105922084579608e-02
9.092635308000437955e-02
9.047253624347069423e-02
9.000734977022543937e-02
8.954690325486774904e-02
8.909020866970043806e-02
8.863013629172605823e-02
8.816146714865168155e-02
8.768854002727942409e-02
8.723457142820799370e-02
8.685261853017398059e-02
8.663321626371259243e-02
8.669572572913805675e-02
8.714615467115431613e-02
8.800115099473787561e-02
8.912382076510604045e-02
9.024648686807959508e-02
9.109626921142983946e-02
9.152918525821863993e-02
9.156493141294916316e-02
9.132105922085435867e-02
9.092635308003867156e-02
9.047253624332214639e-02
9.000734977021242200e-02
8.954690325487818514e-02
8.909020866970483732e-02
8.863013629170499175e-02
8.816146714881736846e-02
8.768854002726869656e-02
8.723457142815503607e-02
8.685261853027979873e-02
8.663321626373343687e-02
8.669572572911614372e-02
8.714615467113678848e-02
8.800115099472634317e-02
8.912382076510737272e-02
9.024648686809383369e-02
9.109626921145574929e-02
9.152918525822768825e-02
9.156493141296316585e-02
9.132105922092650929e-02
9.092635307990994120e-02
9.047253624328374655e-02
9.000734977020097283e-02
8.954690325488474933e-02
8.909020866968356267e-02
8.863013629166566210e-02
8.816146714878744794e-02
8.768854002722960284e-02
8.723457142811141818e-02
8.685261853028020118e-02
8.663321626370820705e-02
8.669572572912689901e-02
8.714615467115656433e-02
8.800115099473787561e-02
8.912382076510604045e-02
9.024648686805185338e-02
9.109626921139293843e-02
9.152918525818358464e-02
9.156493141288425675e-02
9.132105922082502103e-02
9.092635307995262928e-02
9.047253624363914282e-02
9.000734977025429129e-02
8.954690325490038960e-02
8.909020866975470021e-02
8.863013629179937458e-02
8.816146714858130728e-02
8.768854002703765915e-02
8.723457142832355404e-02
8.685261853017621492e-02
8.663321626350581339e-02
8.669572572910157204e-02
8.714615467122499570e-02
8.800115099474870028e-02
8.912382076502961548e-02
9.024648686811773124e-02
9.109626921123224752e-02
9.152918525800360361e-02
9.156493141312263551e-02
9.132105922060801406e-02
9.092635307967739111e-02
9.047253624356299539e-02
9.000734977040592000e-02
8.954690325492696557e-02
8.909020866925036752e-02
8.863013629171020979e-02
8.816146714878959900e-02
8.768854002714837614e-02
8.723457142804259823e-02
8.685261853033961199e-02
8.663321626373315931e-02
8.669572572889107376e-02
8.714615467124313397e-02
8.800115099476168989e-02
8.912382076494973493e-02
9.024648686822521471e-02
9.109626921140061284e-02
9.152918525821357454e-02
9.156493141292214311e-02
