8.962886595183554295e-02
8.954590959574904030e-02
8.945866858904204244e-02
8.937039243006716926e-02
8.927925249204247959e-02
8.918132019922904441e-02
8.907206820874015440e-02
8.894744113608524239e-02
8.880543826615451553e-02
8.864922411754501408e-02
8.849271934083997870e-02
8.836809922940634665e-02
8.832910193282483835e-02
8.843507979922744788e-02
8.870498276498178791e-02
8.907295418131030984e-02
8.941339893469871236e-02
8.963041468274818291e-02
8.971018451886868250e-02
8.969385075131353080e-02
8.962886595169280990e-02
8.954590959559487195e-02
8.945866858892437268e-02
8.937039242996977495e-02
8.927925249202808833e-02
8.918132019903769747e-02
8.907206820882648812e-02
8.894744113558968046e-02
8.880543826627677884e-02
8.864922411739510621e-02
8.849271934102173609e-02
8.836809922954803886e-02
8.832910193222692774e-02
8.843507979923252715e-02
8.870498276497365553e-02
8.907295418124507036e-02
8.941339893461054678e-02
8.963041468263345524e-02
8.971018451867360244e-02
8.969385075120167583e-02
8.962886595155496183e-02
8.954590959579253329e-02
8.945866858883366746e-02
8.937039242991311194e-02
8.927925249202502134e-02
8.918132019839315749e-02
8.907206820863959595e-02
8.894744113543184838e-02
8.880543826645975747e-02
8.864922411694488302e-02
8.849271934049345034e-02
8.836809922965406516e-02
8.832910193236084839e-02
8.843507979894109361e-02
8.870498276495682177e-02
8.907295418116116525e-02
8.941339893450102327e-02
8.963041468280187607e-02
8.971018451847509456e-02
8.969385075101220239e-02
8.962886595165005243e-02
8.954590959599025013e-02
8.945866858907042252e-02
8.937039243022935897e-02
8.927925249203938485e-02
8.918132019839257463e-02
8.907206820872756725e-02
8.894744113543949504e-02
8.880543826599748836e-02
8.864922411705758454e-02
8.849271934067204359e-02
8.836809922979582677e-02
8.832910193244158936e-02
8.843507979903081351e-02
8.870498276496155410e-02
8.907295418111442487e-02
8.941339893444119613e-02
8.963041468333089734e-02
8.971018451845173824e-02
8.969385075120323014e-02
8.962886595156784042e-02
8.954590959618465018e-02
8.945866858896710239e-02
8.937039243020609980e-02
8.927925249202359193e-02
8.918132019843330593e-02
8.907206820849081219e-02
8.894744113559756304e-02
8.880543826580473976e-02
8.864922411718863249e-02
8.849271934054907252e-02
8.836809922992168442e-02
8.832910193251873598e-02
8.843507979907400118e-02
8.870498276497187917e-02
8.907295418141460142e-02
8.941339893432867503e-02
8.963041468317092808e-02
8.971018451822422579e-02
8.969385075137729924e-02
