8.938664737795720683e-02
8.933673327618577020e-02
8.927624521110850975e-02
8.920886311109905986e-02
8.913424619695824169e-02
8.905017126498897262e-02
8.895380312722732385e-02
8.884273428966238395e-02
8.871644813594908863e-02
8.857890236178257715e-02
8.844276518886783067e-02
8.833454735819587511e-02
8.829591173500177248e-02
8.837079618384278967e-02
8.857232125530248301e-02
8.885283798789544996e-02
8.912239099909483042e-02
8.930992887211765263e-02
8.939964935898125908e-02
8.941491745566879090e-02
8.938664737794860260e-02
8.933673327616784010e-02
8.927624521104232658e-02
8.920886311109327282e-02
8.913424619694690354e-02
8.905017126503229907e-02
8.895380312732252548e-02
8.884273428965692998e-02
8.871644813593332346e-02
8.857890236181760468e-02
8.844276518885862970e-02
8.833454735817805603e-02
8.829591173500311863e-02
8.837079618380688784e-02
8.857232125530996314e-02
8.885283798787817211e-02
8.912239099908216000e-02
8.930992887217668874e-02
8.939964935888065900e-02
8.941491745567158034e-02
8.938664737796518656e-02
8.933673327617006055e-02
8.927624521113715350e-02
8.920886311109620104e-02
8.913424619695824169e-02
8.905017126497881408e-02
8.895380312731020200e-02
8.884273428961768360e-02
8.871644813593243528e-02
8.857890236179698229e-02
8.844276518883727178e-02
8.833454735819842862e-02
8.829591173500300760e-02
8.837079618377800816e-02
8.857232125531887268e-02
8.885283798790172272e-02
8.912239099906338335e-02
8.930992887212041431e-02
8.939964935890223896e-02
8.941491745563055760e-02
8.938664737788108716e-02
8.933673327618524285e-02
8.927624521117279166e-02
8.920886311107607824e-02
8.913424619695027584e-02
8.905017126496082847e-02
8.895380312727894923e-02
8.884273428958319729e-02
8.871644813596127332e-02
8.857890236179884191e-02
8.844276518889170047e-02
8.833454735814341707e-02
8.829591173502063239e-02
8.837079618381281365e-02
8.857232125529380939e-02
8.885283798789972431e-02
8.912239099908236817e-02
8.930992887212882425e-02
8.939964935889255226e-02
8.941491745568282135e-02
8.938664737790986969e-02
8.933673327617901172e-02
8.927624521118456002e-02
8.920886311108025546e-02
8.913424619696146134e-02
8.905017126492488500e-02
8.895380312724357474e-02
8.884273428956693253e-02
8.871644813593751455e-02
8.857890236184118304e-02
8.844276518885363370e-02
8.833454735816058390e-02
8.829591173501356860e-02
8.837079618379786727e-02
8.857232125530764555e-02
8.885283798788506937e-02
8.912239099905513995e-02
8.930992887209941722e-02
8.939964935886095254e-02
8.941491745568784510e-02
