8.901369010882716204e-02
8.901964887083925471e-02
8.901973414042158028e-02
8.901427784606188998e-02
8.900376313247872206e-02
8.898882082533499105e-02
8.897029135164361002e-02
8.894932016900104765e-02
8.892744973472642422e-02
8.890665795068701527e-02
8.888927697266295336e-02
8.887772649983101403e-02
8.887404233300809364e-02
8.887929176757071448e-02
8.889310290638094414e-02
8.891358090908980938e-02
8.893773549350669771e-02
8.896225595004556008e-02
8.898426917487338439e-02
8.900177455968071027e-02
8.901369010883414257e-02
8.901964887084851119e-02
8.901973414041816635e-02
8.901427784606188998e-02
8.900376313247872206e-02
8.898882082533210447e-02
8.897029135166299729e-02
8.894932016899383120e-02
8.892744973469765557e-02
8.890665795068883326e-02
8.888927697266060801e-02
8.887772649985307971e-02
8.887404233299739387e-02
8.887929176761898142e-02
8.889310290638118006e-02
8.891358090905125688e-02
8.893773549351971508e-02
8.896225595002794917e-02
8.898426917489410393e-02
8.900177455967597795e-02
8.901369010882716204e-02
8.901964887083925471e-02
8.901973414041063071e-02
8.901427784606351368e-02
8.900376313248642424e-02
8.898882082531384130e-02
8.897029135165580860e-02
8.894932016900244931e-02
8.892744973468488801e-02
8.890665795069516153e-02
8.888927697266060801e-02
8.887772649983101403e-02
8.887404233301103573e-02
8.887929176761195926e-02
8.889310290635693557e-02
8.891358090908980938e-02
8.893773549351528807e-02
8.896225595004811360e-02
8.898426917487338439e-02
8.900177455969007778e-02
8.901369010884316313e-02
8.901964887083549383e-02
8.901973414041056132e-02
8.901427784606188998e-02
8.900376313247872206e-02
8.898882082531384130e-02
8.897029135166299729e-02
8.894932016899383120e-02
8.892744973471812531e-02
8.890665795069147004e-02
8.888927697266432726e-02
8.887772649985307971e-02
8.887404233301364476e-02
8.887929176758134486e-02
8.889310290638094414e-02
8.891358090908485501e-02
8.893773549351968732e-02
8.896225595004202125e-02
8.898426917487962939e-02
8.900177455969514317e-02
8.901369010882716204e-02
8.901964887083925471e-02
8.901973414041063071e-02
8.901427784606950888e-02
8.900376313248642424e-02
8.898882082531384130e-02
8.897029135165580860e-02
8.894932016900244931e-02
8.892744973472642422e-02
8.890665795068945776e-02
8.888927697266060801e-02
8.887772649983101403e-02
8.887404233300809364e-02
8.887929176757071448e-02
8.889310290638094414e-02
8.891358090908980938e-02
8.893773549351528807e-02
8.896225595002391073e-02
8.898426917487597954e-02
8.900177455969406071e-02
