1.940351217527660488e+00;4.505168229098054089e-02
1.950004706172076663e+00;4.519341264798793639e-02
1.959658194816492838e+00;4.531712772656911609e-02
1.969311683460909013e+00;4.541071743285841206e-02
1.978965172105325188e+00;4.546502055432671829e-02
1.988618660749741363e+00;4.547472152309266907e-02
1.998272149394157537e+00;4.543887074074275112e-02
2.007925638038573712e+00;4.536097753164049229e-02
2.017579126682989887e+00;4.524866662580662169e-02
2.027232615327406062e+00;4.511293179722036806e-02
2.036886103971822237e+00;4.496705971662409013e-02
2.046539592616238412e+00;4.482532935961640319e-02
2.056193081260654587e+00;4.470161428103547330e-02
2.065846569905070762e+00;4.460802457474605243e-02
2.075500058549486937e+00;4.455372145327764211e-02
2.085153547193903112e+00;4.454402048451154561e-02
2.094807035838319287e+00;4.457987126686151907e-02
2.104460524482735462e+00;4.465776447596385423e-02
2.114114013127151637e+00;4.477007538179758606e-02
2.123767501771567812e+00;4.490581021038393683e-02
2.133420990415983987e+00;4.505168229098038130e-02
2.143074479060400162e+00;4.519341264798797109e-02
2.152727967704816336e+00;4.531712772656914384e-02
2.162381456349232511e+00;4.541071743285841206e-02
2.172034944993648686e+00;4.546502055432690564e-02
2.181688433638064861e+00;4.547472152309284255e-02
2.191341922282481036e+00;4.543887074074286214e-02
2.200995410926897211e+00;4.536097753164056168e-02
2.210648899571313386e+00;4.524866662580667720e-02
2.220302388215729561e+00;4.511293179722043745e-02
2.229955876860145736e+00;4.496705971662397217e-02
2.239609365504561911e+00;4.482532935961641013e-02
2.249262854148978086e+00;4.470161428103552187e-02
2.258916342793394261e+00;4.460802457474596222e-02
2.268569831437810436e+00;4.455372145327755190e-02
2.278223320082226611e+00;4.454402048451145540e-02
2.287876808726642786e+00;4.457987126686142887e-02
2.297530297371058960e+00;4.465776447596361831e-02
2.307183786015475135e+00;4.477007538179761381e-02
2.316837274659891310e+00;4.490581021038391601e-02
2.326490763304307485e+00;4.505168229098054089e-02
2.336144251948723660e+00;4.519341264798800578e-02
2.345797740593139835e+00;4.531712772656914384e-02
2.355451229237556010e+00;4.541071743285848838e-02
2.365104717881972185e+00;4.546502055432669748e-02
2.374758206526388360e+00;4.547472152309266213e-02
2.384411695170804535e+00;4.543887074074274418e-02
2.394065183815220710e+00;4.536097753164049923e-02
2.403718672459636885e+00;4.524866662580666332e-02
2.413372161104053060e+00;4.511293179722038194e-02
2.423025649748469235e+00;4.496705971662391665e-02
2.432679138392885410e+00;4.482532935961636850e-02
2.442332627037301584e+00;4.470161428103550799e-02
2.451986115681717759e+00;4.460802457474596222e-02
2.461639604326133934e+00;4.455372145327755190e-02
2.471293092970550109e+00;4.454402048451145540e-02
2.480946581614966284e+00;4.457987126686140805e-02
2.490600070259382459e+00;4.465776447596361137e-02
2.500253558903798634e+00;4.477007538179758606e-02
2.509907047548214809e+00;4.490581021038392295e-02
2.519560536192630984e+00;4.505168229098046456e-02
2.529214024837047159e+00;4.519341264798813068e-02
2.538867513481463334e+00;4.531712772656928262e-02
2.548521002125879509e+00;4.541071743285854390e-02
2.558174490770295684e+00;4.546502055432670442e-02
2.567827979414711859e+00;4.547472152309262050e-02
2.577481468059128034e+00;4.543887074074274418e-02
2.587134956703544209e+00;4.536097753164048535e-02
2.596788445347960383e+00;4.524866662580669802e-02
2.606441933992376558e+00;4.511293179722042357e-02
2.616095422636792733e+00;4.496705971662374318e-02
2.625748911281208908e+00;4.482532935961643095e-02
2.635402399925625083e+00;4.470161428103542473e-02
2.645055888570041258e+00;4.460802457474595528e-02
2.654709377214457433e+00;4.455372145327753802e-02
2.664362865858873608e+00;4.454402048451145540e-02
2.674016354503289783e+00;4.457987126686147050e-02
2.683669843147705958e+00;4.465776447596347953e-02
2.693323331792122133e+00;4.477007538179743340e-02
2.702976820436538308e+00;4.490581021038386050e-02
2.712630309080954483e+00;4.505168229098038823e-02
2.722283797725370658e+00;4.519341264798800578e-02
2.731937286369786833e+00;4.531712772656912303e-02
2.741590775014203007e+00;4.541071743285841206e-02
2.751244263658619182e+00;4.546502055432687095e-02
2.760897752303035357e+00;4.547472152309273152e-02
2.770551240947451532e+00;4.543887074074285520e-02
2.780204729591867707e+00;4.536097753164059637e-02
2.789858218236283882e+00;4.524866662580658699e-02
2.799511706880700057e+00;4.511293179722034030e-02
2.809165195525116232e+00;4.496705971662395135e-02
2.818818684169532407e+00;4.482532935961641707e-02
2.828472172813948582e+00;4.470161428103543860e-02
2.838125661458364757e+00;4.460802457474595528e-02
2.847779150102780932e+00;4.455372145327753802e-02
2.857432638747197107e+00;4.454402048451148316e-02
2.867086127391613282e+00;4.457987126686156071e-02
2.876739616036029457e+00;4.465776447596360443e-02
2.886393104680445632e+00;4.477007538179756524e-02
2.896046593324861806e+00;4.490581021038386050e-02
2.905700081969277981e+00;4.505168229098042987e-02
2.915353570613694156e+00;4.519341264798795027e-02
2.925007059258110331e+00;4.531712772656897037e-02
2.934660547902526506e+00;4.541071743285837736e-02
2.944314036546942681e+00;4.546502055432688483e-02
2.953967525191358856e+00;4.547472152309275928e-02
2.963621013835775031e+00;4.543887074074282745e-02
2.973274502480191206e+00;4.536097753164060331e-02
2.982927991124607381e+00;4.524866662580660087e-02
2.992581479769023556e+00;4.511293179722046520e-02
3.002234968413439731e+00;4.496705971662386808e-02
3.011888457057855906e+00;4.482532935961627135e-02
3.021541945702272081e+00;4.470161428103540391e-02
3.031195434346688256e+00;4.460802457474590671e-02
3.040848922991104430e+00;4.455372145327756578e-02
3.050502411635520605e+00;4.454402048451148316e-02
3.060155900279936780e+00;4.457987126686152601e-02
3.069809388924352955e+00;4.465776447596356974e-02
3.079462877568769130e+00;4.477007538179757912e-02
3.089116366213185305e+00;4.490581021038383275e-02
3.098769854857601480e+00;4.505168229098041599e-02
3.108423343502017655e+00;4.519341264798786700e-02
3.118076832146433830e+00;4.531712772656903282e-02
3.127730320790850005e+00;4.541071743285835655e-02
3.137383809435266180e+00;4.546502055432689871e-02
3.147037298079682355e+00;4.547472152309289112e-02
3.156690786724098530e+00;4.543887074074296623e-02
3.166344275368514705e+00;4.536097753164059637e-02
3.175997764012930880e+00;4.524866662580678822e-02
3.185651252657347055e+00;4.511293179722028479e-02
3.195304741301763229e+00;4.496705971662384727e-02
3.204958229946179404e+00;4.482532935961628523e-02
3.214611718590595579e+00;4.470161428103534146e-02
3.224265207235011754e+00;4.460802457474583732e-02
3.233918695879427929e+00;4.455372145327746863e-02
3.243572184523844104e+00;4.454402048451136520e-02
3.253225673168260279e+00;4.457987126686159540e-02
3.262879161812676454e+00;4.465776447596378484e-02
3.272532650457092629e+00;4.477007538179759993e-02
3.282186139101508804e+00;4.490581021038385356e-02
3.291839627745924979e+00;4.505168229098048538e-02
3.301493116390341154e+00;4.519341264798785313e-02
3.311146605034757329e+00;4.531712772656901200e-02
3.320800093679173504e+00;4.541071743285839124e-02
3.330453582323589679e+00;4.546502055432687789e-02
3.340107070968005853e+00;4.547472152309288418e-02
3.349760559612422028e+00;4.543887074074302174e-02
3.359414048256838203e+00;4.536097753164055474e-02
3.369067536901254378e+00;4.524866662580679516e-02
3.378721025545670553e+00;4.511293179722049990e-02
3.388374514190086728e+00;4.496705971662399298e-02
3.398028002834502903e+00;4.482532935961649340e-02
3.407681491478919078e+00;4.470161428103539003e-02
3.417334980123335253e+00;4.460802457474594140e-02
3.426988468767751428e+00;4.455372145327748251e-02
3.436641957412167603e+00;4.454402048451145540e-02
3.446295446056583778e+00;4.457987126686144969e-02
3.455948934700999953e+00;4.465776447596368770e-02
3.465602423345416128e+00;4.477007538179746116e-02
3.475255911989832303e+00;4.490581021038380499e-02
3.484909400634248478e+00;4.505168229098038130e-02
3.494562889278664652e+00;4.519341264798770047e-02
3.504216377923080827e+00;4.531712772656880384e-02
3.513869866567497002e+00;4.541071743285828716e-02
3.523523355211913177e+00;4.546502055432681544e-02
3.533176843856329352e+00;4.547472152309282173e-02
3.542830332500745527e+00;4.543887074074308419e-02
3.552483821145161702e+00;4.536097753164065188e-02
3.562137309789577877e+00;4.524866662580684373e-02
3.571790798433994052e+00;4.511293179722055541e-02
3.581444287078410227e+00;4.496705971662405543e-02
3.591097775722826402e+00;4.482532935961637544e-02
3.600751264367242577e+00;4.470161428103532758e-02
3.610404753011658752e+00;4.460802457474590671e-02
3.620058241656074927e+00;4.455372145327753108e-02
3.629711730300491102e+00;4.454402048451137214e-02
3.639365218944907276e+00;4.457987126686137336e-02
3.649018707589323451e+00;4.465776447596352811e-02
3.658672196233739626e+00;4.477007538179738483e-02
3.668325684878155801e+00;4.490581021038368703e-02
3.677979173522571976e+00;4.505168229098038823e-02
3.687632662166988151e+00;4.519341264798804741e-02
3.697286150811404326e+00;4.531712772656904670e-02
3.706939639455820501e+00;4.541071743285841206e-02
3.716593128100236676e+00;4.546502055432688483e-02
3.726246616744652851e+00;4.547472152309290500e-02
3.735900105389069026e+00;4.543887074074304255e-02
3.745553594033485201e+00;4.536097753164062413e-02
3.755207082677901376e+00;4.524866662580694088e-02
3.764860571322317551e+00;4.511293179722065255e-02
3.774514059966733726e+00;4.496705971662409707e-02
3.784167548611149900e+00;4.482532935961645870e-02
3.793821037255566075e+00;4.470161428103538309e-02
3.803474525899982250e+00;4.460802457474574018e-02
3.813128014544398425e+00;4.455372145327742700e-02
3.822781503188814600e+00;4.454402048451130969e-02
3.832434991833230775e+00;4.457987126686129009e-02
3.842088480477646950e+00;4.465776447596376403e-02
3.851741969122063125e+00;4.477007538179744728e-02
3.861395457766479300e+00;4.490581021038379805e-02
