1.940351217527660488e+00;4.339603954264156099e-02
1.950004706172076663e+00;4.339924888579435591e-02
1.959658194816492838e+00;4.340363027584461658e-02
1.969311683460909013e+00;4.340875177925103412e-02
1.978965172105325188e+00;4.341411013189254431e-02
1.988618660749741363e+00;4.341917982493383871e-02
1.998272149394157537e+00;4.342346401226492014e-02
2.007925638038573712e+00;4.342654245957049824e-02
2.017579126682989887e+00;4.342811210204625821e-02
2.027232615327406062e+00;4.342801646021640649e-02
2.036886103971822237e+00;4.342626112998926313e-02
2.046539592616238412e+00;4.342301376583091593e-02
2.056193081260654587e+00;4.341858835731619848e-02
2.065846569905070762e+00;4.341341507604824096e-02
2.075500058549486937e+00;4.340799842134789033e-02
2.085153547193903112e+00;4.340286766334053303e-02
2.094807035838319287e+00;4.339852449961368458e-02
2.104460524482735462e+00;4.339539325376803175e-02
2.114114013127151637e+00;4.339377875632698806e-02
2.123767501771567812e+00;4.339383625488722057e-02
2.133420990415983987e+00;4.339555639478489407e-02
2.143074479060400162e+00;4.339876667155685014e-02
2.152727967704816336e+00;4.340314900657735175e-02
2.162381456349232511e+00;4.340827146144532467e-02
2.172034944993648686e+00;4.341363076641440583e-02
2.181688433638064861e+00;4.341870140680729323e-02
2.191341922282481036e+00;4.342298653102243805e-02
2.200995410926897211e+00;4.342606590013160794e-02
2.210648899571313386e+00;4.342763644603704620e-02
2.220302388215729561e+00;4.342754168760402933e-02
2.229955876860145736e+00;4.342578722087407639e-02
2.239609365504561911e+00;4.342254070222494738e-02
2.249262854148978086e+00;4.341811612473694959e-02
2.258916342793394261e+00;4.341294366477030375e-02
2.268569831437810436e+00;4.340752782718757669e-02
2.278223320082226611e+00;4.340239788789573144e-02
2.287876808726642786e+00;4.339805554993130671e-02
2.297530297371058960e+00;4.339492514147341024e-02
2.307183786015475135e+00;4.339331149630258622e-02
2.316837274659891310e+00;4.339336986363737797e-02
2.326490763304307485e+00;4.339509088864793029e-02
2.336144251948723660e+00;4.339830206494843523e-02
2.345797740593139835e+00;4.340268531043427885e-02
2.355451229237556010e+00;4.340780868202234050e-02
2.365104717881972185e+00;4.341316890454533645e-02
2.374758206526388360e+00;4.341824045769770296e-02
2.384411695170804535e+00;4.342252648458711645e-02
2.394065183815220710e+00;4.342560674184117037e-02
2.403718672459636885e+00;4.342717815818859795e-02
2.413372161104053060e+00;4.342708425089608637e-02
2.423025649748469235e+00;4.342533061613320505e-02
2.432679138392885410e+00;4.342208491212028176e-02
2.442332627037301584e+00;4.341766113531487364e-02
2.451986115681717759e+00;4.341248946666038944e-02
2.461639604326133934e+00;4.340707441635935360e-02
2.471293092970550109e+00;4.340194526588860707e-02
2.480946581614966284e+00;4.339760372353453771e-02
2.490600070259382459e+00;4.339447412188755099e-02
2.500253558903798634e+00;4.339286129786713853e-02
2.509907047548214809e+00;4.339292050225394132e-02
2.519560536192630984e+00;4.339464238005846797e-02
2.529214024837047159e+00;4.339785442304199686e-02
2.538867513481463334e+00;4.340223854574815771e-02
2.548521002125879509e+00;4.340736280058271612e-02
2.558174490770295684e+00;4.341272390715593399e-02
2.567827979414711859e+00;4.341779633973943259e-02
2.577481468059128034e+00;4.342208323634311196e-02
2.587134956703544209e+00;4.342516434931185942e-02
2.596788445347960383e+00;4.342673660431772831e-02
2.606441933992376558e+00;4.342664351708684645e-02
2.616095422636792733e+00;4.342489068391280210e-02
2.625748911281208908e+00;4.342164576479025373e-02
2.635402399925625083e+00;4.341722275943139808e-02
2.645055888570041258e+00;4.341205185319516741e-02
2.654709377214457433e+00;4.340663756142857516e-02
2.664362865858873608e+00;4.340150917097564814e-02
2.674016354503289783e+00;4.339716839518086011e-02
2.683669843147705958e+00;4.339403957088496661e-02
2.693323331792122133e+00;4.339242753803157493e-02
2.702976820436538308e+00;4.339248754890602522e-02
2.712630309080954483e+00;4.339421024836555979e-02
2.722283797725370658e+00;4.339742312638593391e-02
2.731937286369786833e+00;4.340180809428159647e-02
2.741590775014203007e+00;4.340693320011205364e-02
2.751244263658619182e+00;4.341229515845523856e-02
2.760897752303035357e+00;4.341736843835777848e-02
2.770551240947451532e+00;4.342165617291871005e-02
2.780204729591867707e+00;4.342473811035679060e-02
2.789858218236283882e+00;4.342631117339816604e-02
2.799511706880700057e+00;4.342621887628506094e-02
2.809165195525116232e+00;4.342446681543012110e-02
2.818818684169532407e+00;4.342122265253853253e-02
2.828472172813948582e+00;4.341680039045722750e-02
2.838125661458364757e+00;4.341163021880013045e-02
2.847779150102780932e+00;4.340621665787105371e-02
2.857432638747197107e+00;4.340108899968441597e-02
2.867086127391613282e+00;4.339674896245884761e-02
2.876739616036029457e+00;4.339362088712959975e-02
2.886393104680445632e+00;4.339200961655438615e-02
2.896046593324861806e+00;4.339207040446833863e-02
2.905700081969277981e+00;4.339379389558072758e-02
2.915353570613694156e+00;4.339700757814730914e-02
2.925007059258110331e+00;4.340139336037111828e-02
2.934660547902526506e+00;4.340651928612385135e-02
2.944314036546942681e+00;4.341188206513533349e-02
2.953967525191358856e+00;4.341695616141814235e-02
2.963621013835775031e+00;4.342124470333885711e-02
2.973274502480191206e+00;4.342432743514137994e-02
2.982927991124607381e+00;4.342590127671357852e-02
2.992581479769023556e+00;4.342580974086813345e-02
3.002234968413439731e+00;4.342405842413216144e-02
3.011888457057855906e+00;4.342081498985840560e-02
3.021541945702272081e+00;4.341639344391481220e-02
3.031195434346688256e+00;4.341122398001427685e-02
3.040848922991104430e+00;4.340581112323680518e-02
3.050502411635520605e+00;4.340068417057859479e-02
3.060155900279936780e+00;4.339634484495361738e-02
3.069809388924352955e+00;4.339321749124327304e-02
3.079462877568769130e+00;4.339160695511234261e-02
3.089116366213185305e+00;4.339166849169300705e-02
3.098769854857601480e+00;4.339339274555196330e-02
3.108423343502017655e+00;4.339660720328752941e-02
3.118076832146433830e+00;4.340099377010502718e-02
3.127730320790850005e+00;4.340612048584140820e-02
3.137383809435266180e+00;4.341148405555534523e-02
3.147037298079682355e+00;4.341655893840917074e-02
3.156690786724098530e+00;4.342084825821009020e-02
3.166344275368514705e+00;4.342393175537147959e-02
3.175997764012930880e+00;4.342550634704728241e-02
3.185651252657347055e+00;4.342541554467230225e-02
3.195304741301763229e+00;4.342366494488417161e-02
3.204958229946179404e+00;4.342042221262319007e-02
3.214611718590595579e+00;4.341600135666806581e-02
3.224265207235011754e+00;4.341083257468100753e-02
3.233918695879427929e+00;4.340542039634342347e-02
3.243572184523844104e+00;4.340029412345193516e-02
3.253225673168260279e+00;4.339595548344468701e-02
3.262879161812676454e+00;4.339282882500389987e-02
3.272532650457092629e+00;4.339121899649958647e-02
3.282186139101508804e+00;4.339128125440980949e-02
3.291839627745924979e+00;4.339300624316400762e-02
3.301493116390341154e+00;4.339622144776386636e-02
3.311146605034757329e+00;4.340060877052626109e-02
3.320800093679173504e+00;4.340573624740047542e-02
3.330453582323589679e+00;4.341110057894480290e-02
3.340107070968005853e+00;4.341617621964849461e-02
3.349760559612422028e+00;4.342046628892560350e-02
3.359414048256838203e+00;4.342355052349937405e-02
3.369067536901254378e+00;4.342512583788923214e-02
3.378721025545670553e+00;4.342503574220250157e-02
3.388374514190086728e+00;4.342328583318362523e-02
3.398028002834502903e+00;4.342004377730239451e-02
3.407681491478919078e+00;4.341562358614160788e-02
3.417334980123335253e+00;4.341045546116872877e-02
3.426988468767751428e+00;4.340504393649852882e-02
3.436641957412167603e+00;4.339991831855265908e-02
3.446295446056583778e+00;4.339558033912794405e-02
3.455948934700999953e+00;4.339245435056964667e-02
3.465602423345416128e+00;4.339084520385358412e-02
3.475255911989832303e+00;4.339090815675499674e-02
3.484909400634248478e+00;4.339263385357049196e-02
3.494562889278664652e+00;4.339584977776361763e-02
3.504216377923080827e+00;4.340023782886828080e-02
3.513869866567497002e+00;4.340536603908845548e-02
3.523523355211913177e+00;4.341073110464560569e-02
3.533176843856329352e+00;4.341580747552690328e-02
3.542830332500745527e+00;4.342009826691384244e-02
3.552483821145161702e+00;4.342318321197419922e-02
3.562137309789577877e+00;4.342475922268901334e-02
3.571790798433994052e+00;4.342466980788645126e-02
3.581444287078410227e+00;4.342292056441396375e-02
3.591097775722826402e+00;4.341967916021480939e-02
3.600751264367242577e+00;4.341525960957347968e-02
3.610404753011658752e+00;4.341009211762420633e-02
3.620058241656074927e+00;4.340468122275328855e-02
3.629711730300491102e+00;4.339955623583801464e-02
3.639365218944907276e+00;4.339521889287546730e-02
3.649018707589323451e+00;4.339209354973955907e-02
3.658672196233739626e+00;4.339048505991671689e-02
3.668325684878155801e+00;4.339054868243201468e-02
3.677979173522571976e+00;4.339227506145473118e-02
3.687632662166988151e+00;4.339549167896594728e-02
3.697286150811404326e+00;4.339988043181802757e-02
3.706939639455820501e+00;4.340500934860645060e-02
3.716593128100236676e+00;4.341037512137489729e-02
3.726246616744652851e+00;4.341545219577187809e-02
3.735900105389069026e+00;4.341974368290150293e-02
3.745553594033485201e+00;4.342282931250553146e-02
3.755207082677901376e+00;4.342440599411934860e-02
3.764860571322317551e+00;4.342431723533937693e-02
3.774514059966733726e+00;4.342256863311122483e-02
3.784167548611149900e+00;4.341932785679886858e-02
3.793821037255566075e+00;4.341490892328931511e-02
3.803474525899982250e+00;4.340974204124943558e-02
3.813128014544398425e+00;4.340433175318123699e-02
3.822781503188814600e+00;4.339920737425533720e-02
3.832434991833230775e+00;4.339487064451508919e-02
3.842088480477646950e+00;4.339174592323437329e-02
3.851741969122063125e+00;4.339013806631921571e-02
3.861395457766479300e+00;4.339020233399797782e-02
