1.005000000000000142e+02;4.279932320808976787e-02
1.010000000000000142e+02;4.300034921707011903e-02
1.015000000000000142e+02;4.323796822505856369e-02
1.020000000000000142e+02;4.348856985448851936e-02
1.025000000000000142e+02;4.372774196940591718e-02
1.030000000000000142e+02;4.393261043436504781e-02
1.035000000000000142e+02;4.408387236914735469e-02
1.040000000000000142e+02;4.416740281252290456e-02
1.045000000000000142e+02;4.417538224740411718e-02
1.050000000000000142e+02;4.410692781383354633e-02
1.055000000000000142e+02;4.396821592081245206e-02
1.060000000000000142e+02;4.377207259203064194e-02
1.065000000000000142e+02;4.353700156534218157e-02
1.070000000000000142e+02;4.328564000190061878e-02
1.075000000000000142e+02;4.304269015831680562e-02
1.080000000000000142e+02;4.283246901610648916e-02
1.085000000000000142e+02;4.267632407138735595e-02
1.090000000000000142e+02;4.259024559318904529e-02
1.095000000000000142e+02;4.258302638723487910e-02
1.100000000000000142e+02;4.265525878365623857e-02
1.105000000000000142e+02;4.279932320229588166e-02
1.110000000000000142e+02;4.300034921180516390e-02
1.115000000000000142e+02;4.323796822028112136e-02
1.120000000000000142e+02;4.348856985015391724e-02
1.125000000000000142e+02;4.372774196547274395e-02
1.130000000000000142e+02;4.393261043080125966e-02
1.135000000000000142e+02;4.408387236591410074e-02
1.140000000000000142e+02;4.416740280958153519e-02
1.145000000000000142e+02;4.417538224472244979e-02
1.150000000000000142e+02;4.410692781139093077e-02
1.155000000000000142e+02;4.396821591857905109e-02
1.160000000000000142e+02;4.377207258998516703e-02
1.165000000000000142e+02;4.353700156347392602e-02
1.170000000000000142e+02;4.328564000019280433e-02
1.175000000000000142e+02;4.304269015674812293e-02
1.180000000000000142e+02;4.283246901466934708e-02
1.185000000000000142e+02;4.267632407007626583e-02
1.190000000000000142e+02;4.259024559198777704e-02
1.195000000000000142e+02;4.258302638613722241e-02
1.200000000000000142e+02;4.265525878265812032e-02
1.205000000000000142e+02;4.279932320138576246e-02
1.210000000000000142e+02;4.300034921097767304e-02
1.215000000000000142e+02;4.323796821953065223e-02
1.220000000000000142e+02;4.348856984947236520e-02
1.225000000000000142e+02;4.372774196485282316e-02
1.230000000000000142e+02;4.393261043024111051e-02
1.235000000000000142e+02;4.408387236541008725e-02
1.240000000000000142e+02;4.416740280912614947e-02
1.245000000000000142e+02;4.417538224430506144e-02
1.250000000000000142e+02;4.410692781101024224e-02
1.255000000000000142e+02;4.396821591823506237e-02
1.260000000000000142e+02;4.377207258967117515e-02
1.265000000000000142e+02;4.353700156318815462e-02
1.270000000000000142e+02;4.328563999992412342e-02
1.275000000000000142e+02;4.304269015650420693e-02
1.280000000000000284e+02;4.283246901444261873e-02
1.285000000000000284e+02;4.267632406986376914e-02
1.290000000000000284e+02;4.259024559179700603e-02
1.295000000000000284e+02;4.258302638596375700e-02
1.300000000000000284e+02;4.265525878249742248e-02
1.305000000000000284e+02;4.279932320124624906e-02
1.310000000000000284e+02;4.300034921085009454e-02
1.315000000000000284e+02;4.323796821941181673e-02
1.320000000000000284e+02;4.348856984936584624e-02
1.325000000000000284e+02;4.372774196475645581e-02
1.330000000000000284e+02;4.393261043015146000e-02
1.335000000000000284e+02;4.408387236532160247e-02
1.340000000000000284e+02;4.416740280904687260e-02
1.345000000000000284e+02;4.417538224423431248e-02
1.350000000000000284e+02;4.410692781094893017e-02
1.355000000000000284e+02;4.396821591817484665e-02
1.360000000000000284e+02;4.377207258961253455e-02
1.365000000000000284e+02;4.353700156312888259e-02
1.370000000000000284e+02;4.328563999987647404e-02
1.375000000000000284e+02;4.304269015645096480e-02
1.380000000000000284e+02;4.283246901439761306e-02
1.385000000000000284e+02;4.267632406982039411e-02
1.390000000000000284e+02;4.259024559175975805e-02
1.395000000000000284e+02;4.258302638593226136e-02
1.400000000000000284e+02;4.265525878247443392e-02
1.405000000000000284e+02;4.279932320122225436e-02
1.410000000000000284e+02;4.300034921082843825e-02
1.415000000000000284e+02;4.323796821940105450e-02
1.420000000000000284e+02;4.348856984935713099e-02
1.425000000000000284e+02;4.372774196474998876e-02
1.430000000000000284e+02;4.393261043014234229e-02
1.435000000000000284e+02;4.408387236531844527e-02
1.440000000000000284e+02;4.416740280904240395e-02
1.445000000000000284e+02;4.417538224423159243e-02
1.450000000000000284e+02;4.410692781094616155e-02
1.455000000000000284e+02;4.396821591817414582e-02
1.460000000000000284e+02;4.377207258961715586e-02
1.465000000000000284e+02;4.353700156313386471e-02
1.470000000000000284e+02;4.328563999987869448e-02
1.475000000000000284e+02;4.304269015646022822e-02
1.480000000000000284e+02;4.283246901440204701e-02
1.485000000000000284e+02;4.267632406982661136e-02
1.490000000000000284e+02;4.259024559175652452e-02
1.495000000000000284e+02;4.258302638592765393e-02
1.500000000000000284e+02;4.265525878246361619e-02
1.505000000000000284e+02;4.279932320120950068e-02
1.510000000000000284e+02;4.300034921081580253e-02
1.515000000000000284e+02;4.323796821938297175e-02
1.520000000000000284e+02;4.348856984933614778e-02
1.525000000000000284e+02;4.372774196473244029e-02
1.530000000000000284e+02;4.393261043013023393e-02
1.535000000000000284e+02;4.408387236530349196e-02
1.540000000000000284e+02;4.416740280902916455e-02
1.545000000000000284e+02;4.417538224422139920e-02
1.550000000000000284e+02;4.410692781092418607e-02
1.555000000000000284e+02;4.396821591815404384e-02
1.560000000000000284e+02;4.377207258959657510e-02
1.565000000000000284e+02;4.353700156311807873e-02
1.570000000000000284e+02;4.328563999986718980e-02
1.575000000000000284e+02;4.304269015644858476e-02
1.580000000000000284e+02;4.283246901439383830e-02
1.585000000000000284e+02;4.267632406981879123e-02
1.590000000000000284e+02;4.259024559175934171e-02
1.595000000000000284e+02;4.258302638592772332e-02
1.600000000000000284e+02;4.265525878246384517e-02
1.605000000000000284e+02;4.279932320121482281e-02
1.610000000000000284e+02;4.300034921082170752e-02
1.615000000000000284e+02;4.323796821938852286e-02
1.620000000000000284e+02;4.348856984934682673e-02
1.625000000000000284e+02;4.372774196473994818e-02
1.630000000000000284e+02;4.393261043013602790e-02
1.635000000000000284e+02;4.408387236530428299e-02
1.640000000000000284e+02;4.416740280902912985e-02
1.645000000000000284e+02;4.417538224421762444e-02
1.650000000000000284e+02;4.410692781092511588e-02
1.655000000000000284e+02;4.396821591815754798e-02
1.660000000000000284e+02;4.377207258960048863e-02
1.665000000000000284e+02;4.353700156311773178e-02
1.670000000000000284e+02;4.328563999986479588e-02
1.675000000000000284e+02;4.304269015644849455e-02
1.680000000000000284e+02;4.283246901439207582e-02
1.685000000000000284e+02;4.267632406981522464e-02
1.690000000000000284e+02;4.259024559175125790e-02
1.695000000000000284e+02;4.258302638592020850e-02
1.700000000000000284e+02;4.265525878245968877e-02
1.705000000000000284e+02;4.279932320121160316e-02
1.710000000000000284e+02;4.300034921082433736e-02
1.715000000000000284e+02;4.323796821938982737e-02
1.720000000000000284e+02;4.348856984934523079e-02
1.725000000000000284e+02;4.372774196474105840e-02
1.730000000000000284e+02;4.393261043013940714e-02
1.735000000000000284e+02;4.408387236530979941e-02
1.740000000000000284e+02;4.416740280903749122e-02
1.745000000000000284e+02;4.417538224422472987e-02
1.750000000000000284e+02;4.410692781093095843e-02
1.755000000000000284e+02;4.396821591815831126e-02
1.760000000000000284e+02;4.377207258960477687e-02
1.765000000000000284e+02;4.353700156312898667e-02
1.770000000000000284e+02;4.328563999987633526e-02
1.775000000000000284e+02;4.304269015645753593e-02
1.780000000000000284e+02;4.283246901440239396e-02
1.785000000000000284e+02;4.267632406982860283e-02
1.790000000000000284e+02;4.259024559176725205e-02
1.795000000000000284e+02;4.258302638593663286e-02
1.800000000000000284e+02;4.265525878247436453e-02
1.805000000000000284e+02;4.279932320122770140e-02
1.810000000000000284e+02;4.300034921083123463e-02
1.815000000000000284e+02;4.323796821940240759e-02
1.820000000000000284e+02;4.348856984935626363e-02
1.825000000000000284e+02;4.372774196475057856e-02
1.830000000000000284e+02;4.393261043014486805e-02
1.835000000000000284e+02;4.408387236531929876e-02
1.840000000000000284e+02;4.416740280903893451e-02
1.845000000000000284e+02;4.417538224422661031e-02
1.850000000000000284e+02;4.410692781093436543e-02
1.855000000000000284e+02;4.396821591816572894e-02
1.860000000000000284e+02;4.377207258960175151e-02
1.865000000000000284e+02;4.353700156312315800e-02
1.870000000000000284e+02;4.328563999986764083e-02
1.875000000000000284e+02;4.304269015644811985e-02
1.880000000000000284e+02;4.283246901439237420e-02
1.885000000000000284e+02;4.267632406982197618e-02
1.890000000000000284e+02;4.259024559175928620e-02
1.895000000000000284e+02;4.258302638592767475e-02
1.900000000000000284e+02;4.265525878245968877e-02
1.905000000000000284e+02;4.279932320121155459e-02
1.910000000000000284e+02;4.300034921081737765e-02
1.915000000000000284e+02;4.323796821939109719e-02
1.920000000000000284e+02;4.348856984934597325e-02
1.925000000000000284e+02;4.372774196473758895e-02
1.930000000000000284e+02;4.393261043013464706e-02
1.935000000000000284e+02;4.408387236530542791e-02
1.940000000000000284e+02;4.416740280903021926e-02
1.945000000000000284e+02;4.417538224421590359e-02
1.950000000000000284e+02;4.410692781092909881e-02
1.955000000000000284e+02;4.396821591815675695e-02
1.960000000000000284e+02;4.377207258959969760e-02
1.965000000000000284e+02;4.353700156312342862e-02
1.970000000000000284e+02;4.328563999986935473e-02
1.975000000000000284e+02;4.304269015644968804e-02
1.980000000000000284e+02;4.283246901438805820e-02
1.985000000000000284e+02;4.267632406981378829e-02
1.990000000000000284e+02;4.259024559175181995e-02
1.995000000000000284e+02;4.258302638591930644e-02
2.000000000000000284e+02;4.265525878245991775e-02
